0.146795	0.500680
-0.521459	-0.279945
0.100097	0.395784
-0.370938	-0.239052
-0.199276	-0.079179
-0.086875	0.077021
-0.452793	-0.272876
0.192467	0.637217
-0.510395	-0.280426
0.041015	0.283659
-0.318401	-0.203568
-0.258143	-0.147777
-0.024683	0.172828
-0.486046	-0.279088
0.214372	0.737613
-0.487831	-0.279341
-0.020743	0.179423
-0.261810	-0.151970
-0.314926	-0.200548
0.037169	0.276551
-0.509301	-0.280359
0.194794	0.646169
-0.455151	-0.273618
-0.082970	0.083020
-0.203032	-0.084318
-0.367771	-0.237066
0.096484	0.388253
-0.521112	-0.279951
0.150036	0.509077
-0.414325	-0.260200
-0.144148	-0.005563
-0.143079	-0.004195
-0.415107	-0.260387
0.150935	0.511154
-0.521006	-0.279980
0.095470	0.386291
-0.366882	-0.236746
-0.204081	-0.085332
-0.081878	0.084429
-0.455805	-0.273577
0.195428	0.648446
-0.508987	-0.280435
0.036092	0.274802
-0.313951	-0.199886
-0.262834	-0.152805
-0.019642	0.181036
-0.488323	-0.279338
0.214338	0.737411
-0.485540	-0.279088
-0.025785	0.171448
-0.257117	-0.146926
-0.319370	-0.204025
0.042088	0.285168
-0.510693	-0.280353
0.191800	0.634920
-0.452128	-0.272797
-0.087966	0.075612
-0.198225	-0.078153
-0.371819	-0.239527
0.101104	0.397721
-0.521548	-0.279921
0.145882	0.498552
-0.410720	-0.258722
-0.149036	-0.012278
-0.138181	0.002558
-0.418660	-0.261799
0.155017	0.521887
-0.520475	-0.280020
0.090813	0.377095
-0.362790	-0.234379
-0.208880	-0.091193
-0.076873	0.092078
-0.458764	-0.274344
0.198233	0.659629
-0.507503	-0.280437
0.031152	0.266343
-0.309475	-0.196323
-0.267510	-0.157544
-0.014603	0.189216
-0.490534	-0.279561
0.213991	0.735377
-0.483182	-0.278807
-0.030829	0.163448
-0.252411	-0.142016
-0.323787	-0.207619
0.046989	0.293951
-0.512009	-0.280341
0.188663	0.623510
-0.449052	-0.272043
-0.092953	0.068207
-0.193410	-0.071926
-0.375830	-0.241758
0.105691	0.407264
-0.521905	-0.279896
0.141674	0.488141
-0.407072	-0.257188
-0.153916	-0.019192
-0.133274	0.009578
-0.422170	-0.263154
0.159034	0.532510
-0.519866	-0.280066
0.086127	0.367787
-0.358662	-0.231778
-0.213672	-0.097214
-0.071860	0.099483
-0.461668	-0.274957
0.200867	0.670640
-0.505945	-0.280432
0.026198	0.257599
-0.304974	-0.192492
-0.272171	-0.162205
-0.009569	0.197366
-0.492677	-0.279685
0.213337	0.731579
-0.480760	-0.278496
-0.035873	0.155426
-0.247693	-0.136816
-0.328177	-0.210765
0.051872	0.302892
-0.513249	-0.280325
0.185396	0.612149
-0.445926	-0.271124
-0.097932	0.060807
-0.188590	-0.065868
-0.379804	-0.243928
0.110246	0.416874
-0.522185	-0.279877
0.137414	0.477867
-0.403383	-0.255597
-0.158788	-0.025833
-0.128359	0.016625
-0.425635	-0.264454
0.162982	0.543336
-0.519179	-0.280116
0.081413	0.358584
-0.354500	-0.229285
-0.218456	-0.102942
-0.066842	0.107124
-0.464518	-0.275633
0.203316	0.681255
-0.504312	-0.280419
0.021229	0.249034
-0.300450	-0.188585
-0.276817	-0.166788
-0.004540	0.205720
-0.494751	-0.279863
0.212385	0.726207
-0.478275	-0.278155
-0.040916	0.147383
-0.242964	-0.131538
-0.332537	-0.214029
0.056734	0.311761
-0.514412	-0.280305
0.182008	0.600785
-0.442750	-0.270153
-0.102903	0.053655
-0.183762	-0.059525
-0.383739	-0.245877
0.114765	0.426540
-0.522386	-0.279864
0.133106	0.467752
-0.399652	-0.253950
-0.163652	-0.032433
-0.123435	0.023458
-0.429054	-0.265699
0.166857	0.554326
-0.518415	-0.280142
0.076672	0.349279
-0.350303	-0.226554
-0.223233	-0.108601
-0.061817	0.114759
-0.467311	-0.276162
0.205564	0.691519
-0.502605	-0.280334
0.016247	0.240653
-0.295903	-0.184603
-0.281446	-0.171088
0.000483	0.213804
-0.496756	-0.280021
0.211148	0.719476
-0.475728	-0.277781
-0.045957	0.139561
-0.238224	-0.126183
-0.336868	-0.217223
0.061574	0.320556
-0.515498	-0.280245
0.178510	0.589485
-0.439525	-0.269255
-0.107864	0.046273
-0.178927	-0.053126
-0.387636	-0.247926
0.119248	0.436251
-0.522509	-0.279856
0.128752	0.457817
-0.395880	-0.252092
-0.168509	-0.038988
-0.118501	0.030550
-0.432429	-0.266759
0.170652	0.565285
-0.517572	-0.280199
0.071905	0.340311
-0.346073	-0.223758
-0.228001	-0.114190
-0.056787	0.122625
-0.470046	-0.276653
0.207595	0.701257
-0.500826	-0.280298
0.011253	0.232226
-0.291335	-0.180545
-0.286056	-0.175515
0.005497	0.222321
-0.498690	-0.280090
0.209641	0.711573
-0.473120	-0.277276
-0.050996	0.131724
-0.233475	-0.120972
-0.341167	-0.220165
0.066393	0.329714
-0.516507	-0.280221
0.174909	0.578315
-0.436251	-0.268181
-0.112817	0.039144
-0.174086	-0.046674
-0.391493	-0.249915
0.123692	0.445997
-0.522554	-0.279855
0.124355	0.447694
-0.392069	-0.250329
-0.173359	-0.045497
-0.113559	0.037901
-0.435756	-0.267897
0.174360	0.576485
-0.516652	-0.280225
0.067114	0.331253
-0.341810	-0.220895
-0.232761	-0.119925
-0.051752	0.130238
-0.472723	-0.277204
0.209392	0.710219
-0.498974	-0.280182
0.006249	0.223756
-0.286746	-0.176412
-0.290648	-0.179663
0.010503	0.230564
-0.500552	-0.280211
0.207880	0.702677
-0.470452	-0.276831
-0.056032	0.123871
-0.228716	-0.115249
-0.345435	-0.223041
0.071188	0.338568
-0.517439	-0.280164
0.171214	0.567180
-0.432931	-0.267054
-0.117760	0.032030
-0.169237	-0.040173
-0.395311	-0.251688
0.128095	0.455959
-0.522521	-0.279859
0.119917	0.437976
-0.388217	-0.248351
-0.178201	-0.051957
-0.108608	0.045027
-0.439037	-0.268981
0.177976	0.587724
-0.515655	-0.280286
0.062299	0.322109
-0.337515	-0.217783
-0.237512	-0.125367
-0.046713	0.138079
-0.475341	-0.277619
0.210938	0.718289
-0.497050	-0.280118
0.001235	0.215480
-0.282138	-0.171999
-0.295219	-0.183933
0.015498	0.238999
-0.502343	-0.280253
0.205883	0.693120
-0.467725	-0.276348
-0.061062	0.116248
-0.223949	-0.109673
-0.349670	-0.225851
0.075958	0.347770
-0.518293	-0.280140
0.167431	0.556124
-0.429564	-0.266004
-0.122695	0.024934
-0.164381	-0.033625
-0.399089	-0.253557
0.132456	0.466117
-0.522410	-0.279870
0.115440	0.428093
-0.384326	-0.246472
-0.183037	-0.058365
-0.103648	0.052167
-0.442269	-0.269888
0.181490	0.598955
-0.514580	-0.280311
0.057461	0.313327
-0.333189	-0.214786
-0.242253	-0.130516
-0.041672	0.146143
-0.477897	-0.278001
0.212217	0.725217
-0.495056	-0.279967
-0.003786	0.207167
-0.277512	-0.167506
-0.299769	-0.187927
0.020482	0.247621
-0.504060	-0.280343
0.203667	0.682939
-0.464940	-0.275828
-0.066088	0.108615
-0.219173	-0.104025
-0.353872	-0.228594
0.080703	0.356876
-0.519070	-0.280088
0.163568	0.545190
-0.426150	-0.264770
-0.127621	0.017859
-0.159518	-0.027032
-0.402826	-0.255215
0.136771	0.476264
-0.522220	-0.279886
0.110926	0.418451
-0.380397	-0.244374
-0.187866	-0.064718
-0.098679	0.059558
-0.445453	-0.270869
0.184895	0.610265
-0.513428	-0.280374
0.052602	0.304470
-0.328833	-0.211535
-0.246984	-0.135807
-0.036629	0.153950
-0.480392	-0.278350
0.213213	0.730850
-0.492993	-0.279794
-0.008814	0.198818
-0.272869	-0.163143
-0.304297	-0.191846
0.025453	0.256195
-0.505704	-0.280361
0.201247	0.672285
-0.462099	-0.275161
-0.071108	0.100975
-0.214390	-0.098308
-0.358040	-0.231272
0.085422	0.366097
-0.519768	-0.280041
0.159631	0.534251
-0.422692	-0.263480
-0.132537	0.010808
-0.154647	-0.020399
-0.406522	-0.256816
0.141038	0.486571
-0.521952	-0.279908
0.106377	0.408864
-0.376429	-0.242215
-0.192688	-0.070785
-0.093701	0.066957
-0.448587	-0.271799
0.188181	0.621716
-0.512200	-0.280394
0.047723	0.295541
-0.324448	-0.208214
-0.251704	-0.141021
-0.031585	0.161976
-0.482823	-0.278668
0.213912	0.734897
-0.490860	-0.279677
-0.013848	0.190673
-0.268210	-0.158495
-0.308801	-0.195494
0.030410	0.264717
-0.507274	-0.280370
0.198640	0.661406
-0.459203	-0.274557
-0.076121	0.093329
-0.209600	-0.092299
-0.362173	-0.233885
0.090112	0.375424
-0.520389	-0.279999
0.155623	0.523504
-0.419190	-0.262135
-0.137445	0.003783
-0.149768	-0.013490
-0.410176	-0.258361
0.145255	0.496838
-0.521606	-0.279935
0.101794	0.399343
-0.372423	-0.239995
-0.197503	-0.077022
-0.088715	0.074361
-0.451670	-0.272561
0.191338	0.633098
-0.510895	-0.280410
0.042825	0.286770
-0.320034	-0.204821
-0.256412	-0.145943
-0.026542	0.169979
-0.485190	-0.278956
0.214306	0.737214
-0.488659	-0.279460
-0.018886	0.182499
-0.263536	-0.153559
-0.313281	-0.199263
0.035352	0.273414
-0.508769	-0.280372
0.195860	0.650348
-0.456252	-0.273800
-0.081127	0.085921
-0.204802	-0.086448
-0.366271	-0.236263
0.094774	0.384640
-0.520931	-0.279961
0.151552	0.512987
-0.415643	-0.260734
-0.142345	-0.002975
-0.144882	-0.006781
-0.413787	-0.259849
0.149416	0.507227
-0.521182	-0.279969
0.097179	0.389897
-0.368381	-0.237713
-0.202311	-0.082971
-0.083720	0.081769
-0.454701	-0.273393
0.194355	0.644336
-0.509515	-0.280420
0.037908	0.278163
-0.315594	-0.201358
-0.261107	-0.151001
-0.021499	0.177958
-0.487492	-0.279216
0.214387	0.737703
-0.486392	-0.279217
-0.023927	0.174295
-0.258848	-0.148755
-0.317735	-0.202767
0.040277	0.282054
-0.510189	-0.280368
0.192920	0.639002
-0.453248	-0.273108
-0.086126	0.078272
-0.199997	-0.080307
-0.370332	-0.238579
0.099405	0.394154
-0.521396	-0.279929
0.147420	0.502379
-0.412054	-0.259277
-0.147236	-0.009938
-0.139987	-0.000040
-0.417356	-0.261281
0.153520	0.517888
-0.520680	-0.280007
0.092533	0.380536
-0.364302	-0.235200
-0.207113	-0.089082
-0.078718	0.089177
-0.457679	-0.274064
0.197219	0.655572
-0.508059	-0.280425
0.032975	0.269496
-0.311127	-0.197629
-0.265788	-0.155768
-0.016460	0.186149
-0.489727	-0.279450
0.214155	0.736337
-0.484058	-0.278947
-0.028970	0.166304
-0.254147	-0.143874
-0.322163	-0.206199
0.045185	0.290860
-0.511533	-0.280357
0.189835	0.627697
-0.450192	-0.272256
-0.091116	0.070866
-0.195185	-0.074330
-0.374357	-0.240834
0.104005	0.403747
-0.521783	-0.279903
0.143231	0.492056
-0.408422	-0.257764
-0.152118	-0.016630
-0.135083	0.006970
-0.420882	-0.262658
0.157561	0.528616
-0.520100	-0.280051
0.087857	0.371057
-0.360188	-0.232793
-0.211907	-0.094903
-0.073708	0.096824
-0.460604	-0.274693
0.199917	0.666578
-0.506528	-0.280422
0.028025	0.260773
-0.306636	-0.194020
-0.270455	-0.160459
-0.011424	0.194310
-0.491895	-0.279659
0.213613	0.733175
-0.481660	-0.278649
-0.034014	0.158290
-0.249433	-0.138702
-0.326563	-0.209559
0.050075	0.299600
-0.512801	-0.280342
0.186614	0.616286
-0.447084	-0.271472
-0.096099	0.063464
-0.190367	-0.068065
-0.378344	-0.243028
0.108572	0.413205
-0.522091	-0.279882
0.138990	0.481683
-0.404747	-0.256194
-0.156993	-0.023286
-0.130171	0.014007
-0.424363	-0.263978
0.161536	0.539388
-0.519442	-0.280076
0.083153	0.361892
-0.356038	-0.230151
-0.216694	-0.100880
-0.068692	0.104468
-0.463474	-0.275386
0.202436	0.677341
-0.504922	-0.280411
0.023061	0.252227
-0.302120	-0.190142
-0.275107	-0.165071
-0.006392	0.202677
-0.493995	-0.279845
0.212770	0.728360
-0.479198	-0.278320
-0.039058	0.150494
-0.244708	-0.133452
-0.330934	-0.212849
0.054944	0.308496
-0.513992	-0.280322
0.183270	0.604977
-0.443926	-0.270520
-0.101072	0.056308
-0.185542	-0.061742
-0.382293	-0.245161
0.113104	0.422927
-0.522321	-0.279867
0.134699	0.471458
-0.401032	-0.254567
-0.161861	-0.029901
-0.125250	0.021070
-0.427799	-0.265243
0.165438	0.550177
-0.518705	-0.280126
0.078422	0.352623
-0.351853	-0.227443
-0.221474	-0.106565
-0.063669	0.112105
-0.466288	-0.275931
0.204760	0.687807
-0.503243	-0.280391
0.018084	0.243630
-0.297581	-0.186189
-0.279742	-0.169604
-0.001367	0.210773
-0.496025	-0.279937
0.211636	0.722071
-0.476674	-0.277866
-0.044100	0.142439
-0.239972	-0.128342
-0.335275	-0.216069
0.059793	0.317318
-0.515107	-0.280261
0.179811	0.593714
-0.440719	-0.269641
-0.106037	0.048922
-0.180710	-0.055593
-0.386204	-0.247232
0.117600	0.432696
-0.522473	-0.279858
0.130362	0.461404
-0.397275	-0.252732
-0.166720	-0.036473
-0.120320	0.027916
-0.431191	-0.266322
0.169263	0.561268
-0.517892	-0.280181
0.073665	0.343471
-0.347635	-0.224670
-0.226245	-0.112180
-0.058641	0.119734
-0.469045	-0.276537
0.206873	0.697726
-0.501490	-0.280297
0.013094	0.235219
-0.293021	-0.182160
-0.284359	-0.173856
0.003650	0.219070
-0.497985	-0.280082
0.210226	0.714584
-0.474088	-0.277469
-0.049140	0.134607
-0.235226	-0.122941
-0.339586	-0.219036
0.064620	0.326286
-0.516144	-0.280238
0.176247	0.582414
-0.437463	-0.268587
-0.110993	0.041788
-0.175871	-0.049161
-0.390076	-0.249242
0.122059	0.442503
-0.522547	-0.279855
0.125980	0.451349
-0.393478	-0.250989
-0.171572	-0.043000
-0.115381	0.035259
-0.434535	-0.267480
0.173004	0.572305
-0.517000	-0.280241
0.068882	0.334445
-0.343384	-0.221830
-0.231008	-0.117723
-0.053608	0.127592
-0.471744	-0.277003
0.208758	0.707010
-0.499665	-0.280253
0.008094	0.226764
-0.288439	-0.177854
-0.288958	-0.178233
0.008659	0.227562
-0.499874	-0.280209
0.208557	0.706044
-0.471442	-0.277038
-0.054177	0.126760
-0.230471	-0.117465
-0.343866	-0.222116
0.069424	0.335391
-0.517105	-0.280181
0.172586	0.571276
-0.434160	-0.267479
-0.115940	0.034668
-0.171025	-0.042678
-0.393909	-0.251037
0.126477	0.452335
-0.522542	-0.279857
0.121557	0.441498
-0.389641	-0.249034
-0.176418	-0.049479
-0.110434	0.042381
-0.437834	-0.268584
0.176655	0.583552
-0.516031	-0.280268
0.064076	0.325552
-0.339101	-0.218924
-0.235763	-0.123192
-0.048571	0.135198
-0.474383	-0.277432
0.210399	0.715408
-0.497767	-0.280127
0.003084	0.218503
-0.283839	-0.173671
-0.293537	-0.182332
0.013659	0.236013
-0.501692	-0.280254
0.206645	0.696701
-0.468736	-0.276570
-0.059209	0.119141
-0.225707	-0.111916
-0.348113	-0.224949
0.074203	0.344407
-0.517987	-0.280156
0.168835	0.560203
-0.430810	-0.266449
-0.120878	0.027566
-0.166171	-0.036148
-0.397701	-0.252775
0.130854	0.462372
-0.522460	-0.279866
0.117094	0.431675
-0.385764	-0.247176
-0.181256	-0.055907
-0.105477	0.049516
-0.441084	-0.269634
0.180207	0.594807
-0.514985	-0.280293
0.059246	0.316577
-0.334786	-0.215951
-0.240507	-0.128587
-0.043530	0.143028
-0.476962	-0.277827
0.211778	0.722840
-0.495799	-0.280053
-0.001935	0.210203
-0.279219	-0.169209
-0.298095	-0.186355
0.018647	0.244419
-0.503436	-0.280287
0.204508	0.686748
-0.465973	-0.275962
-0.064237	0.111511
-0.220934	-0.106074
-0.352328	-0.227716
0.078958	0.353549
-0.518793	-0.280103
0.165001	0.549237
-0.427413	-0.265235
-0.125807	0.020482
-0.161311	-0.029571
-0.401454	-0.254606
0.135186	0.472406
-0.522299	-0.279880
0.112594	0.421889
-0.381849	-0.245099
-0.186087	-0.062281
-0.100511	0.056903
-0.444285	-0.270511
0.183654	0.606160
-0.513862	-0.280356
0.054395	0.307748
-0.330441	-0.212727
-0.245242	-0.133906
-0.038488	0.151082
-0.479480	-0.278189
0.212880	0.728953
-0.493761	-0.279890
-0.006961	0.201867
-0.274582	-0.164667
-0.302631	-0.190302
0.023623	0.253011
-0.505107	-0.280369
0.202161	0.676270
-0.463153	-0.275415
-0.069259	0.103873
-0.216154	-0.100382
-0.356508	-0.230243
0.083686	0.362593
-0.519520	-0.280055
0.161090	0.538254
-0.423972	-0.263966
-0.130726	0.013422
-0.156443	-0.022718
-0.405165	-0.256229
0.139472	0.482611
-0.522060	-0.279900
0.108057	0.412354
-0.377895	-0.242962
-0.190912	-0.068598
-0.095536	0.064059
-0.447438	-0.271459
0.186985	0.617545
-0.512661	-0.280377
0.049523	0.298845
-0.326067	-0.209431
-0.249966	-0.139148
-0.033444	0.159115
-0.481934	-0.278607
0.213690	0.733586
-0.491654	-0.279704
-0.011992	0.193734
-0.269929	-0.160047
-0.307144	-0.194173
0.028585	0.261552
-0.506704	-0.280381
0.199621	0.665516
-0.460276	-0.274827
-0.074275	0.096229
-0.211366	-0.094622
-0.360654	-0.232880
0.088387	0.371962
-0.520169	-0.280011
0.157108	0.527449
-0.420485	-0.262641
-0.135638	0.006387
-0.151567	-0.016059
-0.408834	-0.257794
0.143707	0.492963
-0.521743	-0.279926
0.103487	0.402883
-0.373904	-0.240764
-0.195729	-0.074629
-0.090553	0.071461
-0.450539	-0.272240
0.190190	0.628893
-0.511385	-0.280394
0.044632	0.290099
-0.321664	-0.206065
-0.254678	-0.144099
-0.028400	0.167127
-0.484325	-0.278905
0.214197	0.736574
-0.489478	-0.279494
-0.017029	0.185571
-0.265260	-0.155349
-0.311633	-0.197970
0.033533	0.270271
-0.508227	-0.280385
0.196903	0.654428
-0.457346	-0.274087
-0.079283	0.088581
-0.206571	-0.088570
-0.364765	-0.235282
0.093059	0.381219
-0.520741	-0.279972
0.153059	0.516862
-0.416955	-0.261261
-0.140540	-0.000382
-0.146683	-0.009363
-0.412461	-0.259304
0.147889	0.503442
-0.521347	-0.279958
0.098883	0.393277
-0.369875	-0.238504
-0.200540	-0.080828
-0.085562	0.078868
-0.453590	-0.273089
0.193260	0.640250
-0.510032	-0.280405
0.039722	0.281287
-0.317233	-0.202627
-0.259378	-0.149185
-0.023357	0.175115
-0.486651	-0.279174
0.214394	0.737740
-0.487235	-0.279260
-0.022069	0.177378
-0.260577	-0.150573
-0.316097	-0.201499
0.038464	0.278932
-0.509675	-0.280382
0.194021	0.643231
-0.454361	-0.273413
-0.084285	0.081173
-0.201768	-0.082679
-0.368840	-0.237790
0.097702	0.390778
-0.521234	-0.279954
0.148949	0.506350
-0.413381	-0.259825
-0.145434	-0.007358
-0.141791	-0.002397
-0.416046	-0.260757
0.152015	0.514023
-0.520874	-0.279995
0.094249	0.383960
-0.365809	-0.236183
-0.205344	-0.086963
-0.080562	0.086517
-0.456588	-0.273778
0.196182	0.651410
-0.508604	-0.280412
0.034794	0.272642
-0.312776	-0.199118
-0.264065	-0.153982
-0.018316	0.183078
-0.488911	-0.279416
0.214277	0.737050
-0.484926	-0.278999
-0.027112	0.169396
-0.255880	-0.145720
-0.320534	-0.204957
0.043379	0.287533
-0.511047	-0.280373
0.190988	0.631926
-0.451324	-0.272579
-0.089278	0.073765
-0.196959	-0.076497
-0.372878	-0.240067
0.102313	0.400212
-0.521649	-0.279924
0.144781	0.495760
-0.409765	-0.258332
-0.150320	-0.014063
-0.136891	0.004365
-0.419588	-0.262153
0.156079	0.524683
-0.520323	-0.280037
0.089584	0.374524
-0.361708	-0.233629
-0.210141	-0.092807
-0.075555	0.093924
-0.459533	-0.274532
0.198943	0.662603
-0.507101	-0.280411
0.029851	0.263939
-0.308294	-0.195343
-0.268737	-0.158701
-0.013279	0.191250
