0.151493	0.620633
-0.527633	-0.244595
0.069904	0.432058
-0.373990	-0.186042
-0.207550	-0.009948
-0.108450	0.131693
-0.449593	-0.228248
0.152737	0.623175
-0.527286	-0.244982
0.068540	0.428353
-0.372426	-0.185471
-0.209241	-0.012900
-0.106367	0.134159
-0.450853	-0.229219
0.154416	0.627056
-0.526816	-0.245335
0.066562	0.423665
-0.370302	-0.184398
-0.211574	-0.016700
-0.103615	0.137559
-0.452539	-0.230320
0.156525	0.632196
-0.526206	-0.245719
0.063950	0.417581
-0.367600	-0.183002
-0.214560	-0.021546
-0.100176	0.141873
-0.454648	-0.231647
0.159048	0.638746
-0.525434	-0.246075
0.060683	0.410503
-0.364297	-0.181285
-0.218213	-0.027173
-0.096034	0.147317
-0.457176	-0.233044
0.161960	0.646681
-0.524473	-0.246472
0.056736	0.402003
-0.360372	-0.178891
-0.222544	-0.033541
-0.091174	0.153872
-0.460112	-0.234481
0.165223	0.656043
-0.523292	-0.246841
0.052086	0.392267
-0.355805	-0.175796
-0.227561	-0.040832
-0.085586	0.161523
-0.463439	-0.236158
0.168776	0.666684
-0.521858	-0.247172
0.046716	0.381479
-0.350582	-0.172328
-0.233262	-0.049004
-0.079272	0.170262
-0.467129	-0.237700
0.172535	0.678596
-0.520134	-0.247491
0.040617	0.369386
-0.344696	-0.168074
-0.239634	-0.057581
-0.072245	0.180331
-0.471144	-0.239425
0.176385	0.691523
-0.518084	-0.247781
0.033795	0.356147
-0.338158	-0.163140
-0.246648	-0.066983
-0.064539	0.191748
-0.475430	-0.240995
0.180176	0.705142
-0.515679	-0.248010
0.026275	0.341906
-0.330994	-0.157422
-0.254254	-0.076769
-0.056211	0.204083
-0.479920	-0.242530
0.183725	0.718677
-0.512894	-0.248065
0.018108	0.326797
-0.323256	-0.150979
-0.262380	-0.086961
-0.047343	0.217633
-0.484535	-0.243865
0.186821	0.731391
-0.509721	-0.248044
0.009370	0.311157
-0.315021	-0.143651
-0.270927	-0.097185
-0.038046	0.232015
-0.489185	-0.245060
0.189241	0.741962
-0.506167	-0.247867
0.000167	0.295088
-0.306389	-0.135448
-0.279776	-0.107529
-0.028454	0.247107
-0.493774	-0.246098
0.190783	0.749025
-0.502261	-0.247496
-0.009367	0.278906
-0.297487	-0.126573
-0.288790	-0.117283
-0.018721	0.263036
-0.498211	-0.246905
0.191301	0.751487
-0.498051	-0.246966
-0.019081	0.262692
-0.288456	-0.117238
-0.297819	-0.126812
-0.009011	0.279248
-0.502411	-0.247436
0.190744	0.748874
-0.493607	-0.246155
-0.028812	0.246756
-0.279446	-0.107261
-0.306713	-0.135483
0.000514	0.295434
-0.506305	-0.247810
0.189166	0.741664
-0.489014	-0.245108
-0.038395	0.231650
-0.270606	-0.097105
-0.315332	-0.143691
0.009701	0.311511
-0.509845	-0.247994
0.186717	0.731008
-0.484364	-0.243900
-0.047679	0.217249
-0.262072	-0.086856
-0.323551	-0.151030
0.018420	0.327165
-0.513004	-0.248024
0.183601	0.718320
-0.479752	-0.242549
-0.056528	0.203912
-0.253964	-0.076634
-0.331269	-0.157489
0.026565	0.342292
-0.515774	-0.247925
0.180040	0.704704
-0.475267	-0.240992
-0.064835	0.191552
-0.246378	-0.066817
-0.338410	-0.163227
0.034060	0.356333
-0.518166	-0.247710
0.176243	0.691198
-0.470990	-0.239399
-0.072517	0.180343
-0.239387	-0.057601
-0.344925	-0.168183
0.040855	0.369597
-0.520203	-0.247433
0.172394	0.678219
-0.466987	-0.237760
-0.079518	0.170245
-0.233039	-0.048771
-0.350786	-0.172279
0.046927	0.381714
-0.521916	-0.247126
0.168641	0.666370
-0.463309	-0.236196
-0.085805	0.161477
-0.227363	-0.040788
-0.355985	-0.175775
0.052271	0.392527
-0.523340	-0.246768
0.165097	0.655807
-0.459996	-0.234612
-0.091366	0.153796
-0.222372	-0.033465
-0.360528	-0.178720
0.056894	0.402078
-0.524512	-0.246411
0.161846	0.646537
-0.457075	-0.233033
-0.096199	0.147212
-0.218066	-0.027066
-0.364430	-0.181143
0.060816	0.410604
-0.525465	-0.246059
0.158948	0.638704
-0.454563	-0.231734
-0.100315	0.141976
-0.214438	-0.021635
-0.367710	-0.182889
0.064058	0.417707
-0.526231	-0.245679
0.156440	0.632132
-0.452469	-0.230384
-0.103728	0.137634
-0.211476	-0.016762
-0.370391	-0.184313
0.066646	0.423611
-0.526836	-0.245303
0.154347	0.626970
-0.450799	-0.229386
-0.106456	0.134207
-0.209168	-0.012933
-0.372493	-0.185240
0.068601	0.428324
-0.527301	-0.244928
0.152683	0.623204
-0.449554	-0.228394
-0.108514	0.131952
-0.207500	-0.009956
-0.374037	-0.185838
0.069943	0.431851
-0.527644	-0.244548
0.151456	0.620780
-0.448736	-0.227554
-0.109918	0.130647
-0.206463	-0.007852
-0.375036	-0.185930
0.070686	0.434196
-0.527877	-0.244189
0.150667	0.619615
-0.448342	-0.227008
-0.110678	0.130308
-0.206049	-0.006640
-0.375502	-0.185850
0.070839	0.435361
-0.528006	-0.243816
0.150317	0.619599
-0.448374	-0.226511
-0.110800	0.130943
-0.206256	-0.006099
-0.375438	-0.185251
0.070405	0.435547
-0.528036	-0.243454
0.150403	0.621013
-0.448831	-0.226191
-0.110286	0.132556
-0.207084	-0.006458
-0.374844	-0.184128
0.069381	0.434350
-0.527962	-0.243074
0.150920	0.623565
-0.449715	-0.226167
-0.109132	0.135147
-0.208539	-0.007482
-0.373714	-0.182820
0.067758	0.432172
-0.527780	-0.242672
0.151862	0.627489
-0.451028	-0.226173
-0.107328	0.138710
-0.210630	-0.009612
-0.372035	-0.180981
0.065521	0.428806
-0.527476	-0.242277
0.153220	0.632718
-0.452770	-0.226318
-0.104864	0.143237
-0.213368	-0.012374
-0.369792	-0.178606
0.062652	0.424243
-0.527034	-0.241861
0.154978	0.639157
-0.454940	-0.226701
-0.101725	0.148952
-0.216766	-0.015970
-0.366965	-0.175863
0.059131	0.418472
-0.526432	-0.241426
0.157115	0.647063
-0.457535	-0.227172
-0.097893	0.155605
-0.220837	-0.020596
-0.363532	-0.172567
0.054936	0.411474
-0.525642	-0.240975
0.159598	0.656254
-0.460545	-0.227707
-0.093354	0.163655
-0.225587	-0.025996
-0.359471	-0.168702
0.050047	0.403432
-0.524630	-0.240471
0.162382	0.666626
-0.463954	-0.228400
-0.088098	0.172618
-0.231021	-0.032144
-0.354763	-0.164239
0.044452	0.394101
-0.523361	-0.239951
0.165400	0.678228
-0.467735	-0.229119
-0.082120	0.182959
-0.237129	-0.039018
-0.349395	-0.158957
0.038147	0.383431
-0.521794	-0.239417
0.168565	0.690873
-0.471848	-0.229971
-0.075431	0.194210
-0.243889	-0.046608
-0.343366	-0.153161
0.031144	0.371783
-0.519891	-0.238863
0.171763	0.704150
-0.476241	-0.230745
-0.068057	0.206618
-0.251259	-0.055132
-0.336688	-0.146590
0.023475	0.358866
-0.517614	-0.238274
0.174852	0.717598
-0.480843	-0.231581
-0.060044	0.220210
-0.259178	-0.063958
-0.329396	-0.139141
0.015196	0.345235
-0.514936	-0.237675
0.177665	0.730437
-0.485573	-0.232425
-0.051463	0.234563
-0.267557	-0.073349
-0.321545	-0.131266
0.006390	0.330563
-0.511842	-0.237023
0.180022	0.741803
-0.490337	-0.233340
-0.042412	0.249742
-0.276288	-0.082950
-0.313219	-0.122634
-0.002835	0.315164
-0.508336	-0.236382
0.181743	0.750451
-0.495033	-0.234136
-0.033014	0.265368
-0.285239	-0.092858
-0.304526	-0.113481
-0.012345	0.299352
-0.504443	-0.235675
0.182680	0.755325
-0.499564	-0.234842
-0.023412	0.281314
-0.294266	-0.102774
-0.295594	-0.103844
-0.021989	0.283446
-0.500212	-0.234949
0.182746	0.755662
-0.503839	-0.235645
-0.013762	0.297243
-0.303221	-0.112228
-0.286568	-0.094178
-0.031609	0.267543
-0.495713	-0.234174
0.181933	0.751397
-0.507785	-0.236333
-0.004222	0.313058
-0.311958	-0.121381
-0.277596	-0.084338
-0.041046	0.251747
-0.491035	-0.233317
0.180319	0.743216
-0.511351	-0.237011
0.005054	0.328442
-0.320346	-0.130189
-0.268825	-0.074610
-0.050156	0.236411
-0.486275	-0.232543
0.178045	0.732187
-0.514506	-0.237624
0.013930	0.343303
-0.328272	-0.138215
-0.260386	-0.065104
-0.058813	0.221913
-0.481534	-0.231666
0.175288	0.719418
-0.517245	-0.238239
0.022292	0.357104
-0.335651	-0.145604
-0.252394	-0.056171
-0.066915	0.208418
-0.476907	-0.230803
0.172228	0.706057
-0.519579	-0.238838
0.030055	0.370175
-0.342422	-0.152290
-0.244938	-0.047764
-0.074387	0.195644
-0.472479	-0.229898
0.169037	0.692684
-0.521536	-0.239396
0.037159	0.381963
-0.348548	-0.158373
-0.238085	-0.039855
-0.081179	0.184266
-0.468321	-0.229136
0.165859	0.679956
-0.523150	-0.239933
0.043568	0.392765
-0.354014	-0.163563
-0.231879	-0.032880
-0.087262	0.173797
-0.464489	-0.228398
0.162814	0.668210
-0.524460	-0.240454
0.049268	0.402220
-0.358818	-0.168290
-0.226345	-0.026630
-0.092625	0.164708
-0.461023	-0.227684
0.159991	0.657524
-0.525507	-0.240924
0.054260	0.410589
-0.362974	-0.172233
-0.221494	-0.021124
-0.097269	0.156530
-0.457953	-0.227126
0.157460	0.648216
-0.526328	-0.241380
0.058556	0.417701
-0.366498	-0.175604
-0.217324	-0.016389
-0.101204	0.149747
-0.455296	-0.226628
0.155270	0.640168
-0.526956	-0.241821
0.062175	0.423583
-0.369413	-0.178421
-0.213827	-0.012679
-0.104445	0.143901
-0.453063	-0.226338
0.153454	0.633436
-0.527420	-0.242242
0.065138	0.428459
-0.371741	-0.180869
-0.210993	-0.009799
-0.107007	0.139004
-0.451257	-0.226035
0.152037	0.628029
-0.527743	-0.242642
0.067467	0.431934
-0.373501	-0.182780
-0.208807	-0.007548
-0.108907	0.135305
-0.449882	-0.225991
0.151032	0.623913
-0.527943	-0.243049
0.069180	0.434423
-0.374712	-0.184160
-0.207259	-0.006173
-0.110156	0.132578
-0.448934	-0.226102
0.150452	0.621163
-0.528031	-0.243436
0.070291	0.435727
-0.375384	-0.185184
-0.206339	-0.005916
-0.110765	0.130828
-0.448414	-0.226382
0.150303	0.619547
-0.528017	-0.243803
0.070812	0.435649
-0.375526	-0.185854
-0.206041	-0.006104
-0.110736	0.130057
-0.448320	-0.226711
0.150588	0.619361
-0.527902	-0.244153
0.070745	0.434795
-0.375138	-0.186176
-0.206363	-0.007419
-0.110071	0.130260
-0.448651	-0.227344
0.151312	0.620327
-0.527685	-0.244518
0.070090	0.432559
-0.374218	-0.186155
-0.207308	-0.009399
-0.108762	0.131430
-0.449407	-0.228146
0.152475	0.622695
-0.527359	-0.244902
0.068837	0.429141
-0.372755	-0.185626
-0.208882	-0.012257
-0.106801	0.133554
-0.450589	-0.229103
0.154074	0.626277
-0.526913	-0.245283
0.066973	0.424537
-0.370736	-0.184769
-0.211095	-0.015969
-0.104173	0.136852
-0.452196	-0.230194
0.156105	0.631136
-0.526330	-0.245632
0.064480	0.418949
-0.368142	-0.183414
-0.213960	-0.020506
-0.100862	0.140831
-0.454228	-0.231394
0.158553	0.637430
-0.525589	-0.246016
0.061335	0.411957
-0.364952	-0.181563
-0.217489	-0.026057
-0.096850	0.146181
-0.456679	-0.232794
0.161396	0.645139
-0.524665	-0.246408
0.057515	0.403755
-0.361143	-0.179388
-0.221695	-0.032357
-0.092124	0.152408
-0.459541	-0.234238
0.164598	0.654196
-0.523528	-0.246772
0.052997	0.394111
-0.356696	-0.176519
-0.226585	-0.039364
-0.086670	0.159970
-0.462797	-0.235812
0.168103	0.664702
-0.522143	-0.247140
0.047760	0.383418
-0.351594	-0.173105
-0.232160	-0.047482
-0.080489	0.168621
-0.466423	-0.237484
0.171832	0.676325
-0.520475	-0.247461
0.041796	0.371641
-0.345830	-0.168915
-0.238411	-0.056009
-0.073592	0.178363
-0.470382	-0.239118
0.175675	0.689067
-0.518488	-0.247756
0.035106	0.358731
-0.339410	-0.164058
-0.245310	-0.065363
-0.066008	0.189449
-0.474622	-0.240707
0.179490	0.702626
-0.516150	-0.247942
0.027711	0.344619
-0.332359	-0.158629
-0.252811	-0.075099
-0.057789	0.201679
-0.479081	-0.242258
0.183099	0.716251
-0.513437	-0.248073
0.019658	0.329654
-0.324722	-0.152118
-0.260848	-0.085020
-0.049013	0.214876
-0.483679	-0.243601
0.186295	0.729176
-0.510335	-0.248089
0.011018	0.314179
-0.316571	-0.144944
-0.269326	-0.095389
-0.039785	0.229123
-0.488330	-0.244885
0.188856	0.740237
-0.506850	-0.247968
0.001892	0.298075
-0.308004	-0.136931
-0.278129	-0.105647
-0.030237	0.244290
-0.492937	-0.245906
0.190572	0.748053
-0.503005	-0.247606
-0.007592	0.281883
-0.299141	-0.128284
-0.287124	-0.115498
-0.020518	0.260036
-0.497409	-0.246763
0.191286	0.751415
-0.498846	-0.247022
-0.017285	0.265687
-0.290123	-0.119010
-0.296161	-0.125094
-0.010791	0.276270
-0.501658	-0.247398
0.190926	0.749728
-0.494440	-0.246338
-0.027025	0.249796
-0.281098	-0.109127
-0.305091	-0.133998
-0.001220	0.292449
-0.505613	-0.247777
0.189528	0.743269
-0.489867	-0.245360
-0.036648	0.234297
-0.272215	-0.098881
-0.313771	-0.142204
0.008040	0.308720
-0.509221	-0.248016
0.187225	0.733175
-0.485220	-0.244149
-0.045997	0.219756
-0.263615	-0.088774
-0.322072	-0.149704
0.016854	0.324318
-0.512451	-0.248020
0.184215	0.720733
-0.480594	-0.242804
-0.054936	0.206297
-0.255421	-0.078496
-0.329888	-0.156293
0.025111	0.339591
-0.515293	-0.247944
0.180719	0.707236
-0.476080	-0.241261
-0.063349	0.193595
-0.247733	-0.068630
-0.337140	-0.162134
0.032730	0.353981
-0.517753	-0.247792
0.176952	0.693600
-0.471759	-0.239687
-0.071151	0.182289
-0.240628	-0.059148
-0.343773	-0.167174
0.039657	0.367142
-0.519853	-0.247516
0.173100	0.680550
-0.467701	-0.238068
-0.078281	0.172101
-0.234159	-0.050490
-0.349756	-0.171520
0.045863	0.379579
-0.521623	-0.247206
0.169319	0.668539
-0.463960	-0.236407
-0.084701	0.163007
-0.228358	-0.042232
-0.355077	-0.175251
0.051341	0.390490
-0.523098	-0.246842
0.165730	0.657624
-0.460578	-0.234836
-0.090396	0.155002
-0.223240	-0.034850
-0.359740	-0.178242
0.056096	0.400553
-0.524313	-0.246481
0.162420	0.648176
-0.457583	-0.233385
-0.095363	0.148327
-0.218808	-0.028159
-0.363758	-0.180709
0.060145	0.409166
-0.525305	-0.246124
0.159453	0.639998
-0.454994	-0.231968
-0.099610	0.142760
-0.215056	-0.022428
-0.367151	-0.182670
0.063511	0.416563
-0.526103	-0.245739
0.156871	0.633304
-0.452823	-0.230616
-0.103151	0.138321
-0.211972	-0.017699
-0.369941	-0.184135
0.066217	0.422552
-0.526735	-0.245360
0.154700	0.627867
-0.451075	-0.229484
-0.106004	0.134792
-0.209545	-0.013556
-0.372148	-0.185103
0.068287	0.427553
-0.527225	-0.244982
0.152957	0.623805
-0.449752	-0.228479
-0.108185	0.132432
-0.207760	-0.010485
-0.373794	-0.185745
0.069741	0.431368
-0.527589	-0.244630
0.151649	0.621072
-0.448854	-0.227749
-0.109708	0.130783
-0.206607	-0.008285
-0.374893	-0.186052
0.070594	0.433999
-0.527842	-0.244269
0.150780	0.619726
-0.448383	-0.227058
-0.110586	0.130334
-0.206079	-0.006746
-0.375456	-0.185846
0.070855	0.435248
-0.527990	-0.243896
0.150349	0.619526
-0.448336	-0.226542
-0.110826	0.130857
-0.206171	-0.006105
-0.375490	-0.185294
0.070529	0.435519
-0.528038	-0.243535
0.150355	0.620619
-0.448715	-0.226330
-0.110429	0.132122
-0.206884	-0.006365
-0.374994	-0.184389
0.069614	0.434811
-0.527984	-0.243155
0.150793	0.622993
-0.449520	-0.226162
-0.109393	0.134601
-0.208224	-0.007291
-0.373963	-0.183129
0.068102	0.432718
-0.527822	-0.242754
0.151657	0.626612
-0.450754	-0.226154
-0.107710	0.138054
-0.210197	-0.009100
-0.372386	-0.181339
0.065980	0.429438
-0.527542	-0.242361
0.152939	0.631552
-0.452416	-0.226288
-0.105369	0.142473
-0.212815	-0.011771
-0.370249	-0.179186
0.063229	0.425166
-0.527127	-0.241946
0.154625	0.637853
-0.454508	-0.226665
-0.102355	0.147846
-0.216090	-0.015281
-0.367531	-0.176493
0.059830	0.419689
-0.526556	-0.241511
0.156694	0.645518
-0.457025	-0.227013
-0.098652	0.154395
-0.220036	-0.019601
-0.364211	-0.173250
0.055760	0.412990
-0.525803	-0.241059
0.159117	0.654383
-0.459960	-0.227551
-0.094244	0.162108
-0.224661	-0.024925
-0.360267	-0.169440
0.051001	0.405044
-0.524835	-0.240553
0.161849	0.664597
-0.463297	-0.228252
-0.089120	0.170972
-0.229969	-0.030779
-0.355680	-0.165037
0.045536	0.395816
-0.523616	-0.240074
0.164830	0.675986
-0.467012	-0.228979
-0.083275	0.180979
-0.235954	-0.037586
-0.350434	-0.160006
0.039362	0.385469
-0.522107	-0.239540
0.167976	0.688499
-0.471068	-0.229728
-0.076716	0.192129
-0.242596	-0.045108
-0.344526	-0.154290
0.032486	0.373944
-0.520268	-0.238987
0.171177	0.701649
-0.475413	-0.230615
-0.069465	0.204199
-0.249858	-0.053346
-0.337966	-0.147815
0.024936	0.361382
-0.518063	-0.238402
0.174298	0.715108
-0.479983	-0.231448
-0.061565	0.217681
-0.257681	-0.062313
-0.330783	-0.140672
0.016764	0.347688
-0.515460	-0.237755
0.177176	0.728179
-0.484697	-0.232277
-0.053082	0.231914
-0.265983	-0.071619
-0.323030	-0.132743
0.008047	0.333192
-0.512443	-0.237119
0.179630	0.739887
-0.489461	-0.233166
-0.044110	0.246728
-0.274658	-0.081330
-0.314784	-0.124277
-0.001110	0.317995
-0.509012	-0.236442
0.181481	0.749108
-0.494177	-0.233921
-0.034766	0.262434
-0.283579	-0.091116
-0.306149	-0.115121
-0.010578	0.302412
-0.505187	-0.235783
0.182571	0.754760
-0.498746	-0.234736
-0.025190	0.278440
-0.292604	-0.100889
-0.297251	-0.105714
-0.020210	0.286307
-0.501014	-0.235052
0.182801	0.755954
-0.503074	-0.235465
-0.015536	0.294404
-0.301584	-0.110583
-0.288231	-0.095897
-0.029846	0.270454
-0.496558	-0.234292
0.182146	0.752506
-0.507086	-0.236214
-0.005964	0.310229
-0.310371	-0.119742
-0.279238	-0.086137
-0.039328	0.254501
-0.491906	-0.233474
0.180671	0.744993
-0.510724	-0.236862
0.003371	0.325823
-0.318832	-0.128529
-0.270419	-0.076302
-0.048508	0.239259
-0.487154	-0.232667
0.178506	0.734376
-0.513956	-0.237500
0.012330	0.340647
-0.326851	-0.136898
-0.261910	-0.066919
-0.057257	0.224636
-0.482402	-0.231770
0.175824	0.721899
-0.516771	-0.238128
0.020794	0.354611
-0.334336	-0.144408
-0.253828	-0.057692
-0.065468	0.210795
-0.477747	-0.230899
0.172807	0.708518
-0.519179	-0.238731
0.028673	0.367826
-0.341222	-0.151194
-0.246268	-0.049213
-0.073060	0.197916
-0.473277	-0.230103
0.169628	0.695149
-0.521202	-0.239290
0.035901	0.379957
-0.347469	-0.157360
-0.239300	-0.041236
-0.079980	0.186201
-0.469064	-0.229237
0.166438	0.682219
-0.522876	-0.239826
0.042440	0.390873
-0.353057	-0.162805
-0.232972	-0.033972
-0.086195	0.175634
-0.465168	-0.228506
0.163360	0.670282
-0.524240	-0.240346
0.048271	0.400644
-0.357982	-0.167413
-0.227314	-0.027651
-0.091691	0.166209
-0.461632	-0.227799
0.160491	0.659454
-0.525332	-0.240853
0.053393	0.409111
-0.362256	-0.171592
-0.222336	-0.022071
-0.096467	0.157931
-0.458488	-0.227245
