-0.360263	0.565580
0.395466	0.732421
-0.029347	0.032563
-0.421154	0.942170
0.317037	0.420115
-0.143982	0.104734
-0.402764	1.588477
0.216948	0.202124
-0.252429	0.266889
0.427021	1.310794
0.105642	0.069541
-0.346568	0.514382
0.405490	0.796584
-0.009797	0.029772
-0.414091	0.866822
0.332138	0.465594
-0.124901	0.085816
-0.418642	1.438245
0.234877	0.232692
0.000193	-2.557153
-0.234876	0.233561
0.418845	1.437012
0.124868	0.085625
-0.332098	0.466701
0.414112	0.866360
0.009761	0.029757
-0.405393	0.797808
0.346565	0.513955
-0.105676	0.069704
-0.426840	1.312038
0.252436	0.265971
-0.216973	0.202434
0.402990	1.587266
0.143961	0.104164
-0.317004	0.421190
0.421274	0.940927
0.029315	0.032442
-0.395453	0.732876
0.360321	0.564422
-0.086337	0.056388
-0.429932	1.202579
0.269581	0.301895
-0.198739	0.174126
0.373235	1.778824
0.162883	0.125403
-0.301327	0.377954
0.426634	1.021745
0.048840	0.037909
-0.384374	0.672077
0.373242	0.618368
-0.066915	0.045661
-0.429435	1.104994
0.286302	0.339758
-0.180250	0.147787
-0.313164	2.043653
0.305147	2.072307
0.181598	0.149292
-0.285074	0.337720
0.429773	1.110247
0.068321	0.046095
-0.372253	0.615438
0.385256	0.675769
-0.047431	0.037598
-0.426216	1.016474
0.302490	0.380688
-0.161521	0.124030
-0.375916	1.763774
0.200090	0.175280
-0.268328	0.299917
0.430064	1.208581
0.087739	0.056942
-0.359293	0.561514
0.396288	0.736587
-0.027905	0.032257
-0.420688	0.936429
0.318177	0.423315
-0.142577	0.103282
-0.404313	1.576205
0.218288	0.204168
-0.251160	0.264065
0.426603	1.319544
0.107066	0.070639
-0.345501	0.511076
0.406178	0.801530
-0.008353	0.029675
-0.413463	0.861862
0.333242	0.468854
-0.123485	0.084543
-0.419500	1.428050
0.236172	0.235391
-0.022988	-2.554552
-0.233579	0.230870
0.417974	1.447196
0.126283	0.086909
-0.331038	0.462755
0.414735	0.871320
0.011205	0.029868
-0.404702	0.792862
0.347630	0.517263
-0.104251	0.068617
-0.427248	1.303282
0.253704	0.268802
-0.215631	0.200398
0.401421	1.599516
0.145365	0.105623
-0.315861	0.417992
0.421736	0.946669
0.030757	0.032757
-0.394628	0.728711
0.361288	0.568491
-0.084906	0.055493
-0.430077	1.194542
0.270820	0.304843
-0.197396	0.171752
0.370083	1.795710
0.164274	0.127028
-0.300111	0.375476
0.426913	1.028263
0.050280	0.038429
-0.383497	0.667937
0.374161	0.622479
-0.065479	0.044963
-0.429347	1.097706
0.287509	0.342806
-0.178872	0.146025
-0.320545	2.016173
0.295644	2.104711
0.182974	0.151074
-0.283862	0.334684
0.429846	1.117531
0.069757	0.046817
-0.371326	0.611331
0.386126	0.679913
-0.045991	0.037103
-0.425823	1.010736
0.303664	0.383822
-0.160128	0.122426
-0.378817	1.747491
0.201431	0.177677
-0.267085	0.296983
0.429902	1.216611
0.089169	0.057861
-0.358264	0.558171
0.397032	0.741512
-0.026462	0.031968
-0.420216	0.930688
0.319273	0.427191
-0.141172	0.101843
-0.405842	1.563908
0.219627	0.206220
-0.249861	0.261816
0.426173	1.328287
0.108489	0.071752
-0.344482	0.507069
0.406861	0.806478
-0.006909	0.029593
-0.412830	0.856903
0.334295	0.472809
-0.122069	0.083284
-0.420342	1.417843
0.237489	0.237558
-0.046633	-2.546449
-0.232257	0.228725
0.417088	1.457368
0.127697	0.088206
-0.329930	0.459502
0.415267	0.877054
0.012652	0.029962
-0.404006	0.787918
0.348640	0.521283
-0.102827	0.067544
-0.427645	1.294520
0.254997	0.271070
-0.214308	0.197869
0.399670	1.612500
0.146768	0.107094
-0.314716	0.414800
0.422191	0.952410
0.032200	0.033087
-0.393872	0.723791
0.362252	0.572563
-0.083474	0.054612
-0.430092	1.187285
0.272087	0.307198
-0.196033	0.169856
0.366890	1.812518
0.165664	0.128665
-0.298931	0.372357
0.427185	1.034781
0.051719	0.038964
-0.382616	0.663799
0.375078	0.626593
-0.064042	0.044280
-0.429143	1.091200
0.288713	0.345861
-0.177493	0.144274
-0.327214	1.990361
0.284482	2.140814
0.184349	0.152865
-0.282615	0.332275
0.429910	1.124813
0.071192	0.047554
-0.370396	0.607227
0.386924	0.684807
-0.044550	0.036622
-0.425525	1.004216
0.304834	0.386962
-0.158734	0.120833
-0.381334	1.732631
0.202788	0.179611
-0.265811	0.294650
0.429731	1.224638
0.090599	0.058795
-0.357287	0.554112
0.397771	0.746439
-0.025019	0.031693
-0.419738	0.924947
0.320408	0.430402
-0.139776	0.100073
-0.407193	1.552354
0.220944	0.208793
-0.248587	0.259010
0.425732	1.337023
0.109911	0.072878
-0.343409	0.503769
0.407458	0.812194
-0.005465	0.029526
-0.412278	0.851173
0.335393	0.476077
-0.120652	0.082038
-0.421028	1.408401
0.238780	0.240278
-0.071700	-2.531828
-0.230934	0.226588
0.416187	1.467528
0.129110	0.089516
-0.328818	0.456253
0.415881	0.882015
0.014096	0.030100
-0.403305	0.782975
0.349698	0.524597
-0.101401	0.066486
-0.427902	1.286534
0.256261	0.273919
-0.212963	0.195852
0.397895	1.625455
0.148170	0.108578
-0.313568	0.411612
0.422641	0.958151
0.033642	0.033433
-0.393039	0.719629
0.363212	0.576639
-0.082042	0.053746
-0.430100	1.180024
0.273321	0.310162
-0.194670	0.167971
0.363291	1.830697
0.167052	0.130314
-0.297748	0.369245
0.427554	1.040515
0.053159	0.039515
-0.381732	0.659662
0.375990	0.630709
-0.062605	0.043612
-0.428931	1.084693
0.289916	0.348923
-0.176112	0.142534
-0.333194	1.966312
0.270501	2.183230
0.185722	0.154668
-0.281399	0.329252
0.430079	1.131310
0.072627	0.048306
-0.369463	0.603126
0.387786	0.688955
-0.043110	0.036157
-0.425121	0.998477
0.306003	0.390108
-0.157339	0.119253
-0.383992	1.716973
0.204143	0.181555
-0.264564	0.291732
0.429672	1.231877
0.092029	0.059743
-0.356306	0.550057
0.398581	0.750609
-0.023576	0.031435
-0.419255	0.919206
0.321540	0.433617
-0.138369	0.098663
-0.408526	1.540779
0.222279	0.210863
-0.247286	0.256776
0.425279	1.345753
0.111333	0.074018
-0.342384	0.499770
0.408132	0.817145
-0.004022	0.029476
-0.411636	0.846215
0.336488	0.479348
-0.119235	0.080806
-0.421702	1.398950
0.240093	0.242461
-0.099862	-2.507946
-0.229631	0.223928
0.415124	1.478446
0.130523	0.090840
-0.327704	0.453007
0.416401	0.887751
0.015539	0.030254
-0.402599	0.778034
0.350701	0.528625
-0.099975	0.065442
-0.428277	1.277761
0.257550	0.276200
-0.211617	0.193843
0.396096	1.638380
0.149572	0.110075
-0.312417	0.408429
0.423086	0.963892
0.035084	0.033794
-0.392274	0.714714
0.364227	0.579992
-0.080610	0.052894
-0.430216	1.171977
0.274552	0.313133
-0.193305	0.166095
0.359645	1.848778
0.168427	0.132380
-0.296562	0.366138
0.427812	1.047031
0.054598	0.040082
-0.380844	0.655528
0.376836	0.635567
-0.061167	0.042959
-0.428713	1.078183
0.291115	0.351992
-0.174745	0.140384
-0.338894	1.942708
0.251772	2.235653
0.187094	0.156480
-0.280180	0.326237
0.430127	1.138588
0.074062	0.049073
-0.368526	0.599029
0.388576	0.693855
-0.041669	0.035708
-0.424809	0.991956
0.307168	0.393260
-0.155943	0.117684
-0.386274	1.702756
0.205498	0.183507
-0.263314	0.288824
0.429482	1.239896
0.093457	0.060705
-0.355267	0.546722
0.399312	0.755540
-0.022133	0.031192
-0.418766	0.913466
0.322670	0.436837
-0.136961	0.097265
-0.409840	1.529185
0.223613	0.212942
-0.246007	0.253989
0.424679	1.355254
0.112754	0.075172
-0.341305	0.496478
0.408801	0.822097
-0.002575	0.029448
-0.410989	0.841258
0.337532	0.483318
-0.117817	0.079587
-0.422501	1.388711
0.241405	0.244652
-0.135140	-2.466763
-0.228305	0.221808
0.414192	1.488578
0.131934	0.092177
-0.326588	0.449765
0.416916	0.893488
0.016983	0.030424
-0.401890	0.773094
0.351754	0.531946
-0.098543	0.064659
-0.428514	1.269764
0.258810	0.279067
-0.210270	0.191842
0.394273	1.651274
