-0.448211	-0.386754
0.285494	0.672104
-0.450746	-0.386347
-0.363015	-0.405274
-0.489111	-0.377509
-0.322298	-0.426758
-0.471806	-0.381749
-0.419641	-0.392364
-0.403578	-0.395348
-0.479310	-0.379994
-0.301767	-0.453273
-0.486023	-0.378285
-0.381630	-0.400247
-0.437926	-0.388796
-0.459744	-0.384444
-0.347637	-0.411088
-0.490124	-0.377234
-0.338345	-0.415673
-0.464549	-0.383322
-0.431409	-0.390087
-0.389982	-0.398213
-0.483895	-0.378842
-0.292275	-0.479264
-0.285919	-0.517379
-0.482163	-0.379275
-0.395645	-0.397018
-0.426690	-0.390943
-0.467662	-0.382739
-0.331804	-0.419454
-0.489863	-0.377294
-0.354004	-0.408542
-0.456182	-0.385111
-0.442262	-0.387990
-0.375691	-0.401597
-0.487246	-0.377993
-0.308438	-0.442119
-0.477080	-0.380479
-0.408935	-0.394414
-0.414566	-0.393151
-0.474449	-0.381154
-0.315642	-0.433022
-0.488329	-0.377702
-0.369166	-0.403477
-0.446756	-0.387090
0.284507	0.635440
-0.452139	-0.386011
-0.360779	-0.406071
-0.489341	-0.377445
-0.324685	-0.424702
-0.470807	-0.381980
-0.421432	-0.391954
-0.401618	-0.395721
-0.480063	-0.379804
-0.299375	-0.458278
-0.485531	-0.378416
-0.383741	-0.399674
-0.436327	-0.389035
-0.460982	-0.384190
-0.345327	-0.412140
-0.490166	-0.377222
-0.340682	-0.414486
-0.463383	-0.383636
-0.433069	-0.389761
-0.387915	-0.398674
-0.484468	-0.378722
-0.294627	-0.471134
-0.283793	-0.556335
-0.481489	-0.379411
-0.397653	-0.396659
-0.424956	-0.391259
-0.468736	-0.382497
-0.329436	-0.421070
-0.489716	-0.377333
-0.356275	-0.407757
-0.454857	-0.385442
-0.443782	-0.387740
-0.373528	-0.402152
-0.487634	-0.377887
-0.310842	-0.438877
-0.476228	-0.380687
-0.410831	-0.394023
-0.412706	-0.393548
-0.475352	-0.380936
-0.313241	-0.435670
-0.487995	-0.377775
-0.371355	-0.402932
-0.445279	-0.387341
-0.453510	-0.385755
-0.358531	-0.406727
-0.489543	-0.377388
-0.327065	-0.422941
-0.469783	-0.382215
-0.423205	-0.391646
-0.399642	-0.396089
-0.480790	-0.379618
-0.296993	-0.464152
-0.485013	-0.378554
-0.385837	-0.399223
-0.434707	-0.389364
-0.462195	-0.383936
-0.343008	-0.413189
-0.490180	-0.377217
-0.343011	-0.413296
-0.462194	-0.383887
-0.434709	-0.389433
-0.385834	-0.399130
-0.485014	-0.378576
-0.296997	-0.464263
-0.480789	-0.379589
-0.399645	-0.396176
-0.423202	-0.391570
-0.469784	-0.382258
-0.327062	-0.422832
-0.489542	-0.377381
-0.358534	-0.406967
-0.453508	-0.385698
-0.445281	-0.387404
-0.371351	-0.402834
-0.487996	-0.377808
-0.313245	-0.435931
-0.475351	-0.380900
-0.412709	-0.393629
-0.410828	-0.393941
-0.476230	-0.380722
-0.310838	-0.438765
-0.487634	-0.377872
-0.373531	-0.402249
-0.443780	-0.387677
-0.454859	-0.385498
-0.356271	-0.407515
-0.489717	-0.377340
-0.329440	-0.421179
-0.468734	-0.382453
-0.424958	-0.391333
-0.397650	-0.396571
-0.481490	-0.379477
-0.283796	-0.556304
-0.294623	-0.471025
-0.484467	-0.378669
-0.387919	-0.398766
-0.433066	-0.389690
-0.463385	-0.383684
-0.340679	-0.414379
-0.490166	-0.377221
-0.345331	-0.412246
-0.460980	-0.384139
-0.436329	-0.389196
-0.383738	-0.399581
-0.485532	-0.378437
-0.299379	-0.458388
-0.480062	-0.379774
-0.401621	-0.395807
-0.421429	-0.391878
-0.470808	-0.382022
-0.324681	-0.424592
-0.489340	-0.377436
-0.360782	-0.406173
-0.452137	-0.385954
0.284509	0.635574
-0.446758	-0.387151
-0.369162	-0.403378
-0.488329	-0.377715
-0.315646	-0.433133
-0.474448	-0.381116
-0.414569	-0.393339
-0.408932	-0.394219
-0.477081	-0.380560
-0.308434	-0.442008
-0.487245	-0.377977
-0.375694	-0.401694
-0.442260	-0.387925
-0.456184	-0.385240
-0.354000	-0.408439
-0.489863	-0.377306
-0.331807	-0.419563
-0.467660	-0.382694
-0.426693	-0.391017
-0.395642	-0.396929
-0.482164	-0.379301
-0.285923	-0.517480
-0.292271	-0.479155
-0.483894	-0.378818
-0.389985	-0.398304
-0.431406	-0.390015
-0.464551	-0.383434
-0.338341	-0.415566
-0.490124	-0.377229
-0.347641	-0.411193
-0.459742	-0.384392
-0.437929	-0.388863
-0.381627	-0.400153
-0.486024	-0.378305
-0.301771	-0.453384
-0.479309	-0.379963
-0.403581	-0.395433
-0.419638	-0.392181
-0.471807	-0.381789
-0.322295	-0.426648
-0.489111	-0.377486
-0.363018	-0.405375
-0.450743	-0.386288
0.285495	0.672207
-0.448213	-0.386814
-0.366960	-0.404051
-0.488635	-0.377630
-0.318044	-0.430633
-0.473519	-0.381337
-0.416411	-0.392938
-0.407020	-0.394604
-0.477907	-0.380354
-0.306032	-0.445696
-0.486830	-0.378090
-0.377844	-0.401134
-0.440718	-0.388260
-0.457487	-0.384910
-0.351719	-0.409359
-0.489982	-0.377272
-0.334168	-0.418091
-0.466562	-0.382938
-0.428408	-0.390698
-0.393618	-0.397403
-0.482811	-0.379132
-0.288165	-0.499557
-0.289945	-0.489353
-0.483295	-0.378975
-0.392037	-0.397837
-0.429726	-0.390338
-0.465693	-0.383185
-0.335995	-0.416895
-0.490055	-0.377247
-0.349941	-0.410137
-0.458481	-0.384647
-0.439507	-0.388530
-0.379502	-0.400593
-0.486488	-0.378204
-0.304168	-0.448962
-0.478530	-0.380159
-0.405524	-0.395054
-0.417828	-0.392587
-0.472781	-0.381560
-0.319903	-0.428702
-0.488854	-0.377556
-0.365242	-0.404709
-0.449327	-0.386543
0.285785	0.683394
-0.449646	-0.386559
-0.364745	-0.404720
-0.488914	-0.377553
-0.320439	-0.428430
-0.472565	-0.381562
-0.418235	-0.392640
-0.405090	-0.394985
-0.478707	-0.380154
-0.303631	-0.449677
-0.486386	-0.378184
-0.379979	-0.400569
-0.439156	-0.388503
-0.458766	-0.384654
-0.349427	-0.410276
-0.490073	-0.377246
-0.336521	-0.416764
-0.465439	-0.383183
-0.430104	-0.390376
-0.391579	-0.397872
-0.483431	-0.378969
-0.290463	-0.486942
-0.287657	-0.502756
-0.482669	-0.379138
-0.394073	-0.397367
-0.428026	-0.390658
-0.466810	-0.382939
-0.333640	-0.418367
-0.489958	-0.377274
-0.352231	-0.409219
-0.457197	-0.384901
-0.441065	-0.388284
-0.377364	-0.401156
-0.486925	-0.378085
-0.306569	-0.444980
-0.477724	-0.380359
-0.407449	-0.394671
-0.416000	-0.392883
-0.473729	-0.381334
-0.317508	-0.431053
-0.488569	-0.377634
-0.367454	-0.404038
-0.447889	-0.386797
0.285331	0.666024
-0.451057	-0.386303
-0.362519	-0.405384
-0.489165	-0.377497
-0.322829	-0.426226
-0.471586	-0.381791
-0.420041	-0.392232
-0.403143	-0.395361
-0.479480	-0.379958
-0.301235	-0.454246
-0.485916	-0.378310
-0.382101	-0.400127
-0.437572	-0.388835
-0.460021	-0.384399
-0.347125	-0.411331
-0.490136	-0.377231
-0.338865	-0.415433
-0.464292	-0.383431
-0.431780	-0.390051
-0.389524	-0.398213
-0.484025	-0.378813
-0.292796	-0.477293
-0.285433	-0.522842
-0.482015	-0.379307
-0.396093	-0.397011
-0.426306	-0.390975
-0.467903	-0.382695
-0.331278	-0.419838
-0.489833	-0.377308
-0.354510	-0.408437
-0.455889	-0.385231
-0.442602	-0.387949
-0.375211	-0.401714
-0.487335	-0.377973
-0.308973	-0.441440
-0.476893	-0.380518
-0.409358	-0.394283
-0.414154	-0.393282
-0.474652	-0.381113
-0.315109	-0.433553
-0.488257	-0.377719
-0.369653	-0.403363
-0.446429	-0.387132
0.284200	0.623034
-0.452446	-0.385967
-0.360280	-0.406180
-0.489388	-0.377434
-0.325214	-0.424319
-0.470581	-0.382023
-0.421828	-0.391926
-0.401180	-0.395849
-0.480227	-0.379768
-0.298845	-0.459545
-0.485418	-0.378442
-0.384208	-0.399553
-0.435968	-0.389165
-0.461254	-0.384144
-0.344812	-0.412382
-0.490172	-0.377220
-0.341201	-0.414245
-0.463121	-0.383681
-0.433436	-0.389724
-0.387454	-0.398673
-0.484592	-0.378694
-0.295152	-0.469439
-0.481336	-0.379444
-0.398098	-0.396532
-0.424567	-0.391289
-0.468971	-0.382453
-0.328909	-0.421454
-0.489680	-0.377342
-0.356778	-0.407512
-0.454559	-0.385487
-0.444117	-0.387613
-0.373045	-0.402268
-0.487717	-0.377868
-0.311376	-0.438197
-0.476036	-0.380726
-0.411250	-0.393892
-0.412290	-0.393569
-0.475550	-0.380896
-0.312707	-0.436350
-0.487917	-0.377793
-0.371840	-0.402817
-0.444947	-0.387383
-0.453812	-0.385710
-0.358029	-0.406972
-0.489584	-0.377379
-0.327594	-0.422557
-0.469552	-0.382259
-0.423596	-0.391616
-0.399201	-0.396217
-0.480948	-0.379584
-0.296465	-0.465561
-0.484894	-0.378581
-0.386301	-0.399100
-0.434344	-0.389494
-0.462462	-0.383891
-0.342491	-0.413431
-0.490179	-0.377217
-0.343528	-0.413054
-0.461926	-0.383932
-0.435071	-0.389396
-0.385369	-0.399252
