0.040615	0.238125
-0.506080	-0.294272
0.200167	0.613915
-0.446597	-0.288253
-0.090779	0.029226
-0.185614	-0.099810
-0.378822	-0.264744
0.121551	0.395454
-0.518604	-0.293552
0.132686	0.420623
-0.388288	-0.269281
-0.173764	-0.084727
-0.102961	0.011215
-0.438957	-0.286422
0.191886	0.583777
-0.509237	-0.294203
0.052695	0.259851
-0.318865	-0.230124
-0.254202	-0.175724
-0.018420	0.139299
-0.484804	-0.293791
0.224189	0.729331
-0.478806	-0.293384
-0.031583	0.118762
-0.241941	-0.163661
-0.330220	-0.237649
0.065504	0.283077
-0.512115	-0.294008
0.182287	0.552237
-0.430465	-0.284286
-0.115928	-0.007023
-0.161048	-0.068549
-0.398143	-0.273106
0.144328	0.447997
-0.518091	-0.293605
0.109437	0.369703
-0.368461	-0.259854
-0.198216	-0.114810
-0.077719	0.048163
-0.454414	-0.289826
0.208078	0.645866
-0.502218	-0.294404
0.027628	0.215730
-0.296380	-0.213211
-0.277639	-0.197409
0.007018	0.180791
-0.495127	-0.294269
0.217979	0.693155
-0.465977	-0.291856
-0.057046	0.079263
-0.217957	-0.137907
-0.351633	-0.250639
0.089950	0.329692
-0.516210	-0.293741
0.162029	0.493541
-0.413111	-0.278856
-0.140879	-0.041419
-0.136267	-0.035389
-0.416418	-0.279766
0.165924	0.503969
-0.515598	-0.293817
0.085455	0.321041
-0.347722	-0.248544
-0.222427	-0.142643
-0.052328	0.086273
-0.468473	-0.292132
0.219688	0.702371
-0.493344	-0.294302
0.002308	0.173244
-0.273326	-0.193873
-0.300596	-0.216411
0.032300	0.223566
-0.503662	-0.294336
0.205363	0.634561
-0.451649	-0.289391
-0.082413	0.041408
-0.193698	-0.109548
-0.372210	-0.261662
0.113811	0.378665
-0.518336	-0.293573
0.140181	0.438264
-0.394636	-0.271961
-0.165620	-0.074149
-0.111278	-0.000612
-0.433553	-0.284977
0.185813	0.563310
-0.511141	-0.294117
0.060917	0.274690
-0.326165	-0.235072
-0.246355	-0.167855
-0.026856	0.125972
-0.481010	-0.293533
0.224455	0.731054
-0.482701	-0.293757
-0.023145	0.132115
-0.249811	-0.171641
-0.322964	-0.232805
0.057307	0.267890
-0.510330	-0.294128
0.188520	0.572386
-0.435947	-0.285675
-0.107623	0.004769
-0.169205	-0.079203
-0.391858	-0.270660
0.136899	0.430268
-0.518481	-0.293568
0.117226	0.386295
-0.375131	-0.263188
-0.190146	-0.105163
-0.086094	0.035723
-0.449445	-0.288749
0.203130	0.625332
-0.504751	-0.294345
0.035961	0.230132
-0.303892	-0.219134
-0.269928	-0.190579
-0.001392	0.166950
-0.491902	-0.294164
0.220864	0.709068
-0.470396	-0.292470
-0.048623	0.092215
-0.225930	-0.146703
-0.344632	-0.246706
0.081914	0.314102
-0.515071	-0.293831
0.168943	0.512553
-0.418986	-0.280786
-0.132641	-0.030116
-0.144494	-0.046645
-0.410489	-0.277767
0.158932	0.484940
-0.516642	-0.293729
0.093464	0.336943
-0.354684	-0.252570
-0.214441	-0.133762
-0.060747	0.073559
-0.463981	-0.291475
0.216482	0.685239
-0.496483	-0.294385
0.010712	0.187044
-0.281014	-0.200610
-0.293056	-0.210397
0.023954	0.209103
-0.501040	-0.294327
0.210102	0.654844
-0.456551	-0.290303
-0.074030	0.053859
-0.201757	-0.119344
-0.365496	-0.258252
0.105986	0.362108
-0.517851	-0.293613
0.147555	0.456118
-0.400871	-0.274337
-0.157453	-0.063667
-0.119574	-0.012373
-0.428012	-0.283400
0.179462	0.543390
-0.512832	-0.293996
0.069094	0.290011
-0.333386	-0.239831
-0.238468	-0.159782
-0.035293	0.112601
-0.477036	-0.293124
0.223775	0.726646
-0.486415	-0.293984
-0.014711	0.145418
-0.257641	-0.179206
-0.315631	-0.227583
0.049066	0.252966
-0.508333	-0.294209
0.194459	0.592946
-0.441290	-0.287062
-0.099297	0.016863
-0.177338	-0.089484
-0.385462	-0.267906
0.129355	0.412786
-0.518653	-0.293551
0.124927	0.403100
-0.381697	-0.266353
-0.182051	-0.095124
-0.094452	0.023556
-0.444328	-0.287670
0.197754	0.604683
-0.507078	-0.294274
0.044262	0.244625
-0.311339	-0.224664
-0.262168	-0.183336
-0.009815	0.153028
-0.488486	-0.294014
0.222957	0.721568
-0.474647	-0.292996
-0.040192	0.105150
-0.233872	-0.155304
-0.337542	-0.242240
0.073819	0.298471
-0.513717	-0.293935
0.175661	0.532038
-0.424733	-0.282576
-0.124381	-0.018719
-0.152699	-0.057554
-0.404439	-0.275624
0.151778	0.466601
-0.517470	-0.293657
0.101407	0.352976
-0.361552	-0.256418
-0.206425	-0.124472
-0.069154	0.060845
-0.459327	-0.290722
0.212616	0.666339
-0.499424	-0.294431
0.019096	0.201221
-0.288649	-0.206942
-0.285455	-0.204180
0.015583	0.194989
-0.498215	-0.294353
0.214312	0.674519
-0.461298	-0.291111
-0.065631	0.066327
-0.209789	-0.128514
-0.358684	-0.254672
0.098085	0.346047
-0.517149	-0.293671
0.154796	0.474478
-0.406990	-0.276708
-0.149262	-0.052825
-0.127847	-0.023819
-0.422339	-0.281686
0.172870	0.523648
-0.514311	-0.293915
0.077220	0.305332
-0.340525	-0.244402
-0.230546	-0.151509
-0.043727	0.099437
-0.472886	-0.292638
0.222182	0.716799
-0.489941	-0.294157
-0.006282	0.159140
-0.265427	-0.186567
-0.308225	-0.222164
0.040786	0.238331
-0.506127	-0.294284
0.200056	0.613577
-0.446492	-0.288321
-0.090950	0.028765
-0.185448	-0.099613
-0.378957	-0.264834
0.121709	0.395826
-0.518607	-0.293553
0.132531	0.420265
-0.388157	-0.269196
-0.173931	-0.084928
-0.102790	0.011433
-0.439067	-0.286354
0.192008	0.584158
-0.509196	-0.294194
0.052526	0.259419
-0.318714	-0.229998
-0.254363	-0.175887
-0.018247	0.139517
-0.484880	-0.293815
0.224174	0.729239
-0.478724	-0.293356
-0.031756	0.118301
-0.241779	-0.163491
-0.330368	-0.237769
0.065672	0.283275
-0.512149	-0.294016
0.182156	0.551816
-0.430351	-0.284228
-0.116098	-0.007239
-0.160880	-0.068344
-0.398271	-0.273185
0.144479	0.448338
-0.518081	-0.293603
0.109276	0.369316
-0.368323	-0.259922
-0.198381	-0.115001
-0.077546	0.048383
-0.454514	-0.289869
0.208175	0.646371
-0.502164	-0.294390
0.027457	0.215520
-0.296225	-0.213072
-0.277797	-0.197560
0.007190	0.181005
-0.495191	-0.294287
0.217912	0.692743
-0.465885	-0.291820
-0.057219	0.079042
-0.217793	-0.137725
-0.351776	-0.250746
0.090114	0.330097
-0.516231	-0.293746
0.161885	0.493054
-0.412990	-0.278786
-0.141048	-0.041630
-0.136098	-0.035176
-0.416538	-0.279834
0.166066	0.504272
-0.515575	-0.293812
0.085290	0.320852
-0.347578	-0.248609
-0.222591	-0.142823
-0.052155	0.086493
-0.468564	-0.292166
0.219746	0.702664
-0.493278	-0.294283
0.002136	0.172790
-0.273167	-0.193720
-0.300750	-0.216548
0.032471	0.223775
-0.503714	-0.294296
0.205261	0.634138
-0.451547	-0.289346
-0.082585	0.041188
-0.193533	-0.109355
-0.372347	-0.261757
0.113971	0.379047
-0.518344	-0.293575
0.140028	0.437917
-0.394507	-0.271880
-0.165788	-0.074585
-0.111107	-0.000395
-0.433665	-0.285034
0.185941	0.563717
-0.511104	-0.294109
0.060749	0.274491
-0.326016	-0.234950
-0.246516	-0.168022
-0.026683	0.126192
-0.481090	-0.293559
0.224459	0.731083
-0.482623	-0.293731
-0.023319	0.131655
-0.249650	-0.171475
-0.323114	-0.232929
0.057475	0.268319
-0.510368	-0.294097
0.188395	0.571990
-0.435835	-0.285744
-0.107794	0.004551
-0.169038	-0.079001
-0.391988	-0.270590
0.137052	0.430620
-0.518475	-0.293567
0.117067	0.385918
-0.374995	-0.263095
-0.190312	-0.105358
-0.085923	0.035943
-0.449549	-0.288795
0.203237	0.625774
-0.504701	-0.294333
0.035790	0.229925
-0.303739	-0.218999
-0.270087	-0.190733
-0.001219	0.167166
-0.491971	-0.294184
0.220813	0.708754
-0.470307	-0.292437
-0.048796	0.091994
-0.225767	-0.146525
-0.344777	-0.246641
0.082079	0.314292
-0.515096	-0.293837
0.168802	0.512086
-0.418866	-0.280721
-0.132811	-0.030567
-0.144325	-0.046434
-0.410612	-0.277839
0.159078	0.485436
-0.516623	-0.293725
0.093300	0.336541
-0.354542	-0.252465
-0.214605	-0.133946
-0.060574	0.073780
-0.464075	-0.291512
0.216555	0.685609
-0.496420	-0.294367
0.010539	0.186831
-0.280857	-0.200462
-0.293211	-0.210538
0.024126	0.209550
-0.501096	-0.294342
0.210009	0.654468
-0.456452	-0.290261
-0.074202	0.053639
-0.201592	-0.119155
-0.365635	-0.258351
0.106148	0.362498
-0.517863	-0.293615
0.147405	0.455783
-0.400744	-0.274260
-0.157621	-0.063873
-0.119403	-0.012157
-0.428127	-0.283460
0.179595	0.543662
-0.512800	-0.294023
0.068926	0.289589
-0.333239	-0.239713
-0.238631	-0.159953
-0.035120	0.112821
-0.477119	-0.293153
0.223798	0.726812
-0.486340	-0.293961
-0.014884	0.145200
-0.257480	-0.179045
-0.315782	-0.227711
0.049235	0.253400
-0.508376	-0.294175
0.194340	0.592439
-0.441182	-0.287010
-0.099468	0.016644
-0.177172	-0.089284
-0.385594	-0.267837
0.129511	0.413149
-0.518651	-0.293551
0.124770	0.402732
-0.381563	-0.266264
-0.182217	-0.095322
-0.094281	0.023776
-0.444435	-0.287720
0.197869	0.605167
-0.507032	-0.294310
0.044092	0.244420
-0.311186	-0.224533
-0.262328	-0.183495
-0.009642	0.153485
-0.488558	-0.294036
0.222922	0.721322
-0.474561	-0.292966
-0.040365	0.104930
-0.233709	-0.155130
-0.337689	-0.242356
0.073986	0.298889
-0.513747	-0.293911
0.175525	0.531592
-0.424617	-0.282514
-0.124551	-0.018934
-0.152530	-0.057347
-0.404564	-0.275699
0.151926	0.466930
-0.517455	-0.293669
0.101244	0.352582
-0.361412	-0.256317
-0.206590	-0.124659
-0.068981	0.061066
-0.459424	-0.290762
0.212702	0.666683
-0.499365	-0.294415
0.018924	0.201009
-0.288492	-0.206798
-0.285611	-0.204326
0.015755	0.195202
-0.498275	-0.294369
0.214231	0.674106
-0.461202	-0.291072
-0.065803	0.066106
-0.209624	-0.128328
-0.358825	-0.254774
0.098248	0.346444
-0.517166	-0.293674
0.154649	0.473971
-0.406866	-0.276635
-0.149430	-0.053034
-0.127677	-0.023604
-0.422457	-0.281750
0.173007	0.524102
-0.514283	-0.293909
0.077053	0.304916
-0.340380	-0.244288
-0.230709	-0.151685
-0.043554	0.099900
-0.472973	-0.292670
0.222223	0.717051
-0.489871	-0.294210
-0.006455	0.158924
-0.265268	-0.186410
-0.308378	-0.222296
0.040956	0.238770
-0.506175	-0.294247
0.199945	0.613109
-0.446386	-0.288273
-0.091122	0.028545
-0.185282	-0.099417
-0.379092	-0.264925
0.121867	0.396198
-0.518610	-0.293554
0.132376	0.419906
-0.388025	-0.269111
-0.174098	-0.085129
-0.102619	0.011652
-0.439176	-0.286407
0.192129	0.584538
-0.509154	-0.294227
0.052357	0.259217
-0.318564	-0.229871
-0.254524	-0.176050
-0.018073	0.139736
-0.484956	-0.293839
0.224158	0.729127
-0.478642	-0.293415
-0.031929	0.118081
-0.241617	-0.163321
-0.330517	-0.237706
0.065839	0.283699
-0.512183	-0.294024
0.182025	0.551394
-0.430237	-0.284169
-0.116269	-0.007456
-0.160712	-0.068138
-0.398399	-0.273264
0.144630	0.448678
-0.518071	-0.293611
0.109116	0.368930
-0.368185	-0.259825
-0.198547	-0.115192
-0.077374	0.048604
-0.454615	-0.289803
0.208271	0.646765
-0.502110	-0.294377
0.027285	0.215075
-0.296070	-0.212932
-0.277955	-0.197710
0.007363	0.181219
-0.495255	-0.294305
0.217845	0.692403
-0.465792	-0.291784
-0.057392	0.078821
-0.217629	-0.137543
-0.351919	-0.250853
0.090279	0.330283
-0.516252	-0.293750
0.161741	0.492743
-0.412868	-0.278717
-0.141216	-0.041841
-0.135928	-0.034964
-0.416658	-0.279901
0.166208	0.504748
-0.515551	-0.293832
0.085125	0.320443
-0.347434	-0.248500
-0.222755	-0.143003
-0.051982	0.086714
-0.468654	-0.292103
0.219804	0.703019
-0.493211	-0.294333
0.001963	0.172574
-0.273009	-0.193567
-0.300905	-0.216685
0.032642	0.224218
-0.503766	-0.294309
0.205158	0.633715
-0.451445	-0.289301
-0.082757	0.040968
-0.193367	-0.109162
-0.372484	-0.261689
0.114130	0.379428
-0.518351	-0.293576
0.139875	0.437569
-0.394378	-0.271799
-0.165955	-0.074789
-0.110937	-0.000178
-0.433777	-0.285090
0.186068	0.564123
-0.511067	-0.294101
0.060580	0.274064
-0.325867	-0.234828
-0.246678	-0.168190
-0.026509	0.126411
-0.481170	-0.293502
0.224463	0.731105
-0.482545	-0.293706
-0.023492	0.131436
-0.249489	-0.171310
-0.323264	-0.232867
0.057644	0.268520
-0.510407	-0.294106
0.188270	0.571593
-0.435724	-0.285689
-0.107964	0.004334
-0.168870	-0.078566
-0.392118	-0.270673
0.137206	0.430972
-0.518469	-0.293572
0.116908	0.385540
-0.374859	-0.263163
-0.190478	-0.105552
-0.085751	0.036163
-0.449652	-0.288842
0.203342	0.626215
-0.504651	-0.294372
0.035619	0.229484
-0.303585	-0.218864
-0.270246	-0.190888
-0.001046	0.167382
-0.492039	-0.294204
0.220761	0.708495
-0.470218	-0.292404
-0.048969	0.091773
-0.225603	-0.146347
-0.344921	-0.246752
0.082245	0.314704
-0.515122	-0.293816
0.168662	0.511789
-0.418747	-0.280655
-0.132980	-0.030780
-0.144157	-0.046224
-0.410735	-0.277910
0.159223	0.485752
-0.516604	-0.293741
0.093137	0.336356
-0.354400	-0.252360
-0.214769	-0.134130
-0.060402	0.074001
-0.464169	-0.291448
0.216628	0.685977
-0.496358	-0.294350
0.010367	0.186617
-0.280700	-0.200313
-0.293367	-0.210679
0.024298	0.209760
-0.501152	-0.294356
0.209917	0.654092
-0.456353	-0.290219
-0.074374	0.053176
-0.201427	-0.118740
-0.365774	-0.258449
0.106309	0.362888
-0.517875	-0.293618
0.147255	0.455447
-0.400617	-0.274330
-0.157788	-0.064080
-0.119233	-0.011942
-0.428242	-0.283520
0.179728	0.544093
-0.512767	-0.294015
0.068759	0.289167
-0.333091	-0.239596
-0.238793	-0.160125
-0.034947	0.113283
-0.477203	-0.293182
0.223821	0.726950
-0.486266	-0.294015
-0.015057	0.144982
-0.257320	-0.178883
-0.315934	-0.227839
0.049405	0.253604
-0.508419	-0.294185
0.194221	0.592070
-0.441073	-0.287079
-0.099639	0.016184
-0.177005	-0.089084
-0.385727	-0.267924
0.129667	0.413511
-0.518650	-0.293552
0.124612	0.402363
-0.381430	-0.266175
-0.182384	-0.095519
-0.094109	0.023995
-0.444541	-0.287770
0.197983	0.605518
-0.506986	-0.294299
0.043921	0.244214
-0.311034	-0.224403
-0.262488	-0.183654
-0.009469	0.153702
-0.488630	-0.294058
0.222888	0.721112
-0.474476	-0.292936
-0.040538	0.104710
-0.233546	-0.154956
-0.337835	-0.242471
0.074153	0.299307
-0.513777	-0.293918
0.175389	0.531146
-0.424500	-0.282452
-0.124721	-0.019149
-0.152362	-0.057139
-0.404690	-0.275629
0.152074	0.467258
-0.517440	-0.293666
0.101082	0.352401
-0.361272	-0.256215
-0.206755	-0.124847
-0.068809	0.061287
-0.459521	-0.290697
0.212787	0.667122
-0.499307	-0.294400
0.018752	0.200561
-0.288336	-0.206654
-0.285768	-0.204472
0.015927	0.195651
-0.498335	-0.294323
0.214150	0.673692
-0.461106	-0.291137
-0.065976	0.065885
-0.209460	-0.128142
-0.358966	-0.254708
0.098411	0.346626
-0.517182	-0.293677
0.154501	0.473647
-0.406741	-0.276561
-0.149598	-0.053242
-0.127507	-0.023390
-0.422575	-0.281814
0.173145	0.524390
-0.514254	-0.293903
0.076887	0.304723
-0.340234	-0.244174
-0.230872	-0.151861
-0.043381	0.100120
-0.473060	-0.292701
0.222264	0.717300
-0.489800	-0.294189
-0.006628	0.158467
-0.265108	-0.186253
-0.308531	-0.222429
0.041126	0.238976
-0.506222	-0.294258
0.199834	0.612642
-0.446281	-0.288224
-0.091293	0.028325
-0.185115	-0.099220
-0.379226	-0.265015
0.122025	0.396570
-0.518613	-0.293551
0.132221	0.419548
-0.387894	-0.269026
-0.174265	-0.085330
-0.102448	0.012111
-0.439286	-0.286460
0.192250	0.585059
-0.509113	-0.294217
0.052187	0.258784
-0.318413	-0.229745
-0.254684	-0.176214
-0.017900	0.140195
-0.485032	-0.293783
0.224142	0.729030
-0.478560	-0.293387
-0.032102	0.117862
-0.241455	-0.163150
-0.330665	-0.237825
0.066007	0.283896
-0.512218	-0.293996
0.181894	0.550971
-0.430123	-0.284110
-0.116439	-0.007672
-0.160544	-0.067933
-0.398527	-0.273343
0.144781	0.449210
-0.518060	-0.293609
0.108955	0.368543
-0.368047	-0.259728
-0.198712	-0.115383
-0.077202	0.048824
-0.454715	-0.289846
0.208368	0.647159
-0.502056	-0.294419
0.027114	0.214865
-0.295915	-0.212989
-0.278113	-0.197860
0.007536	0.181672
-0.495319	-0.294323
0.217777	0.692062
-0.465699	-0.291848
-0.057564	0.078600
-0.217465	-0.137360
-0.352062	-0.250960
0.090443	0.330688
-0.516273	-0.293733
0.161597	0.492254
-0.412746	-0.278787
-0.141385	-0.042053
-0.135759	-0.034752
-0.416779	-0.279968
0.166349	0.505049
-0.515527	-0.293827
0.084960	0.320254
-0.347290	-0.248390
-0.222918	-0.143183
-0.051809	0.087177
-0.468745	-0.292138
0.219862	0.703308
-0.493145	-0.294314
0.001790	0.172359
-0.272850	-0.193415
-0.301059	-0.216822
0.032813	0.224426
-0.503817	-0.294322
0.205055	0.633290
-0.451342	-0.289256
-0.082929	0.040506
-0.193201	-0.108968
-0.372621	-0.261783
0.114290	0.379600
-0.518359	-0.293570
0.139722	0.437222
-0.394248	-0.271718
-0.166123	-0.074993
-0.110766	0.000040
-0.433890	-0.285021
0.186195	0.564680
-0.511030	-0.294130
0.060412	0.273864
-0.325718	-0.234706
-0.246839	-0.168357
-0.026336	0.126630
-0.481249	-0.293528
0.224466	0.731129
-0.482467	-0.293680
-0.023665	0.131217
-0.249327	-0.171144
-0.323413	-0.232991
0.057813	0.268949
-0.510446	-0.294114
0.188145	0.571196
-0.435613	-0.285634
-0.108135	0.004116
-0.168703	-0.078363
-0.392249	-0.270756
0.137360	0.431323
-0.518463	-0.293571
0.116749	0.385162
-0.374723	-0.263070
-0.190644	-0.105747
-0.085579	0.036383
-0.449756	-0.288888
0.203448	0.626655
-0.504601	-0.294360
0.035449	0.229276
-0.303431	-0.218729
-0.270405	-0.191042
-0.000874	0.167597
-0.492107	-0.294224
0.220709	0.708176
-0.470129	-0.292466
-0.049142	0.091311
-0.225440	-0.146168
-0.345066	-0.246863
0.082411	0.314895
-0.515147	-0.293822
0.168522	0.511321
-0.418627	-0.280725
-0.133149	-0.030993
-0.143988	-0.046014
-0.410858	-0.277981
0.159368	0.486247
-0.516584	-0.293737
0.092973	0.335954
-0.354258	-0.252426
-0.214933	-0.134313
-0.060229	0.074222
-0.464263	-0.291485
0.216700	0.686344
-0.496295	-0.294398
0.010194	0.186166
-0.280542	-0.200165
-0.293522	-0.210821
0.024469	0.209971
-0.501207	-0.294371
0.209824	0.653611
-0.456253	-0.290285
-0.074547	0.052955
-0.201261	-0.118550
-0.365913	-0.258382
0.106471	0.363278
-0.517887	-0.293608
0.147105	0.455110
-0.400490	-0.274252
-0.157956	-0.064286
-0.119063	-0.011487
-0.428357	-0.283580
0.179861	0.544524
-0.512734	-0.294008
0.068591	0.288971
-0.332944	-0.239478
-0.238955	-0.160297
-0.034773	0.113502
-0.477286	-0.293123
0.223843	0.727087
-0.486191	-0.293992
-0.015230	0.144523
-0.257160	-0.178722
-0.316085	-0.227967
0.049575	0.254038
-0.508462	-0.294195
0.194102	0.591562
-0.440965	-0.287027
-0.099810	0.015966
-0.176838	-0.088884
-0.385859	-0.268010
0.129823	0.413873
