0.310735	-3.030579
-0.239589	-1.795504
0.423597	-2.700746
-0.317492	-1.714425
0.514248	-2.356728
-0.390199	-1.623685
0.580244	-2.035611
-0.457452	-1.532972
0.620159	-1.765662
-0.518273	-1.454397
0.634481	-1.566082
-0.570010	-1.406771
0.625469	-1.445854
-0.609175	-1.408553
0.596707	-1.401987
-0.631283	-1.479067
0.552613	-1.419742
-0.632295	-1.628020
0.497170	-1.481250
-0.609009	-1.854306
0.433961	-1.565007
-0.559851	-2.144617
0.364677	-1.657033
-0.484869	-2.477418
0.290034	-1.745559
-0.385716	-2.822319
0.210213	-1.821371
-0.265939	-3.134705
0.125276	-1.877636
-0.130850	-3.355724
0.036839	-1.906258
0.012631	-3.427478
-0.052720	-1.903288
0.154984	-3.326952
-0.140691	-1.869137
0.288093	-3.085111
-0.224678	-1.809055
0.404525	-2.763443
-0.303720	-1.729750
0.499534	-2.418502
-0.377372	-1.640110
0.570119	-2.091161
-0.445700	-1.548277
0.614724	-1.810737
-0.507650	-1.467630
0.633645	-1.597094
-0.561362	-1.412382
0.628706	-1.461943
-0.603077	-1.404141
0.603247	-1.404877
-0.628620	-1.461060
0.561585	-1.413075
-0.633827	-1.594936
0.508046	-1.467291
-0.615230	-1.807296
0.445959	-1.549058
-0.570804	-2.087561
0.377642	-1.640878
-0.500394	-2.414891
0.304016	-1.730401
-0.405538	-2.760076
0.225197	-1.808808
-0.289226	-3.082376
0.141262	-1.868912
-0.156524	-3.324799
0.053137	-1.903367
-0.013867	-3.427334
-0.036419	-1.906204
0.129634	-3.357103
-0.124885	-1.877426
0.264789	-3.137273
-0.209685	-1.821620
0.384678	-2.825603
-0.289732	-1.744939
0.483979	-2.481007
-0.364237	-1.657242
0.559134	-2.148232
-0.433544	-1.565255
0.608656	-1.856717
-0.496919	-1.480508
0.632088	-1.630220
-0.552384	-1.419046
0.631203	-1.481049
-0.596525	-1.401266
0.609191	-1.410379
-0.625365	-1.445005
0.570226	-1.407464
-0.634638	-1.563966
0.518519	-1.455118
-0.620457	-1.763323
0.457862	-1.532698
-0.580896	-2.032032
0.390629	-1.623469
-0.515077	-2.353104
0.317954	-1.714211
-0.424584	-2.697309
0.239918	-1.795998
-0.312152	-3.026804
0.156832	-1.860015
-0.181675	-3.289412
0.069523	-1.899267
-0.040347	-3.421215
-0.020046	-1.908090
0.103455	-3.382849
-0.108867	-1.884993
0.241162	-3.185895
-0.194611	-1.833221
0.364359	-2.885957
-0.275338	-1.760797
0.467590	-2.544053
-0.350945	-1.674122
0.547286	-2.206710
-0.421287	-1.581833
0.601578	-1.905673
-0.485791	-1.495135
0.629628	-1.666519
-0.542951	-1.427761
0.633081	-1.502159
-0.589542	-1.399839
0.614654	-1.417509
-0.621540	-1.430839
0.578374	-1.404068
-0.634595	-1.536164
0.528728	-1.443707
-0.624886	-1.721371
0.469520	-1.516963
-0.590131	-1.978135
0.403321	-1.606742
-0.529139	-2.291162
0.331686	-1.697837
-0.442839	-2.634296
0.254739	-1.781473
-0.334087	-2.970130
0.172531	-1.849523
-0.206605	-3.249343
0.085778	-1.894169
-0.066778	-3.409169
-0.003635	-1.908906
0.077487	-3.402682
-0.092846	-1.891397
0.216923	-3.231398
-0.179277	-1.844461
0.343015	-2.946136
-0.261055	-1.774852
0.450376	-2.607428
-0.337650	-1.689853
0.534577	-2.266464
-0.408924	-1.598045
0.593467	-1.957539
-0.474568	-1.509357
0.626407	-1.704915
-0.533079	-1.438454
0.634166	-1.526378
-0.581873	-1.401915
0.619469	-1.427420
-0.616887	-1.420627
0.586149	-1.401898
-0.633724	-1.511515
0.538662	-1.433109
-0.628530	-1.681478
0.480934	-1.501863
-0.598320	-1.927031
0.415894	-1.589678
-0.542114	-2.231360
0.345227	-1.681269
-0.460548	-2.570244
0.269128	-1.767506
-0.355611	-2.910922
0.187792	-1.839108
-0.230958	-3.205576
0.101874	-1.888168
-0.092788	-3.391612
0.012784	-1.908634
0.051085	-3.417086
-0.076656	-1.896947
0.192095	-3.273339
-0.163685	-1.855226
0.321245	-3.003890
-0.246523	-1.788750
0.432348	-2.670907
-0.324003	-1.706330
0.521008	-2.327354
-0.396286	-1.614929
0.584703	-2.010100
-0.462951	-1.525277
0.622411	-1.745385
-0.523070	-1.448911
0.634585	-1.552677
-0.573962	-1.404181
0.623609	-1.440189
-0.611717	-1.412163
0.593388	-1.402120
-0.632201	-1.488927
0.548162	-1.424460
-0.631239	-1.644736
0.492104	-1.487410
-0.605861	-1.876669
0.428197	-1.573269
-0.554450	-2.171708
0.358424	-1.665443
-0.477179	-2.507475
0.283449	-1.752575
-0.376404	-2.850429
0.203162	-1.827072
-0.255029	-3.157773
0.117977	-1.880977
-0.118686	-3.368524
0.029178	-1.907282
0.024962	-3.425505
-0.060323	-1.901539
0.167032	-3.310702
-0.148032	-1.864901
0.298779	-3.059817
-0.231735	-1.802440
0.413518	-2.734238
-0.310156	-1.722622
0.506583	-2.389224
-0.383359	-1.632486
0.574882	-2.065403
-0.451242	-1.540776
0.617448	-1.788956
-0.512647	-1.461223
0.634162	-1.582138
-0.565409	-1.409775
0.627191	-1.454818
-0.605915	-1.406433
0.600207	-1.403749
-0.629901	-1.469426
0.557359	-1.416754
-0.633199	-1.610100
0.503027	-1.473626
-0.612381	-1.829257
0.440397	-1.556473
-0.565706	-2.114479
0.371626	-1.648440
-0.493228	-2.444105
0.297536	-1.737485
-0.396449	-2.788984
0.218268	-1.814652
-0.278471	-3.107044
0.133876	-1.873010
-0.144439	-3.340069
0.045704	-1.904722
-0.001532	-3.428145
-0.044065	-1.904931
0.141432	-3.343725
-0.132330	-1.873500
0.275637	-3.113526
-0.216684	-1.815847
0.394180	-2.796152
-0.296270	-1.737876
0.491307	-2.451907
-0.370457	-1.648770
0.564409	-2.121208
-0.439287	-1.556908
0.611494	-1.835587
-0.501964	-1.474271
0.632869	-1.614774
-0.556516	-1.416460
0.630045	-1.472439
-0.599646	-1.402282
0.606441	-1.407950
-0.626997	-1.451901
0.566232	-1.410066
-0.634270	-1.578641
0.513699	-1.460542
-0.618082	-1.783790
0.452345	-1.540306
-0.576311	-2.057653
0.384678	-1.631164
-0.508432	-2.381383
0.311573	-1.721370
-0.416003	-2.725878
0.233111	-1.801945
-0.301569	-3.052940
0.149554	-1.864390
-0.170015	-3.306445
0.061951	-1.901263
-0.028025	-3.424805
-0.027722	-1.907318
0.115660	-3.371554
-0.116409	-1.881435
0.252155	-3.163824
-0.201732	-1.827598
0.373795	-2.858369
-0.281985	-1.753818
0.475187	-2.515216
-0.357241	-1.665772
0.552863	-2.179545
-0.427078	-1.573673
0.604899	-1.883093
-0.491031	-1.488016
0.630842	-1.649524
-0.547302	-1.424155
0.632292	-1.492042
-0.592795	-1.400692
0.612206	-1.413740
-0.623367	-1.437359
0.574622	-1.405554
-0.634634	-1.549293
0.523965	-1.449270
-0.622975	-1.740323
0.464045	-1.524770
-0.585851	-2.003482
0.397429	-1.614580
-0.522783	-2.319492
0.325228	-1.705978
-0.434500	-2.663417
0.247873	-1.788277
-0.323987	-2.996658
0.165182	-1.854701
-0.195052	-3.268520
0.078270	-1.896608
-0.054483	-3.415510
-0.011325	-1.908650
0.089747	-3.393993
-0.100286	-1.888583
0.228047	-3.211153
-0.186335	-1.839637
0.352945	-2.918602
-0.267815	-1.767945
0.458490	-2.577902
-0.343860	-1.682540
0.540673	-2.238150
-0.414606	-1.591074
0.597282	-1.933541
-0.479852	-1.502428
0.628066	-1.686379
-0.537786	-1.432786
0.633759	-1.514736
-0.585527	-1.400500
0.617336	-1.422273
-0.619040	-1.425739
0.582648	-1.402228
-0.634157	-1.523106
0.534105	-1.437712
-0.626903	-1.699962
0.475654	-1.508810
-0.594540	-1.950993
0.410057	-1.597678
-0.536277	-2.258600
0.338857	-1.689513
-0.452464	-2.599818
0.262379	-1.774402
-0.345705	-2.938590
0.180747	-1.843929
-0.219849	-3.226049
0.094443	-1.891004
-0.080534	-3.400614
0.005286	-1.908883
0.063385	-3.411108
-0.084171	-1.894534
0.203662	-3.254413
-0.171047	-1.850054
0.331368	-2.977512
-0.253223	-1.782705
0.440716	-2.641844
-0.330300	-1.699098
0.527399	-2.299027
-0.402183	-1.607099
0.588820	-1.985789
-0.468430	-1.517489
0.624354	-1.726383
-0.527839	-1.443360
0.634420	-1.540558
-0.577726	-1.402689
0.621804	-1.433629
-0.614183	-1.415902
0.590149	-1.401252
-0.633016	-1.498995
0.543819	-1.428073
-0.630056	-1.661678
0.486868	-1.494548
-0.602575	-1.899209
0.422568	-1.580418
-0.548909	-2.198861
0.352302	-1.672845
-0.469612	-2.536348
0.276814	-1.759556
-0.366707	-2.879100
0.196054	-1.832693
-0.244053	-3.180056
0.110445	-1.884555
-0.106827	-3.379753
0.021695	-1.907990
0.037287	-3.422240
-0.067902	-1.899573
0.178703	-3.293934
-0.155322	-1.860534
0.309384	-3.033852
-0.238554	-1.796482
0.422400	-2.704723
-0.316547	-1.715465
0.513261	-2.360957
-0.389317	-1.624804
0.579505	-2.039754
-0.456764	-1.533185
0.619856	-1.768442
-0.517472	-1.455815
0.634401	-1.568472
-0.569414	-1.407171
0.625581	-1.447880
-0.608682	-1.408835
0.597101	-1.402714
-0.631084	-1.477989
0.553235	-1.419344
-0.632449	-1.625492
0.497987	-1.479882
-0.609393	-1.851408
0.434815	-1.563801
-0.560678	-2.140414
0.365578	-1.655949
-0.485933	-2.473231
0.291008	-1.744537
-0.387255	-2.817537
0.211283	-1.820436
-0.267643	-3.130987
0.126442	-1.876950
-0.132650	-3.353730
0.038061	-1.906030
0.010803	-3.427660
-0.051693	-1.903425
0.153195	-3.329260
-0.139727	-1.869415
0.286411	-3.089046
-0.223806	-1.809313
0.403295	-2.767329
-0.302760	-1.730782
0.498506	-2.422714
-0.376480	-1.641210
0.569333	-2.095339
-0.444852	-1.549509
0.614378	-1.813581
-0.506988	-1.467953
0.633526	-1.599556
-0.560752	-1.412784
0.628787	-1.464028
-0.602702	-1.403388
0.603620	-1.405634
-0.628536	-1.458982
0.562194	-1.412674
-0.633941	-1.592481
0.508708	-1.466965
-0.615571	-1.804459
0.446806	-1.547823
-0.571585	-2.083386
0.378533	-1.639777
-0.501418	-2.410677
0.304975	-1.729370
-0.407040	-2.755169
0.226248	-1.807850
-0.290904	-3.078413
0.142225	-1.868635
-0.158312	-3.322444
0.054354	-1.903044
-0.015694	-3.427104
-0.035195	-1.906425
0.127833	-3.359053
-0.123718	-1.878108
0.263082	-3.140960
-0.208613	-1.822552
0.383417	-2.829381
-0.288582	-1.746804
0.482910	-2.485190
-0.363335	-1.658325
0.558301	-2.152438
-0.432689	-1.566458
0.608081	-1.860688
-0.496102	-1.481874
0.631929	-1.632756
-0.551619	-1.420519
0.631398	-1.482133
-0.596128	-1.400542
0.609541	-1.411171
-0.625104	-1.444051
0.570821	-1.407064
-0.634557	-1.562646
0.519174	-1.454771
-0.620756	-1.760551
0.458703	-1.531433
-0.581427	-2.028962
0.391510	-1.622349
-0.516059	-2.348874
0.318898	-1.713171
-0.426047	-2.692296
0.240951	-1.795021
-0.313500	-3.023509
0.157964	-1.859214
-0.183448	-3.286716
0.070731	-1.898851
-0.042173	-3.420575
-0.018819	-1.908212
0.101644	-3.384416
-0.107875	-1.885238
0.239432	-3.189313
-0.193521	-1.834125
0.362781	-2.890575
-0.274346	-1.761809
0.466227	-2.549243
-0.350031	-1.675190
0.546407	-2.210934
-0.420425	-1.583010
0.600956	-1.909701
-0.485116	-1.495410
0.629428	-1.669127
-0.542175	-1.429224
0.633093	-1.504374
-0.588986	-1.400210
0.614979	-1.418343
-0.621108	-1.431006
0.578954	-1.403676
-0.634479	-1.534917
0.529375	-1.443340
-0.625143	-1.718666
0.470202	-1.516724
-0.590620	-1.975107
0.404194	-1.605600
-0.530078	-2.286927
0.332616	-1.696785
-0.444261	-2.629196
0.255576	-1.781251
-0.335708	-2.965745
0.173461	-1.849238
-0.208361	-3.246325
0.086786	-1.893962
-0.068599	-3.408123
-0.002406	-1.908926
0.075668	-3.403861
-0.091652	-1.891933
0.215174	-3.234524
-0.178168	-1.845328
0.341404	-2.950583
-0.260046	-1.775852
0.448970	-2.612555
-0.336555	-1.691834
0.533654	-2.270698
-0.408054	-1.599197
0.592993	-1.960551
-0.473736	-1.510664
0.626165	-1.707595
-0.532436	-1.438827
0.634142	-1.528663
-0.581440	-1.401228
0.619768	-1.428302
-0.616571	-1.419778
0.586712	-1.401520
-0.633724	-1.509275
0.539299	-1.432726
-0.628745	-1.678844
0.481611	-1.501598
-0.598959	-1.922985
0.416759	-1.588512
-0.543008	-2.227131
0.346144	-1.680205
-0.461669	-2.566121
0.270126	-1.766500
-0.356910	-2.907316
0.188889	-1.838221
-0.232695	-3.202258
0.103060	-1.887586
-0.094602	-3.390175
0.014012	-1.908553
0.049261	-3.417862
-0.075452	-1.897398
0.190328	-3.276148
-0.162559	-1.856048
0.319603	-3.008146
-0.245496	-1.789737
0.430900	-2.675952
-0.323064	-1.707376
0.520041	-2.331586
-0.395407	-1.616058
0.583985	-2.014225
-0.462113	-1.526553
0.621952	-1.749197
-0.522273	-1.450338
0.634524	-1.555033
-0.573373	-1.404579
0.623879	-1.441123
-0.611376	-1.411357
0.593932	-1.401762
-0.632017	-1.487819
0.548932	-1.422990
-0.631412	-1.642174
0.492775	-1.487120
-0.606265	-1.873744
0.429055	-1.572076
-0.555299	-2.167495
0.359330	-1.664367
-0.478512	-2.502251
0.284431	-1.751558
-0.377675	-2.846692
0.204241	-1.826151
-0.256744	-3.154176
0.118961	-1.880721
-0.120491	-3.366706
0.030403	-1.907101
0.023135	-3.425879
-0.059300	-1.901694
0.165249	-3.313176
-0.146888	-1.865672
0.297109	-3.063860
-0.230690	-1.803408
0.412304	-2.738169
-0.309203	-1.723658
0.505573	-2.393446
-0.382472	-1.633595
0.574324	-2.068496
-0.450397	-1.542022
0.616943	-1.792836
-0.511987	-1.461557
0.634062	-1.584567
-0.564805	-1.410177
0.627432	-1.455810
-0.605550	-1.405665
0.600730	-1.403419
-0.629832	-1.467319
0.558115	-1.415278
-0.633332	-1.607611
0.503693	-1.473312
-0.612925	-1.825325
0.441248	-1.555252
-0.566508	-2.110289
0.372522	-1.647347
-0.494271	-2.439902
0.298502	-1.736458
-0.397968	-2.784132
0.219329	-1.813704
-0.280162	-3.103192
0.134845	-1.872738
-0.146233	-3.337882
0.046733	-1.904601
-0.003360	-3.428107
-0.042845	-1.905198
0.139636	-3.345843
-0.131171	-1.874213
0.274253	-3.116510
-0.215620	-1.816791
0.392654	-2.800980
-0.295302	-1.738903
0.490256	-2.456105
-0.369395	-1.650830
0.563598	-2.125403
-0.438435	-1.558125
0.611125	-1.838465
-0.501151	-1.475650
0.632728	-1.617276
-0.555899	-1.416860
0.630255	-1.473493
-0.599259	-1.401545
0.606943	-1.407654
-0.626750	-1.450919
0.566833	-1.409665
-0.634364	-1.576225
0.514357	-1.460205
-0.618579	-1.779922
0.453188	-1.539056
-0.577067	-2.053496
0.385563	-1.630052
-0.509434	-2.377158
0.312524	-1.720333
-0.417211	-2.721930
0.234153	-1.800976
-0.303233	-3.048854
0.150694	-1.863613
-0.171795	-3.303905
0.063164	-1.900888
-0.029851	-3.424356
-0.026496	-1.907487
0.113853	-3.373301
-0.115234	-1.882082
0.250435	-3.167368
-0.200650	-1.828517
0.372519	-2.862083
-0.281001	-1.754835
0.474097	-2.519378
-0.356333	-1.666848
0.552005	-2.183762
-0.426219	-1.574862
0.604487	-1.886029
-0.490210	-1.489366
0.630661	-1.652099
-0.546674	-1.424547
0.632470	-1.493162
-0.592388	-1.399980
0.612543	-1.414553
-0.623091	-1.436435
0.575208	-1.405158
-0.634689	-1.546950
0.524760	-1.447838
-0.623251	-1.737586
0.464882	-1.523489
-0.586559	-1.999365
0.398306	-1.613449
-0.523742	-2.315258
0.326165	-1.704932
-0.435674	-2.659388
0.248897	-1.787290
-0.325323	-2.993274
0.166305	-1.853874
-0.196816	-3.265650
0.079284	-1.896415
-0.056306	-3.414652
-0.010096	-1.908719
0.087931	-3.395356
-0.099286	-1.888816
0.226307	-3.214414
-0.185234	-1.840520
0.351642	-2.922182
-0.266814	-1.768952
0.457104	-2.583060
-0.342940	-1.683602
0.539770	-2.242380
-0.413740	-1.592236
0.596828	-1.936529
-0.479024	-1.503749
0.627844	-1.689026
-0.537003	-1.434241
0.633752	-1.516988
-0.584962	-1.400881
0.617647	-1.423132
-0.618736	-1.424867
0.583218	-1.401843
-0.634174	-1.520834
0.534747	-1.437337
-0.627137	-1.697295
0.476333	-1.508557
-0.595201	-1.946923
0.410925	-1.596523
-0.537192	-2.254367
0.339781	-1.688456
-0.453603	-2.595722
0.263385	-1.773402
-0.347017	-2.935050
0.181852	-1.843058
-0.221595	-3.222866
0.095446	-1.890781
-0.082351	-3.399361
0.006324	-1.908868
0.061563	-3.412073
-0.082971	-1.895024
0.201902	-3.257371
-0.169928	-1.850900
0.330038	-2.980941
-0.252204	-1.783697
0.439552	-2.645894
-0.329367	-1.700149
0.526452	-2.303262
-0.401309	-1.608238
0.588323	-1.988825
-0.467595	-1.518780
0.624090	-1.729100
-0.527046	-1.444798
0.634530	-1.541818
-0.577144	-1.403083
0.622087	-1.434538
-0.613854	-1.415076
0.590701	-1.400884
-0.632847	-1.497855
0.544451	-1.427684
-0.630248	-1.659082
0.487692	-1.493207
-0.602999	-1.896258
0.423429	-1.579238
-0.549559	-2.195709
0.353214	-1.671775
-0.470713	-2.532198
0.277803	-1.758544
-0.368278	-2.874453
0.197142	-1.831786
-0.245778	-3.176585
0.111624	-1.883933
-0.108636	-3.378108
0.022731	-1.907931
0.035119	-3.422929
-0.066882	-1.899745
0.176927	-3.296566
-0.154372	-1.860819
0.307727	-3.037998
-0.237517	-1.797459
0.420930	-2.709717
-0.315600	-1.716506
0.512271	-2.365185
-0.388433	-1.625921
0.578966	-2.042831
-0.455922	-1.534445
0.619372	-1.772290
-0.516816	-1.456159
