-0.289225	1.639384
0.518006	2.906688
0.013687	1.404209
-0.529684	2.750888
0.318561	1.676197
-0.407929	1.824030
0.529629	2.348193
-0.104847	1.443363
-0.376721	3.679791
0.192197	1.524509
-0.494740	2.088649
0.473586	1.998237
-0.229322	1.567183
0.460087	3.315829
0.069438	1.421162
-0.535224	2.486170
0.375312	1.762443
-0.354341	1.729690
0.536053	2.575929
-0.048344	1.412200
-0.488713	3.145039
0.251943	1.592950
-0.458791	1.950628
0.506014	2.145844
-0.169769	1.501757
0.277169	3.983480
0.126592	1.460139
-0.523180	2.275963
0.426395	1.862610
-0.296148	1.648237
0.521535	2.867573
0.007243	1.403723
-0.527487	2.786302
0.311666	1.667264
-0.413614	1.836665
0.527933	2.324611
-0.111435	1.448607
-0.352357	3.764466
0.185318	1.516953
-0.498379	2.105995
0.469152	1.983018
-0.236241	1.575518
0.470194	3.259841
0.062932	1.417966
-0.535616	2.513808
0.368973	1.751597
-0.360931	1.739605
0.536138	2.546920
-0.054826	1.414697
-0.480844	3.195689
0.245014	1.584459
-0.463357	1.965965
0.502727	2.127335
-0.176626	1.508969
0.315867	3.878279
0.119826	1.454646
-0.525281	2.298229
0.420829	1.850131
-0.303064	1.657126
0.524617	2.829677
0.000800	1.403546
-0.524868	2.822957
0.304759	1.658353
-0.419430	1.848163
0.525925	2.302280
-0.118183	1.453787
-0.323054	3.856937
0.178298	1.510118
-0.501743	2.124504
0.464658	1.967750
-0.243322	1.583212
0.479350	3.205911
0.056437	1.415097
-0.535909	2.541524
0.362596	1.740733
-0.367314	1.750487
0.536117	2.517989
-0.061319	1.417517
-0.472069	3.248498
0.238089	1.576049
-0.467862	1.981252
0.499375	2.108830
-0.183493	1.516359
0.346513	3.783817
0.113074	1.449422
-0.527305	2.320548
0.415208	1.837584
-0.309972	1.666044
0.527265	2.793011
-0.005643	1.403678
-0.522101	2.859654
0.297844	1.649470
-0.425007	1.860664
0.523839	2.280003
-0.124946	1.459239
-0.286575	3.959231
0.171438	1.502882
-0.505042	2.143014
0.459908	1.953561
-0.250249	1.591700
0.487272	3.155291
0.049811	1.412714
-0.535846	2.570516
0.356012	1.730837
-0.373837	1.760346
0.535742	2.490335
-0.067822	1.420662
-0.462355	3.303390
0.231011	1.568426
-0.472308	1.996488
0.495749	2.091490
-0.190520	1.523324
0.371783	3.697687
0.106482	1.444130
-0.529017	2.344118
0.409350	1.826040
-0.316702	1.675884
0.529490	2.757584
-0.012087	1.404117
-0.518606	2.898762
0.290922	1.640622
-0.430342	1.874185
0.521676	2.257776
-0.131576	1.465375
-0.238856	4.073432
0.164588	1.495835
-0.508276	2.161530
0.455101	1.939310
-0.257178	1.600264
0.494316	3.106883
0.043335	1.410469
-0.535417	2.600781
0.349399	1.720923
-0.380146	1.771172
0.535022	2.463955
-0.074337	1.424136
-0.451336	3.361417
0.224095	1.560181
-0.476694	2.011677
0.492062	2.074137
-0.197404	1.531016
0.393043	3.618603
0.099759	1.439482
-0.530647	2.367751
0.403623	1.813372
-0.323586	1.684854
0.531575	2.722212
-0.018534	1.404866
-0.514653	2.939078
0.283995	1.631814
-0.435620	1.887645
0.519211	2.236781
-0.138366	1.471364
-0.170873	4.199927
0.157749	1.488989
-0.511228	2.181236
0.450234	1.924997
-0.264270	1.608115
0.500510	3.060739
0.036868	1.408544
-0.534613	2.632316
0.342758	1.711003
-0.386235	1.782983
0.534208	2.437655
-0.081006	1.427673
-0.438618	3.423570
0.217183	1.552041
-0.480820	2.027972
0.488311	2.056769
-0.204296	1.538851
0.411554	3.544367
0.093195	1.434816
-0.531954	2.392646
0.397663	1.801705
-0.330455	1.693831
0.532983	2.689287
-0.024984	1.405925
-0.510230	2.980586
0.277065	1.623054
-0.440840	1.901037
0.516674	2.215822
-0.145169	1.477600
-0.061375	4.315925
0.150922	1.482358
-0.514111	2.200963
0.445309	1.910623
-0.271201	1.616794
0.506186	3.015719
0.030407	1.406934
-0.533691	2.663924
0.336093	1.701089
-0.392458	1.793725
0.533300	2.411432
-0.087546	1.431783
-0.424479	3.488500
0.210124	1.544659
-0.484885	2.044232
0.484294	2.040536
-0.211195	1.546817
0.427439	3.475619
0.086500	1.430758
-0.533174	2.417613
0.391476	1.791021
-0.337137	1.703744
0.534266	2.656427
-0.031439	1.407297
-0.505020	3.024450
0.270133	1.614346
-0.446003	1.914359
0.513845	2.196078
-0.151986	1.484070
0.086004	4.299326
0.144107	1.475951
-0.516926	2.220715
0.440134	1.897296
-0.278132	1.625530
0.511357	2.971850
0.023953	1.405639
-0.532381	2.696795
0.329407	1.691191
-0.398456	1.805450
0.532062	2.386479
-0.094242	1.435915
-0.408152	3.558172
0.203225	1.536736
-0.488890	2.060463
0.480217	2.024272
-0.218255	1.554237
0.441497	3.410547
0.079963	1.426727
-0.534305	2.442656
0.385421	1.779251
-0.343796	1.713672
0.535162	2.624832
-0.037901	1.408983
-0.499305	3.069460
0.263039	1.606475
-0.450916	1.928728
0.510947	2.176358
-0.158814	1.490763
0.185574	4.176141
0.137305	1.469782
-0.519448	2.241681
0.434902	1.883900
-0.285061	1.634316
0.515743	2.930339
0.017503	1.404655
-0.530946	2.729730
0.322534	1.682230
-0.404405	1.817120
0.530735	2.361598
-0.100809	1.440660
-0.389179	3.633231
0.196334	1.528947
-0.492629	2.077830
0.476079	2.007973
-0.225166	1.562417
0.453467	3.350578
0.073295	1.423264
-0.534855	2.470166
0.379145	1.768466
-0.350431	1.723603
0.535681	2.594505
-0.044369	1.410986
-0.492757	3.116765
0.256108	1.597873
-0.455770	1.943036
0.507981	2.156658
-0.165654	1.497668
0.249019	4.050996
0.130517	1.463860
-0.521897	2.262686
0.429612	1.870438
-0.291986	1.643149
0.519371	2.891211
0.011057	1.403982
-0.528832	2.765112
0.315646	1.673278
-0.410304	1.828728
0.529087	2.337978
-0.107534	1.445382
-0.367063	3.714055
0.189298	1.521892
-0.496304	2.095182
0.471681	1.992780
-0.232082	1.570699
0.464425	3.292480
0.066782	1.419869
-0.535555	2.496560
0.372828	1.757643
-0.357039	1.733526
0.536088	2.564253
-0.050846	1.413308
-0.485666	3.165149
0.249178	1.589341
-0.460566	1.957282
0.504733	2.138146
-0.172505	1.504772
0.294054	3.939431
0.123743	1.458195
-0.524045	2.284922
0.424079	1.857998
-0.298906	1.652020
0.522834	2.852107
0.004614	1.403617
-0.526579	2.800547
0.308913	1.663460
-0.415968	1.841336
0.527125	2.315612
-0.114128	1.450751
-0.340895	3.801634
0.182424	1.514385
-0.499707	2.113691
0.467223	1.977539
-0.239161	1.578355
0.474079	3.237533
0.060281	1.416802
-0.535909	2.524229
0.366473	1.746793
-0.363616	1.743429
0.536130	2.535276
-0.057474	1.415764
-0.477373	3.216903
0.242251	1.580886
-0.465304	1.971465
0.501419	2.119640
-0.179366	1.512062
0.329157	3.838645
0.117129	1.452417
-0.526115	2.307210
0.418491	1.845488
-0.305819	1.660925
0.525853	2.814226
-0.001829	1.403561
-0.523901	2.837220
0.302003	1.654563
-0.421577	1.853882
0.525314	2.292114
-0.120882	1.456046
-0.309300	3.897086
0.175558	1.507047
-0.503258	2.131028
0.462706	1.962248
-0.246085	1.586800
0.482480	3.185849
0.053790	1.414060
-0.535909	2.553174
0.359908	1.736911
-0.369986	1.754299
0.535816	2.507573
-0.063971	1.418711
-0.468159	3.270785
0.235170	1.573224
-0.469786	1.986728
0.498041	2.101136
-0.186388	1.518945
0.357158	3.748426
0.110383	1.447309
-0.528108	2.329552
0.412849	1.832913
-0.312723	1.669857
0.528162	2.778769
-0.008272	1.403813
-0.520789	2.875121
0.295084	1.645697
-0.427132	1.866359
