-0.018022	0.283346
-0.883783	-0.634130
-0.885632	-0.633049
-0.015425	0.286327
-0.512750	-1.329893
-0.000568	0.311671
-0.896689	-0.620938
-0.878232	-0.634285
-0.026766	0.284829
-0.506037	-1.335768
-0.005605	0.320979
-0.894593	-0.616905
-0.889429	-0.620730
-0.013051	0.313737
-0.503743	-1.339234
-0.024059	0.294316
-0.880825	-0.629522
-0.898267	-0.617254
0.000881	0.320277
-0.510747	-1.330793
-0.022276	0.280146
-0.880812	-0.635847
-0.889254	-0.629911
-0.010404	0.292812
-0.513424	-1.329816
-0.003629	0.303947
-0.894273	-0.624308
-0.878257	-0.635906
-0.026261	0.281101
-0.507961	-1.333335
-0.001863	0.322860
-0.896937	-0.616110
-0.885701	-0.624217
-0.018026	0.306671
-0.503103	-1.340292
-0.020354	0.302013
-0.883875	-0.626001
-0.897708	-0.616203
-0.000491	0.323005
-0.508958	-1.332286
-0.025311	0.279857
-0.878807	-0.636125
-0.892706	-0.626343
-0.005710	0.300449
-0.513563	-1.329822
-0.007909	0.296393
-0.891078	-0.627953
-0.879638	-0.636277
-0.024018	0.280304
-0.509862	-1.331440
0.000400	0.321579
-0.898138	-0.616469
-0.882291	-0.627876
-0.022313	0.298584
-0.503312	-1.339941
-0.015654	0.309754
-0.887505	-0.622318
-0.895928	-0.616431
-0.003523	0.322733
-0.507010	-1.334497
-0.026733	0.282159
-0.878069	-0.635105
-0.895565	-0.622790
-0.001959	0.308020
-0.513162	-1.329836
-0.012844	0.289398
-0.887486	-0.631346
-0.882159	-0.635372
-0.020330	0.281794
-0.511495	-1.330343
0.000888	0.317841
-0.898079	-0.618150
-0.879689	-0.631373
-0.025348	0.291211
-0.504328	-1.338291
-0.010584	0.316290
-0.891198	-0.619129
-0.893117	-0.618015
-0.007816	0.319545
-0.505185	-1.337002
-0.026354	0.287343
-0.878725	-0.632972
-0.897493	-0.619715
0.000348	0.315075
-0.512235	-1.330048
-0.017784	0.283719
-0.883951	-0.634019
-0.885453	-0.633188
-0.015674	0.286403
-0.512702	-1.329903
-0.000454	0.311714
-0.896785	-0.620771
-0.878268	-0.634139
-0.026743	0.285113
-0.505944	-1.335887
-0.005825	0.320862
-0.894449	-0.617054
-0.889616	-0.620622
-0.012794	0.314264
-0.503796	-1.339156
-0.024210	0.294137
-0.880695	-0.629829
-0.898261	-0.617389
0.000902	0.320121
-0.510829	-1.330746
-0.022087	0.280561
-0.880941	-0.635820
-0.889071	-0.630074
-0.010655	0.292450
-0.513403	-1.329820
-0.003441	0.304363
-0.894417	-0.624191
-0.878222	-0.635888
-0.026329	0.281461
-0.507862	-1.333442
-0.002019	0.322692
-0.896845	-0.616029
-0.885886	-0.623967
-0.017786	0.307213
-0.503115	-1.340271
-0.020570	0.301887
-0.883703	-0.626095
-0.897767	-0.616220
-0.000379	0.322774
-0.509055	-1.332184
-0.025194	0.279895
-0.878880	-0.636213
-0.892543	-0.626488
-0.005929	0.300060
-0.513569	-1.329823
-0.007673	0.296767
-0.891252	-0.627795
-0.879538	-0.636242
-0.024169	0.280295
-0.509771	-1.331515
0.000327	0.321778
-0.898108	-0.616401
-0.882447	-0.627667
-0.022123	0.299167
-0.503281	-1.339992
-0.015906	0.309659
-0.887316	-0.622434
-0.896045	-0.616465
-0.003336	0.322876
-0.507108	-1.334371
-0.026704	0.282269
-0.878073	-0.635179
-0.895441	-0.623005
-0.002118	0.308016
-0.513195	-1.329838
-0.012589	0.289319
-0.887670	-0.631189
-0.882009	-0.635440
-0.020544	0.281838
-0.511422	-1.330383
0.000907	0.317963
-0.898112	-0.617965
-0.879794	-0.631248
-0.025232	0.291418
-0.504260	-1.338404
-0.010838	0.316198
-0.891018	-0.619353
-0.893279	-0.617830
-0.007578	0.319648
-0.505269	-1.336878
-0.026416	0.286654
-0.878659	-0.633030
-0.897422	-0.619840
0.000272	0.314564
-0.512294	-1.330019
-0.017545	0.283654
-0.884121	-0.633905
-0.885276	-0.633324
-0.015923	0.286039
-0.512652	-1.329914
-0.000345	0.312196
-0.896878	-0.620608
-0.878308	-0.633987
-0.026716	0.285393
-0.505853	-1.336023
-0.006047	0.320746
-0.894303	-0.617077
-0.889802	-0.620382
-0.012537	0.314353
-0.503851	-1.339065
-0.024357	0.293518
-0.880568	-0.629990
-0.898252	-0.617530
0.000919	0.319968
-0.510910	-1.330700
-0.021894	0.280535
-0.881074	-0.635651
-0.888889	-0.630237
-0.010907	0.292089
-0.513380	-1.329817
-0.003257	0.304782
-0.894558	-0.623949
-0.878191	-0.635863
-0.026394	0.281379
-0.507763	-1.333549
-0.002180	0.322527
-0.896749	-0.616082
-0.886071	-0.623854
-0.017545	0.307317
-0.503129	-1.340248
-0.020783	0.301322
-0.883533	-0.626325
-0.897822	-0.616243
-0.000272	0.322982
-0.509150	-1.332102
-0.025073	0.279929
-0.878956	-0.636154
-0.892378	-0.626764
-0.006150	0.299673
-0.513574	-1.329822
-0.007438	0.297142
-0.891425	-0.627639
-0.879442	-0.636340
-0.024316	0.280283
-0.509679	-1.331592
0.000249	0.321982
-0.898074	-0.616338
-0.882605	-0.627455
-0.021929	0.299748
-0.503252	-1.340040
-0.016156	0.309126
-0.887127	-0.622687
-0.896159	-0.616376
-0.003152	0.323022
-0.507207	-1.334244
-0.026670	0.281938
-0.878081	-0.635247
-0.895314	-0.623097
-0.002279	0.307578
-0.513227	-1.329832
-0.012335	0.289678
-0.887854	-0.631030
-0.881862	-0.635503
-0.020755	0.281442
-0.511348	-1.330423
0.000922	0.318089
-0.898142	-0.617911
-0.879903	-0.630977
-0.025112	0.292059
-0.504194	-1.338502
-0.011092	0.315670
-0.890838	-0.619446
-0.893438	-0.617780
-0.007341	0.320189
-0.505354	-1.336751
-0.026474	0.286399
-0.878596	-0.633223
-0.897348	-0.619970
0.000192	0.314493
-0.512351	-1.330004
-0.017305	0.284025
-0.884292	-0.633788
-0.885099	-0.633457
-0.016171	0.285674
-0.512602	-1.329925
-0.000240	0.312682
-0.896968	-0.620450
-0.878351	-0.633969
-0.026684	0.285670
-0.505762	-1.336158
-0.006272	0.320632
-0.894154	-0.617235
-0.889988	-0.620278
-0.012280	0.314879
-0.503908	-1.338972
-0.024500	0.293333
-0.880443	-0.630148
-0.898240	-0.617551
0.000930	0.319820
-0.510990	-1.330636
-0.021699	0.280506
-0.881208	-0.635615
-0.888705	-0.630399
-0.011159	0.291728
-0.513356	-1.329821
-0.003075	0.305204
-0.894697	-0.623838
-0.878163	-0.635832
-0.026453	0.281732
-0.507664	-1.333677
-0.002344	0.322800
-0.896651	-0.616141
-0.886257	-0.623603
-0.017302	0.307857
-0.503146	-1.340220
-0.020993	0.300755
-0.883365	-0.626553
-0.897874	-0.616272
-0.000170	0.322758
-0.509245	-1.332001
-0.024948	0.279521
-0.879035	-0.636229
-0.892212	-0.626912
-0.006374	0.299287
-0.513577	-1.329822
-0.007205	0.297519
-0.891597	-0.627483
-0.879349	-0.636293
-0.024459	0.280267
-0.509587	-1.331669
0.000167	0.321753
-0.898036	-0.616282
-0.882766	-0.627379
-0.021732	0.299890
-0.503225	-1.340084
-0.016406	0.308592
-0.886939	-0.622803
-0.896270	-0.616292
-0.002971	0.322735
-0.507305	-1.334117
-0.026632	0.281603
-0.878092	-0.635309
-0.895185	-0.623319
-0.002445	0.307143
-0.513257	-1.329827
-0.012081	0.290037
-0.888038	-0.630871
-0.881717	-0.635562
-0.020963	0.281482
-0.511272	-1.330464
0.000933	0.318655
-0.898169	-0.617864
-0.880014	-0.630841
-0.024987	0.292259
-0.504129	-1.338610
-0.011348	0.315580
-0.890656	-0.619675
-0.893596	-0.617602
-0.007107	0.320295
-0.505440	-1.336623
-0.026528	0.286140
-0.878537	-0.633268
-0.897271	-0.620106
0.000107	0.313990
-0.512408	-1.329990
-0.017062	0.284394
-0.884464	-0.633667
-0.884923	-0.633588
-0.016418	0.285308
-0.512550	-1.329937
-0.000139	0.312736
-0.897055	-0.620297
-0.878397	-0.633804
-0.026647	0.285942
-0.505673	-1.336274
-0.006498	0.320519
-0.894003	-0.617266
-0.890172	-0.620175
-0.012023	0.314969
-0.503967	-1.338875
-0.024639	0.292707
-0.880321	-0.630300
-0.898225	-0.617703
0.000937	0.319675
-0.511069	-1.330592
-0.021500	0.280475
-0.881345	-0.635574
-0.888522	-0.630562
-0.011412	0.291368
-0.513331	-1.329819
-0.002897	0.305628
-0.894834	-0.623603
-0.878139	-0.635653
-0.026508	0.281643
-0.507565	-1.333784
-0.002512	0.322641
-0.896550	-0.616077
-0.886444	-0.623488
-0.017057	0.308395
-0.503165	-1.340189
-0.021200	0.300623
-0.883198	-0.626639
-0.897923	-0.616307
-0.000071	0.322538
-0.509340	-1.331921
-0.024819	0.279549
-0.879117	-0.636158
-0.892045	-0.627063
-0.006599	0.298904
-0.513579	-1.329822
-0.006973	0.297898
-0.891768	-0.627199
-0.879258	-0.636380
-0.024599	0.280249
-0.509493	-1.331768
0.000080	0.321963
-0.897996	-0.616231
-0.882928	-0.627161
-0.021533	0.300465
-0.503201	-1.340125
-0.016654	0.308494
-0.886751	-0.623055
-0.896378	-0.616342
-0.002794	0.322887
-0.507404	-1.334010
-0.026589	0.281703
-0.878107	-0.635505
-0.895054	-0.623418
-0.002614	0.306711
-0.513286	-1.329829
-0.011827	0.290396
-0.888222	-0.630710
-0.881574	-0.635616
-0.021169	0.281519
-0.511196	-1.330506
0.000938	0.318789
-0.898193	-0.617696
-0.880128	-0.630701
-0.024858	0.292894
-0.504066	-1.338714
-0.011603	0.315053
-0.890473	-0.619772
-0.893752	-0.617560
-0.006874	0.320403
-0.505528	-1.336510
-0.026577	0.285878
-0.878481	-0.633449
-0.897192	-0.620246
0.000017	0.313927
-0.512463	-1.329977
-0.016819	0.284763
-0.884637	-0.633544
-0.884748	-0.633716
-0.016663	0.285380
-0.512497	-1.329950
-0.000042	0.313229
-0.897139	-0.620148
-0.878447	-0.633633
-0.026606	0.286211
-0.505584	-1.336406
-0.006727	0.319973
-0.893851	-0.617433
-0.890357	-0.619940
-0.011766	0.315496
-0.504027	-1.338786
-0.024775	0.292516
-0.880202	-0.630448
-0.898206	-0.617736
0.000939	0.319535
-0.511147	-1.330548
-0.021299	0.280880
-0.881485	-0.635528
-0.888338	-0.630723
-0.011665	0.291008
-0.513304	-1.329823
-0.002723	0.306055
-0.894969	-0.623499
-0.878119	-0.635609
-0.026559	0.281988
-0.507466	-1.333912
-0.002683	0.322485
-0.896446	-0.616147
-0.886632	-0.623236
-0.016811	0.308495
-0.503186	-1.340151
-0.021404	0.300051
-0.883032	-0.626862
-0.897969	-0.616347
0.000023	0.322757
-0.509434	-1.331841
-0.024686	0.279573
-0.879202	-0.636221
-0.891876	-0.627215
-0.006827	0.298522
-0.513579	-1.329822
-0.006744	0.298279
-0.891938	-0.627046
-0.879171	-0.636321
-0.024734	0.280227
-0.509400	-1.331847
-0.000011	0.322178
-0.897952	-0.616187
-0.883092	-0.626940
-0.021330	0.300602
-0.503178	-1.340162
-0.016901	0.307958
-0.886563	-0.623171
-0.896484	-0.616268
-0.002620	0.323041
-0.507502	-1.333883
-0.026541	0.281360
-0.878126	-0.635553
-0.894920	-0.623648
-0.002786	0.306281
-0.513314	-1.329825
-0.011573	0.290756
-0.888405	-0.630549
-0.881434	-0.635665
-0.021372	0.281116
-0.511119	-1.330549
0.000939	0.318927
-0.898214	-0.617659
-0.880245	-0.630556
-0.024726	0.293088
-0.504005	-1.338805
-0.011860	0.314963
-0.890290	-0.619872
-0.893906	-0.617522
-0.006644	0.320513
-0.505616	-1.336379
-0.026621	0.285611
-0.878429	-0.633624
-0.897109	-0.620392
-0.000077	0.313431
-0.512517	-1.329951
-0.016574	0.284692
-0.884811	-0.633418
-0.884574	-0.633842
-0.016908	0.285012
-0.512443	-1.329962
0.000050	0.313290
-0.897221	-0.620005
-0.878501	-0.633598
-0.026560	0.286476
-0.505496	-1.336537
-0.006959	0.319864
-0.893696	-0.617472
-0.890540	-0.619841
-0.011510	0.315586
-0.504089	-1.338683
-0.024906	0.292321
-0.880086	-0.630591
-0.898185	-0.617900
0.000937	0.318963
-0.511224	-1.330505
-0.021095	0.280844
-0.881626	-0.635477
-0.888155	-0.630884
-0.011919	0.290648
-0.513276	-1.329821
-0.002552	0.306485
-0.895102	-0.623271
-0.878101	-0.635558
-0.026605	0.281891
-0.507368	-1.334019
-0.002858	0.322332
-0.896339	-0.616222
-0.886819	-0.623120
-0.016564	0.309030
-0.503209	-1.340113
-0.021606	0.299914
-0.882869	-0.627081
-0.898011	-0.616394
0.000112	0.322544
-0.509527	-1.331742
-0.024548	0.279594
-0.879291	-0.636138
-0.891706	-0.627498
-0.007057	0.298143
-0.513578	-1.329822
-0.006517	0.298661
-0.892106	-0.626895
-0.879087	-0.636396
-0.024866	0.280202
-0.509305	-1.331927
-0.000107	0.322395
-0.897906	-0.616148
-0.883258	-0.626717
-0.021125	0.301173
-0.503158	-1.340196
-0.017146	0.307421
-0.886376	-0.623423
-0.896587	-0.616200
-0.002450	0.323198
-0.507601	-1.333775
-0.026489	0.281013
-0.878148	-0.635595
-0.894785	-0.623881
-0.002962	0.305855
-0.513340	-1.329827
-0.011320	0.291116
-0.888589	-0.630388
-0.881295	-0.635710
-0.021573	0.281149
-0.511040	-1.330593
0.000935	0.319069
-0.898231	-0.617503
-0.880365	-0.630407
-0.024589	0.293278
-0.503945	-1.338904
-0.012116	0.314436
-0.890105	-0.620107
-0.894059	-0.617357
-0.006415	0.321060
-0.505705	-1.336247
-0.026661	0.285341
-0.878380	-0.633652
-0.897024	-0.620542
-0.000175	0.312939
-0.512569	-1.329938
-0.016328	0.285058
-0.884987	-0.633289
-0.884401	-0.633964
-0.017151	0.284643
-0.512387	-1.329975
0.000138	0.313791
-0.897300	-0.619866
-0.878558	-0.633414
-0.026509	0.286737
-0.505409	-1.336666
-0.007192	0.319757
-0.893539	-0.617516
-0.890722	-0.619745
-0.011255	0.316113
-0.504152	-1.338589
-0.025033	0.291685
-0.879973	-0.630730
