-0.296603	0.905165
-0.744644	0.079124
-0.481423	0.385331
-0.504825	0.337826
-0.708407	0.103462
-0.324207	0.832973
-0.977622	-0.035866
-0.043660	1.252428
-1.057745	-0.045337
-0.050302	1.243228
-0.972920	-0.035475
-0.328512	0.820459
-0.702548	0.108145
-0.508712	0.329809
-0.477709	0.393998
-0.750511	0.074948
-0.291941	0.916895
-1.007307	-0.032298
-0.000718	1.330171
-1.054851	-0.038387
-0.118503	1.166220
-0.921083	-0.025332
-0.366320	0.699682
-0.648070	0.146041
-0.542313	0.266275
-0.446070	0.462965
-0.795199	0.043216
-0.253157	0.994001
-1.028733	-0.027949
0.031265	1.432497
-1.045796	-0.029853
-0.190926	1.083653
-0.857599	0.002065
-0.403666	0.573705
-0.593813	0.192108
-0.580823	0.206456
-0.413403	0.544612
-0.841555	0.011110
-0.207610	1.061760
-1.042245	-0.029144
0.039080	1.470978
-1.033840	-0.028114
-0.238427	1.017190
-0.810633	0.031890
-0.434430	0.489291
-0.555262	0.243885
-0.627363	0.161313
-0.380257	0.652016
-0.897950	-0.017140
-0.146201	1.136726
-1.052356	-0.034349
0.010882	1.362036
-1.015312	-0.029775
-0.280785	0.942192
-0.764247	0.066402
-0.469088	0.413266
-0.517936	0.313156
-0.688925	0.117504
-0.338400	0.791979
-0.961510	-0.034391
-0.066179	1.224187
-1.057518	-0.044342
-0.031097	1.271005
-0.986459	-0.035361
-0.315840	0.856067
-0.719734	0.096095
-0.497685	0.351831
-0.488469	0.371130
-0.734013	0.086101
-0.304967	0.884964
-0.996693	-0.034426
-0.016280	1.297052
-1.056697	-0.042112
-0.088921	1.198351
-0.944479	-0.031250
-0.351181	0.751350
-0.670594	0.130756
-0.529346	0.291249
-0.458345	0.437153
-0.779643	0.055429
-0.267521	0.969612
-1.022797	-0.027960
0.021926	1.398619
-1.049009	-0.030913
-0.172695	1.106604
-0.874577	-0.006179
-0.393989	0.605481
-0.607490	0.178923
-0.569772	0.221503
-0.422271	0.520410
-0.828324	0.019702
-0.221083	1.043449
-1.039009	-0.028391
0.045655	1.542255
0.043835	1.512385
-1.037426	-0.028061
-0.226873	1.034629
-0.822507	0.023894
-0.426243	0.509739
-0.564957	0.228920
-0.613871	0.172778
-0.389550	0.620490
-0.882258	-0.010094
-0.164171	1.116718
-1.050234	-0.031844
0.018049	1.385446
-1.020238	-0.028232
-0.272626	0.959667
-0.773880	0.059830
-0.462657	0.427419
-0.524827	0.300698
-0.678266	0.125112
-0.345925	0.768733
-0.951897	-0.032737
-0.079174	1.209379
-1.057124	-0.043072
-0.022512	1.285628
-0.992435	-0.034656
-0.309765	0.872428
-0.727815	0.090850
-0.492631	0.362302
-0.045770	-1.587815
-0.493552	0.361001
-0.726388	0.091636
-0.310852	0.869998
-0.991413	-0.034881
-0.023992	1.283265
-1.057208	-0.043272
-0.076888	1.211650
-0.953611	-0.032895
-0.344645	0.772490
-0.680104	0.124419
-0.523687	0.302414
-0.463731	0.425355
-0.772350	0.060737
-0.273949	0.957145
-1.019506	-0.028617
0.016969	1.382160
-1.050575	-0.032126
-0.161562	1.119495
-0.884574	-0.010849
-0.388186	0.624939
-0.615833	0.171365
-0.563484	0.230824
-0.427464	0.507144
-0.820699	0.024819
-0.228649	1.032436
-1.036905	-0.028157
0.043198	1.505192
0.046150	1.564498
-1.039518	-0.028382
-0.219083	1.045898
-0.830308	0.018539
-0.420906	0.523626
-0.571436	0.219571
-0.605307	0.180706
-0.395511	0.600865
-0.871899	-0.005335
-0.175621	1.103104
-1.048547	-0.030733
0.023372	1.403392
-1.023728	-0.027818
-0.265483	0.972942
-0.781896	0.053941
-0.456586	0.440364
-0.531181	0.287885
-0.667387	0.132577
-0.353353	0.744490
-0.941280	-0.030781
-0.093065	1.193950
-1.056486	-0.041694
-0.013777	1.301549
-0.998394	-0.033964
-0.302965	0.889639
-0.736570	0.084600
-0.486741	0.374119
-0.499411	0.348533
-0.716939	0.097623
-0.317913	0.850718
-0.984315	-0.035589
-0.034155	1.266413
-1.057607	-0.044693
-0.061908	1.228912
-0.964610	-0.034506
-0.335808	0.799102
-0.692529	0.115145
-0.515510	0.317440
-0.471343	0.408318
-0.760697	0.068377
-0.283712	0.936145
-1.013340	-0.030463
0.008031	1.353805
-1.053078	-0.035353
-0.139076	1.144148
-0.904019	-0.019261
-0.376647	0.664053
-0.632687	0.157511
-0.551749	0.249460
-0.437508	0.482371
-0.806399	0.034801
-0.242499	1.011078
-1.032490	-0.028108
0.037094	1.459392
-1.043290	-0.029332
-0.202921	1.067784
-0.846101	0.008548
-0.410532	0.552367
-0.584551	0.202099
-0.589733	0.195889
-0.406648	0.564694
-0.852507	0.004787
-0.196266	1.076926
-1.044713	-0.029720
0.033964	1.443859
-1.030450	-0.027932
-0.248419	1.001481
-0.800203	0.039758
-0.442182	0.470942
-0.546544	0.258824
-0.641005	0.150879
-0.371052	0.683821
-0.913342	-0.022877
-0.127937	1.156485
-1.054092	-0.037028
0.003415	1.340722
-1.010153	-0.031336
-0.288174	0.925473
-0.755208	0.072312
-0.474780	0.400325
-0.511825	0.324517
-0.697955	0.111065
-0.331871	0.811144
-0.969161	-0.035220
-0.055578	1.236914
-1.057702	-0.045129
-0.039078	1.258830
-0.980853	-0.035656
-0.321197	0.840856
-0.712494	0.101022
-0.502198	0.342588
-0.483982	0.380267
-0.740712	0.081570
-0.299708	0.897851
-1.001105	-0.033712
-0.009791	1.309768
-1.056091	-0.040855
-0.100108	1.185969
-0.935783	-0.029309
-0.356995	0.731868
-0.661984	0.136644
-0.534264	0.281518
-0.453641	0.446686
-0.785627	0.050605
-0.262073	0.979068
-1.025209	-0.027821
0.025693	1.411573
-1.047783	-0.030369
-0.180187	1.097370
-0.867683	-0.002830
-0.397903	0.592274
-0.601897	0.184023
-0.574093	0.215343
-0.418746	0.529991
-0.833473	0.016190
-0.215876	1.050435
-1.040310	-0.028651
0.042138	1.494397
-1.036070	-0.028045
-0.231409	1.027751
-0.817876	0.027025
-0.429380	0.501700
-0.561188	0.234633
-0.618937	0.168280
-0.386036	0.632477
-0.888209	-0.012842
-0.157435	1.124559
-1.051088	-0.032704
0.015313	1.376425
-1.018372	-0.028834
-0.275905	0.952904
-0.770063	0.062673
-0.465288	0.421673
-0.522022	0.305956
-0.682720	0.122210
-0.342810	0.778625
-0.956006	-0.033542
-0.073668	1.215749
-1.057315	-0.043612
-0.026080	1.279488
-0.989964	-0.035005
-0.312353	0.865583
-0.724402	0.093144
-0.494805	0.357996
-0.045896	-1.584170
-0.491371	0.365306
-0.729722	0.089234
-0.308300	0.876496
-0.993773	-0.034706
-0.020564	1.289448
-1.057004	-0.042765
-0.082184	1.205897
-0.949625	-0.032202
-0.347578	0.763001
-0.675871	0.127259
-0.526273	0.297289
-0.461286	0.430904
-0.775772	0.058295
-0.270970	0.963127
-1.021112	-0.028162
0.019354	1.390211
-1.049821	-0.031441
-0.167193	1.113178
-0.879555	-0.008527
-0.391128	0.614876
-0.611602	0.175358
-0.566669	0.226076
-0.424829	0.513859
-0.824595	0.022110
-0.224809	1.037944
-1.038012	-0.028192
0.044530	1.521873
0.045010	1.529286
-1.038427	-0.028128
-0.223291	1.039855
-0.826120	0.021292
-0.423787	0.516385
-0.567931	0.224492
-0.609928	0.176244
-0.392292	0.611338
-0.877541	-0.007926
-0.169430	1.110802
-1.049501	-0.031297
0.020370	1.393369
-1.021783	-0.027961
-0.269635	0.965399
-0.777280	0.057567
-0.460158	0.433009
-0.527454	0.295544
-0.673865	0.128136
-0.348953	0.758819
-0.947689	-0.032110
-0.084730	1.203060
-1.056894	-0.042531
-0.018923	1.291949
-0.994894	-0.034485
-0.307039	0.879401
-0.731352	0.088303
-0.490274	0.367262
-0.046141	-1.570703
-0.495893	0.356045
-0.722647	0.093901
-0.313669	0.862329
-0.988660	-0.035208
-0.027951	1.276565
-1.057399	-0.043888
-0.070819	1.218551
-0.958112	-0.033632
-0.341154	0.783252
-0.685063	0.120739
-0.520498	0.308073
-0.466708	0.418725
-0.767922	0.063799
-0.277716	0.949447
-1.017272	-0.029274
0.013717	1.371232
-1.051564	-0.033253
-0.153392	1.128586
-0.891740	-0.014118
-0.383943	0.638895
-0.621974	0.166263
-0.558997	0.237411
-0.431227	0.497439
-0.815186	0.028545
-0.234024	1.024074
-1.035255	-0.028179
0.041057	1.485348
-1.041048	-0.028788
-0.212788	1.054509
-0.836504	0.014612
-0.416709	0.534885
-0.576629	0.212169
-0.598749	0.186903
-0.400129	0.585234
-0.863766	-0.001116
-0.184388	1.092229
-1.047038	-0.030211
0.027869	1.419220
-1.026588	-0.027735
-0.258718	0.984677
-0.789257	0.048194
-0.450762	0.452555
-0.537300	0.276050
-0.656685	0.139705
-0.360552	0.719847
-0.930274	-0.028238
-0.107076	1.178568
-1.055657	-0.040000
-0.006154	1.317244
-1.003584	-0.033116
-0.296660	0.905241
-0.744572	0.079251
-0.481471	0.385494
-0.504776	0.338033
-0.708484	0.103333
-0.324151	0.832888
-0.977683	-0.035880
-0.043573	1.252553
-1.057745	-0.045335
-0.050398	1.243102
-0.972851	-0.035466
-0.328574	0.820202
-0.702463	0.107940
-0.508770	0.329987
-0.477654	0.394206
-0.750600	0.075150
-0.291871	0.917152
-1.007362	-0.032291
-0.000638	1.330484
-1.054837	-0.038358
-0.118682	1.166070
-0.920937	-0.025192
-0.366411	0.699444
-0.647935	0.146095
-0.542393	0.266123
-0.445996	0.463154
-0.795294	0.043131
-0.253067	0.994248
-1.028766	-0.027974
0.031317	1.432575
-1.045775	-0.029830
-0.191032	1.083440
-0.857499	0.002356
-0.403725	0.573490
-0.593733	0.192238
-0.580895	0.206311
-0.413347	0.544823
-0.841644	0.011046
-0.207520	1.061980
-1.042265	-0.029172
0.039042	1.470756
-1.033814	-0.028084
-0.238508	1.016955
-0.810548	0.031978
-0.434491	0.489089
-0.555192	0.244043
-0.627468	0.161218
-0.380186	0.652245
-0.898071	-0.017124
-0.146060	1.136908
-1.052371	-0.034379
0.010824	1.361939
-1.015273	-0.029758
-0.280846	0.942261
-0.764174	0.066526
-0.469136	0.413046
-0.517885	0.313361
-0.689003	0.117701
-0.338344	0.792236
-0.961579	-0.034409
-0.066084	1.224328
-1.057520	-0.044352
-0.031166	1.270876
-0.986412	-0.035332
-0.315887	0.855814
-0.719671	0.096240
-0.497725	0.351611
-0.488429	0.371352
-0.734075	0.086270
-0.304919	0.885216
-0.996735	-0.034311
-0.016219	1.297173
-1.056692	-0.042094
-0.089026	1.198199
-0.944399	-0.031237
-0.351237	0.751096
-0.670512	0.130887
-0.529394	0.291044
-0.458299	0.437000
-0.779704	0.055293
-0.267466	0.969541
-1.022823	-0.027997
0.021966	1.398914
-1.048996	-0.030938
-0.172784	1.106399
-0.874495	-0.006122
-0.394036	0.605249
-0.607423	0.179075
-0.569825	0.221324
-0.422227	0.520634
-0.828389	0.019598
-0.221018	1.043370
-1.039026	-0.028345
0.045672	1.542776
0.043811	1.512200
-1.037408	-0.028108
-0.226940	1.034706
-0.822439	0.023725
-0.426291	0.509521
-0.564900	0.229096
-0.613950	0.172643
-0.389495	0.620720
-0.882352	-0.010127
-0.164065	1.116918
-1.050249	-0.031872
0.018000	1.385345
-1.020206	-0.028315
-0.272687	0.959416
-0.773810	0.059958
-0.462709	0.427202
-0.524773	0.300526
-0.678358	0.124996
-0.345861	0.768991
-0.951985	-0.032731
-0.079057	1.209518
-1.057129	-0.043070
-0.022593	1.285514
-0.992380	-0.034642
-0.309826	0.872171
-0.727736	0.090975
-0.492686	0.362097
-0.045765	-1.587873
-0.493499	0.360833
-0.726476	0.091524
-0.310786	0.869923
-0.991478	-0.034875
-0.023899	1.283612
-1.057203	-0.043268
-0.077039	1.211526
-0.953498	-0.032751
-0.344732	0.772229
-0.679981	0.124498
-0.523766	0.302243
-0.463657	0.425552
-0.772460	0.060659
-0.273855	0.957410
-1.019560	-0.028606
0.017048	1.382432
-1.050549	-0.032097
-0.161763	1.119306
-0.884397	-0.010937
-0.388292	0.624372
-0.615681	0.171744
-0.563599	0.230737
-0.427369	0.507313
-0.820843	0.024544
-0.228509	1.032677
-1.036948	-0.028157
0.043249	1.505734
0.046113	1.559931
-1.039476	-0.028371
-0.219252	1.045662
-0.830141	0.018774
-0.421022	0.523476
-0.571295	0.219615
-0.605494	0.180378
-0.395381	0.601041
-0.872130	-0.005421
-0.175370	1.103600
-1.048587	-0.030793
0.023244	1.402982
-1.023646	-0.027859
-0.265668	0.972654
-0.781693	0.054200
-0.456746	0.439883
-0.531014	0.288310
-0.667682	0.132400
-0.353154	0.745098
-0.941577	-0.030845
-0.092682	1.194267
-1.056506	-0.041739
-0.014006	1.301089
-0.998239	-0.033988
-0.303150	0.889016
-0.736334	0.084834
-0.486901	0.374036
-0.499251	0.348984
-0.717199	0.097417
-0.317721	0.851008
-0.984516	-0.035668
-0.033869	1.266886
-1.057600	-0.044660
-0.062301	1.228405
-0.964326	-0.034478
-0.336049	0.798467
-0.692195	0.115607
-0.515737	0.317073
-0.471132	0.408746
-0.761033	0.068281
-0.283437	0.936803
-1.013530	-0.030456
0.008305	1.354558
-1.053011	-0.035236
-0.139758	1.143502
-0.903441	-0.019065
-0.376992	0.662839
-0.632177	0.158061
-0.552079	0.248578
-0.437216	0.482700
-0.806796	0.034276
-0.242119	1.011684
-1.032618	-0.028091
0.037286	1.460429
-1.043194	-0.029321
-0.203358	1.067251
-0.845679	0.008918
-0.410795	0.551608
-0.584206	0.202536
-0.590099	0.195486
-0.406378	0.565461
-0.852963	0.004487
-0.195790	1.077448
-1.044812	-0.029718
0.033727	1.442773
-1.030298	-0.027871
-0.248848	1.000848
-0.799752	0.039955
-0.442530	0.470295
-0.546162	0.259652
-0.641633	0.150497
-0.370631	0.685043
-0.914037	-0.023283
-0.127096	1.157333
-1.054163	-0.037181
0.003055	1.339791
-1.009905	-0.031436
-0.288510	0.924795
-0.754791	0.072610
-0.475040	0.399583
-0.511548	0.325196
-0.698364	0.110709
-0.331572	0.811790
-0.969500	-0.035312
-0.055104	1.237351
-1.057707	-0.045152
-0.039472	1.258158
-0.980576	-0.035688
-0.321457	0.840215
-0.712141	0.101431
-0.502424	0.342219
-0.483762	0.380658
-0.741049	0.081472
-0.299443	0.898498
-1.001323	-0.033704
-0.009470	1.310366
-1.056055	-0.040795
-0.100704	1.185161
-0.935315	-0.029294
-0.357302	0.730565
-0.661528	0.136939
-0.534525	0.281222
-0.453393	0.447451
-0.785941	0.050488
-0.261784	0.979701
-1.025331	-0.027829
0.025885	1.412288
-1.047719	-0.030391
-0.180563	1.096870
-0.867334	-0.002660
-0.398102	0.591785
-0.601615	0.184205
-0.574318	0.215067
-0.418564	0.530450
-0.833742	0.016101
-0.215602	1.050982
-1.040377	-0.028708
0.042043	1.493586
-1.035997	-0.028084
-0.231646	1.027493
-0.817632	0.027172
-0.429547	0.501232
-0.560989	0.234963
-0.619211	0.168083
-0.385847	0.633004
-0.888529	-0.013012
-0.157070	1.124727
-1.051132	-0.032775
0.015165	1.375802
-1.018271	-0.028807
-0.276076	0.952607
-0.769863	0.062643
-0.465424	0.421537
-0.521877	0.306050
-0.682948	0.121935
-0.342650	0.778899
-0.956214	-0.033531
-0.073389	1.216076
-1.057323	-0.043647
-0.026266	1.279204
-0.989835	-0.034967
-0.312485	0.865303
-0.724226	0.093144
-0.494917	0.357482
-0.045912	-1.583541
-0.491259	0.365447
-0.729893	0.089227
-0.308169	0.876775
