0.469674	0.594131
0.270210	-0.440389
-0.076415	-0.859279
-0.360572	-0.179587
-0.502423	1.081122
0.498201	1.434716
0.385403	-0.043195
0.114590	-0.792237
-0.245957	-0.483796
-0.459966	0.538047
0.394709	2.323650
0.414097	0.220195
0.149494	-0.677742
-0.227909	-0.474922
-0.455987	0.633372
0.424195	2.057139
0.372072	0.092335
0.056997	-0.759301
-0.306773	-0.142418
-0.464015	1.480023
0.468253	0.993102
0.260551	-0.333414
-0.117198	-0.706451
-0.400880	0.194427
-0.390287	2.311162
0.452506	0.532079
0.224265	-0.510245
-0.148864	-0.698700
-0.410447	0.157625
-0.442518	2.056985
0.477701	0.659620
0.289848	-0.396758
-0.044614	-0.892282
-0.341661	-0.254295
-0.497517	0.912300
0.486641	1.647386
0.396221	0.030603
0.130330	-0.755824
-0.235464	-0.502177
-0.455822	0.518425
0.383501	2.372203
0.413295	0.227181
0.146105	-0.677594
-0.232263	-0.453574
-0.458410	0.689890
0.435761	1.942384
0.358604	0.044654
0.030968	-0.772003
-0.323489	-0.079500
-0.457060	1.639503
0.465326	0.873456
0.249014	-0.381322
-0.129920	-0.691961
-0.406725	0.215863
-0.380314	2.370148
0.451760	0.513185
0.223733	-0.516749
-0.148425	-0.703984
-0.409499	0.143106
-0.450415	2.002697
0.481129	0.688578
0.298514	-0.376936
-0.029920	-0.902067
-0.333068	-0.283335
-0.494440	0.852646
0.480094	1.733829
0.400433	0.060493
0.136741	-0.741034
-0.230822	-0.511404
-0.453800	0.502106
0.373832	2.417711
0.415085	0.238900
0.149478	-0.671024
-0.229258	-0.463475
-0.457032	0.668052
0.431368	1.984557
0.362738	0.061307
0.038581	-0.768199
-0.318897	-0.094555
-0.458712	1.602105
0.465800	0.900398
0.250896	-0.371338
-0.128311	-0.691871
-0.406247	0.219231
-0.375733	2.388758
0.450082	0.505143
0.219424	-0.523642
-0.154478	-0.686479
-0.413758	0.181009
-0.431063	2.135652
0.473799	0.621185
0.280497	-0.419548
-0.059583	-0.880010
-0.350242	-0.224029
-0.500173	0.974739
0.492155	1.565189
0.392844	0.004081
0.126056	-0.768015
-0.237951	-0.500670
-0.456532	0.512268
0.380218	2.394244
0.416596	0.237974
0.153922	-0.668418
-0.224059	-0.486014
-0.454176	0.608283
0.417309	2.110620
0.376797	0.110904
0.065995	-0.752159
-0.300810	-0.164623
-0.465444	1.427226
0.468585	1.036754
0.263848	-0.317704
-0.113798	-0.708375
-0.399613	0.194048
-0.387338	2.321602
0.450854	0.527138
0.219966	-0.515952
-0.155073	-0.680277
-0.414904	0.198275
-0.418785	2.206582
0.469166	0.589151
0.269122	-0.443272
-0.078060	-0.857271
-0.361478	-0.175814
-0.502613	1.088699
0.498514	1.426585
0.385093	-0.045910
0.114314	-0.793357
-0.245996	-0.485027
-0.459893	0.535461
0.393321	2.332364
0.415006	0.223732
0.151585	-0.674717
-0.225799	-0.482921
-0.454853	0.613842
0.418955	2.100617
0.376563	0.109216
0.065855	-0.752878
-0.300820	-0.164848
-0.465789	1.422382
0.468839	1.040625
0.264730	-0.315416
-0.112463	-0.711311
-0.398815	0.188816
-0.391924	2.298603
0.452125	0.535581
0.222881	-0.510786
-0.151204	-0.690574
-0.412279	0.176037
-0.432544	2.122955
0.473810	0.627089
0.280334	-0.418170
-0.060262	-0.878209
-0.350821	-0.220677
-0.500311	0.985706
0.492687	1.550706
0.391494	-0.003088
0.123479	-0.772044
-0.240130	-0.493657
-0.457706	0.527169
0.388986	2.348243
0.413449	0.222963
0.147120	-0.678400
-0.230841	-0.460810
-0.457631	0.669012
0.431965	1.982896
0.363508	0.061003
0.040315	-0.768428
-0.317622	-0.101132
-0.459909	1.583580
0.466474	0.913522
0.252961	-0.365511
-0.125590	-0.697266
-0.404696	0.208718
-0.384573	2.346505
0.452236	0.520890
0.224477	-0.513224
-0.147801	-0.704451
-0.409295	0.144312
-0.449943	2.005455
0.480796	0.686468
0.297580	-0.379144
-0.031604	-0.900894
-0.334083	-0.279323
-0.494797	0.860641
0.481015	1.721989
0.399734	0.056404
0.135541	-0.743338
-0.231805	-0.508780
-0.454266	0.508647
0.377225	2.400701
0.413962	0.234241
0.147114	-0.674578
-0.231584	-0.454572
-0.458152	0.688633
0.435360	1.944537
0.358436	0.044671
0.030480	-0.771840
-0.323833	-0.077004
-0.456694	1.644932
0.465011	0.870025
0.248277	-0.382753
-0.130980	-0.689416
-0.407315	0.221330
-0.376210	2.389188
0.450807	0.505622
0.221444	-0.520847
-0.151544	-0.695436
-0.411578	0.160714
-0.442324	2.061721
0.477979	0.657725
0.290789	-0.395604
-0.042782	-0.894480
-0.340396	-0.259856
-0.497029	0.898550
0.485448	1.667921
0.397803	0.038853
0.133241	-0.751018
-0.232976	-0.509640
-0.454493	0.501636
0.373107	2.424651
0.416792	0.243544
0.153681	-0.666168
-0.224791	-0.481190
-0.454670	0.622592
0.421055	2.078896
0.373098	0.099009
0.058602	-0.756879
-0.305936	-0.143696
-0.463722	1.479671
0.467918	0.992776
0.259592	-0.334851
-0.118798	-0.702250
-0.401976	0.204039
-0.382036	2.351111
0.450150	0.516337
0.218662	-0.520235
-0.156393	-0.678156
-0.415566	0.202342
-0.416830	2.218558
0.468760	0.583552
0.268150	-0.445687
-0.079519	-0.855505
-0.362290	-0.172510
-0.502778	1.095588
0.498951	1.418059
0.384806	-0.049609
0.114062	-0.794382
-0.246034	-0.486118
-0.459821	0.533261
0.391995	2.340470
0.415833	0.226569
0.153443	-0.672283
-0.223851	-0.490583
-0.453831	0.595407
0.413777	2.141257
0.380731	0.123752
0.074144	-0.746228
-0.295022	-0.188381
-0.467158	1.365405
0.469250	1.089764
0.269111	-0.296167
-0.107481	-0.715735
-0.396576	0.181975
-0.393679	2.284662
0.451828	0.540199
0.221713	-0.510491
-0.153266	-0.683205
-0.413953	0.193357
-0.421654	2.188793
0.469886	0.596402
0.270762	-0.438308
-0.075702	-0.859922
-0.360118	-0.180910
-0.502424	1.075772
0.497974	1.439938
0.385645	-0.041388
0.114915	-0.791322
-0.245786	-0.483868
-0.459906	0.538818
0.394895	2.322151
0.413851	0.219329
0.148926	-0.678289
-0.228515	-0.472592
-0.456290	0.639684
0.425646	2.044441
0.370722	0.087186
0.054342	-0.761085
-0.308520	-0.135403
-0.463428	1.496709
0.467988	0.980440
0.259354	-0.339036
-0.118464	-0.705453
-0.401449	0.196170
-0.389974	2.314113
0.452624	0.530862
0.224669	-0.509771
-0.148236	-0.700701
-0.409940	0.152127
-0.445094	2.039040
0.478742	0.668620
0.292392	-0.390788
-0.040375	-0.895347
-0.339210	-0.262781
-0.496694	0.894978
0.484939	1.671111
0.397308	0.039121
0.131913	-0.751709
-0.234426	-0.503722
-0.455436	0.516124
0.382411	2.376614
0.413134	0.228888
0.145661	-0.677550
-0.232815	-0.451027
-0.458670	0.697186
0.436967	1.929181
0.357048	0.039402
0.028038	-0.772981
-0.325288	-0.072208
-0.456286	1.655315
0.464955	0.862285
0.247900	-0.386152
-0.131112	-0.690428
-0.407255	0.217727
-0.379398	2.375374
0.451755	0.510899
0.223792	-0.516689
-0.148298	-0.704558
-0.409332	0.141504
-0.451516	1.995026
0.481517	0.692905
0.299557	-0.374706
-0.028149	-0.902946
-0.332044	-0.286078
-0.494082	0.845856
0.479229	1.743749
0.400861	0.064040
0.137352	-0.739642
-0.230343	-0.512761
-0.453609	0.500958
0.373014	2.421265
0.415146	0.240470
0.149572	-0.670855
-0.229197	-0.463306
-0.457045	0.667276
0.431451	1.984132
0.362707	0.060630
0.038453	-0.768302
-0.318951	-0.094687
-0.458763	1.602298
0.465818	0.899172
0.250809	-0.371319
-0.128418	-0.691781
-0.406330	0.219278
-0.375261	2.390928
0.449958	0.504769
0.219175	-0.524124
-0.154812	-0.685523
-0.413982	0.182727
-0.429922	2.142740
0.473373	0.618823
0.279600	-0.421036
-0.061077	-0.878470
-0.351116	-0.220660
-0.500434	0.982064
0.492696	1.555624
0.392367	0.000458
