0.242057	1.423019
-0.094984	0.217056
-0.022948	2.376969
0.112563	0.250915
-0.244184	1.308534
0.236850	0.953240
-0.163943	0.401213
0.151094	2.154113
0.031239	0.145268
-0.214712	1.813617
0.201383	0.590184
-0.214142	0.685657
0.229335	1.662773
-0.056654	0.165031
-0.108543	2.271217
0.145476	0.336385
-0.242076	1.084053
0.243972	1.165582
-0.133588	0.301901
0.078859	2.325063
0.071419	0.181608
-0.235450	1.572511
0.220965	0.747370
-0.192822	0.538299
0.202999	1.903023
-0.015586	0.138982
-0.171524	2.074140
0.174310	0.443181
-0.232207	0.881223
0.242824	1.395475
-0.099212	0.224789
-0.012011	2.380364
0.108485	0.242362
-0.243840	1.335667
0.235503	0.930505
-0.167233	0.413737
0.157791	2.129944
0.026406	0.142887
-0.211356	1.841424
0.198805	0.573590
-0.216313	0.704573
0.231519	1.634385
-0.061271	0.169910
-0.099580	2.289556
0.141853	0.325327
-0.242831	1.108730
0.243625	1.139259
-0.137326	0.312442
0.088492	2.309843
0.066891	0.176025
-0.233641	1.600860
0.218919	0.727856
-0.195515	0.554343
0.206967	1.875227
-0.020461	0.140497
-0.165511	2.099619
0.171178	0.429562
-0.233707	0.903406
0.243499	1.367827
-0.103394	0.232791
-0.001059	2.381642
0.104359	0.234062
-0.243407	1.362743
0.234177	0.907315
-0.170430	0.427069
0.164158	2.105181
0.021566	0.140808
-0.207708	1.869308
0.196174	0.557247
-0.218428	0.723757
0.233442	1.606335
-0.065866	0.174873
-0.090518	2.306321
0.138178	0.314503
-0.243394	1.134232
0.243078	1.113729
-0.141012	0.323221
0.097803	2.293170
0.062321	0.170760
-0.231736	1.628959
0.216817	0.708612
-0.198156	0.570636
0.210638	1.847449
-0.025305	0.142503
-0.158957	2.125016
0.167992	0.416183
-0.235139	0.925842
0.243948	1.340760
-0.107529	0.241055
0.009894	2.380798
0.100186	0.226021
-0.242887	1.389744
0.232689	0.885075
-0.173573	0.440641
0.170406	2.079457
0.016694	0.139223
-0.203764	1.897219
0.193491	0.541154
-0.220486	0.743212
0.235111	1.578658
-0.070404	0.180390
-0.080905	2.321916
0.134451	0.303917
-0.243757	1.160532
0.242338	1.089018
-0.144646	0.334234
0.106787	2.275155
0.057713	0.165826
-0.229736	1.656793
0.214658	0.689637
-0.200744	0.587179
0.214017	1.819743
-0.030143	0.144817
-0.152283	2.149392
0.164712	0.403615
-0.236405	0.949223
0.244308	1.313633
-0.111642	0.249161
0.020597	2.377890
0.095945	0.218605
-0.242139	1.417309
0.231132	0.863093
-0.176664	0.454452
0.176119	2.053730
0.011809	0.138038
-0.199708	1.924577
0.190755	0.525311
-0.222486	0.762936
0.236687	1.550755
-0.074900	0.186216
-0.070972	2.335959
0.130673	0.293571
-0.244150	1.186229
0.241626	1.063760
-0.148228	0.345478
0.115441	2.255906
0.053066	0.161237
-0.227474	1.684947
0.212442	0.670930
-0.203280	0.603973
0.217290	1.791587
-0.034957	0.147509
-0.145276	2.173101
0.161421	0.390708
-0.237694	0.972139
0.244579	1.286462
-0.115683	0.257911
0.031514	2.372846
0.091681	0.211094
-0.241301	1.444758
0.229509	0.841375
-0.179655	0.469109
0.181511	2.027642
0.006913	0.137258
-0.195350	1.951869
0.187966	0.509718
-0.224349	0.783623
0.238170	1.522641
-0.079354	0.192338
-0.060963	2.348173
0.126816	0.283930
-0.244338	1.212678
0.240726	1.039363
-0.151758	0.356950
0.123987	2.235195
0.048368	0.157188
-0.225114	1.712790
0.210171	0.652489
-0.205764	0.621019
0.220279	1.763582
-0.039729	0.150720
-0.137936	2.196054
0.158075	0.378043
-0.238811	0.995979
0.244633	1.259947
-0.119650	0.267337
0.042157	2.365819
0.087350	0.204195
-0.240228	1.472720
0.227738	0.820620
-0.182640	0.483402
0.186786	2.000774
0.002012	0.136887
-0.190683	1.979035
0.185073	0.494996
-0.226230	0.803890
0.239408	1.494973
-0.083745	0.199059
-0.050653	2.358665
0.122911	0.274515
-0.244562	1.238486
0.239748	1.015149
-0.155236	0.368650
0.131972	2.213766
0.043651	0.153309
-0.222484	1.740892
0.207781	0.634980
-0.208132	0.638988
0.223164	1.735186
-0.044487	0.154154
-0.130262	2.218161
0.154639	0.366165
-0.239851	1.020030
0.244601	1.233436
-0.123594	0.276574
0.052751	2.356775
0.082974	0.197563
-0.239062	1.500524
0.225986	0.799439
-0.185573	0.497932
0.191742	1.973658
-0.002891	0.136926
-0.185703	2.006011
0.182178	0.479897
-0.227968	0.825121
0.240555	1.467135
-0.088111	0.205756
-0.040048	2.367324
0.118983	0.264897
-0.244451	1.265676
0.238692	0.991135
-0.158625	0.381130
0.139623	2.191407
0.038888	0.149960
-0.219577	1.769211
0.205401	0.617064
-0.210510	0.656547
0.225602	1.707607
-0.049197	0.158119
-0.122254	2.239326
0.151150	0.354512
-0.240814	1.044277
0.244481	1.206949
-0.127490	0.286041
0.063049	2.345909
0.078575	0.190912
-0.237805	1.528154
0.224092	0.779223
-0.188405	0.513329
0.196191	1.946874
-0.007778	0.137405
-0.180405	2.032732
0.179182	0.465657
-0.229641	0.846623
0.241609	1.439142
-0.092434	0.212717
-0.029398	2.373961
0.114981	0.255961
-0.244378	1.292184
0.237559	0.967334
-0.161998	0.393289
0.146938	2.168212
0.034110	0.146840
-0.216567	1.797135
0.202906	0.600069
-0.212769	0.675041
0.228111	1.679102
-0.053889	0.162247
-0.113686	2.259756
0.147610	0.343087
-0.241698	1.068704
0.244273	1.180506
-0.131308	0.296205
0.073044	2.333331
0.074113	0.184858
-0.236303	1.556228
0.222140	0.759277
-0.191182	0.528976
0.200529	1.919469
-0.012672	0.138281
-0.174990	2.058667
0.176133	0.451655
-0.231335	0.867693
0.242428	1.411667
-0.096689	0.220291
-0.018475	2.378607
0.110930	0.247267
-0.244088	1.319344
0.236350	0.943760
-0.165279	0.406243
0.153705	2.144680
0.029291	0.144237
-0.213272	1.825204
0.200358	0.583327
-0.214972	0.693800
0.230187	1.651493
-0.058528	0.166918
-0.105011	2.278719
0.144017	0.331891
-0.242393	1.093989
0.243861	1.154820
-0.135105	0.306129
0.082727	2.319154
0.069608	0.179104
-0.234708	1.584087
0.220203	0.738915
-0.193907	0.544872
0.204752	1.891470
-0.017556	0.139560
-0.169047	2.084677
0.173033	0.437891
-0.232877	0.889722
0.243157	1.384077
-0.100922	0.227766
-0.007530	2.381141
0.106832	0.238821
-0.243708	1.346457
0.234974	0.921122
-0.168507	0.419438
0.160355	2.120101
0.024449	0.142014
-0.209872	1.852820
0.197758	0.566835
-0.217190	0.712144
0.232331	1.622992
-0.063129	0.171930
-0.096008	2.296434
0.140373	0.320928
-0.243005	1.119416
0.243365	1.129226
-0.138822	0.316766
0.092324	2.303240
0.065063	0.173661
-0.232860	1.612336
0.218133	0.719513
-0.196634	0.560370
0.208486	1.863994
-0.022424	0.141239
-0.162985	2.109783
0.169879	0.424366
-0.234260	0.912707
0.243658	1.357056
-0.105085	0.235866
0.003423	2.381554
0.102664	0.231009
-0.243240	1.373506
0.233528	0.898732
-0.171681	0.432873
0.166675	2.094947
0.019602	0.140104
-0.206181	1.880501
0.195106	0.550594
-0.219283	0.731437
0.234215	1.594837
-0.067691	0.177270
-0.086679	2.312796
0.136678	0.310199
-0.243533	1.144963
0.242786	1.103744
-0.142487	0.327640
0.101596	2.285899
0.060460	0.168771
-0.230916	1.640328
0.216006	0.700380
-0.199255	0.576760
0.212113	1.836014
-0.027275	0.143309
-0.156384	2.134780
0.166672	0.411081
-0.235662	0.935243
0.244072	1.329964
-0.109202	0.244224
0.014135	2.379884
0.098473	0.223067
-0.242546	1.401132
0.232013	0.876595
