-0.111929	-6.198957
0.425243	-1.960227
0.897785	-0.505147
-1.501225	-0.203305
1.357668	-0.187596
-1.128229	-0.127891
1.533544	0.868737
-0.708678	-0.965277
0.848914	-4.085314
-0.173297	-2.490513
-0.276423	-5.919875
0.508530	-1.694825
0.962770	-0.377919
-1.463367	-0.272417
1.412563	-0.251222
-1.047144	-0.226079
1.373888	2.038192
-0.618968	-1.290991
0.552355	-5.115455
-0.011071	-2.609420
-0.518082	-5.228520
0.606894	-1.338226
1.038122	-0.243522
-1.417990	-0.256535
1.458825	-0.277277
-0.970092	-0.362404
-0.517468	-1.663572
0.294858	-5.876900
0.160460	-2.507615
-0.822092	-4.179997
0.701190	-0.991604
-1.528783	0.934282
1.120366	-0.136757
-1.363513	-0.191609
1.497772	-0.215280
-0.903987	-0.490820
-0.433487	-1.934008
0.126018	-6.183637
0.276687	-2.322121
-1.139853	-3.033154
0.779415	-0.767038
-1.550236	0.286519
1.217286	-0.104041
-1.282882	-0.127197
1.535610	-0.005961
-0.828987	-0.652390
-0.336662	-2.196903
-0.038625	-6.251265
0.384341	-2.079810
0.867864	-0.571097
-1.516806	-0.144455
1.328339	-0.161629
-1.165100	-0.109720
1.547613	0.594178
-0.739399	-0.872075
0.962866	-3.680758
-0.221170	-2.419789
-0.207544	-6.061592
0.475327	-1.805170
0.936893	-0.425666
-1.478794	-0.255403
1.392481	-0.226954
-1.078618	-0.179715
1.486451	1.350746
-0.657070	-1.147878
0.668852	-4.717921
-0.080792	-2.584312
-0.412395	-5.559717
0.567922	-1.486686
1.010077	-0.294886
-1.434306	-0.276100
1.444020	-0.282816
-0.993754	-0.322716
-0.546317	-1.563950
0.358462	-5.713905
0.116805	-2.556484
-0.735906	-4.483487
0.676940	-1.078122
-1.510126	1.144144
1.096967	-0.160677
-1.379996	-0.211941
1.487400	-0.241541
-0.921949	-0.454606
-0.455868	-1.866372
0.168193	-6.127332
0.247927	-2.376233
-1.040324	-3.401832
0.758575	-0.820208
-1.550949	0.435781
1.190050	-0.106236
-1.307111	-0.144681
1.526401	-0.088993
-0.848576	-0.611614
-0.359487	-2.143750
-0.003799	-6.258538
0.363460	-2.135187
0.851941	-0.606407
-1.524710	-0.100075
1.311098	-0.148527
-1.185437	-0.104412
1.550682	0.462883
-0.755049	-0.828677
1.024780	-3.458259
-0.243254	-2.383043
-0.176276	-6.114611
0.459551	-1.855755
0.924920	-0.450496
-1.485658	-0.244170
1.382629	-0.215794
-1.093120	-0.162951
1.506263	1.181454
-0.672905	-1.090459
0.720718	-4.537040
-0.109437	-2.562667
-0.370521	-5.680214
0.550856	-1.550050
0.997516	-0.317302
-1.441726	-0.281325
1.436665	-0.279366
-1.005992	-0.301297
-0.562342	-1.506420
0.397519	-5.603630
0.090409	-2.578149
-0.687150	-4.653972
0.662316	-1.131369
-1.493916	1.290188
1.083537	-0.176476
-1.389152	-0.222537
1.481135	-0.253616
-0.932770	-0.432823
-0.469985	-1.821041
0.196038	-6.082107
0.228716	-2.408958
-0.984577	-3.603000
0.744868	-0.858471
-1.548986	0.547012
1.172294	-0.109241
-1.322308	-0.155945
1.519674	-0.130671
-0.862155	-0.582542
-0.376960	-2.097972
0.024849	-6.255565
0.345189	-2.178830
0.836468	-0.639753
-1.532179	-0.040141
1.292491	-0.135262
-1.206677	-0.103226
1.550990	0.341481
-0.771459	-0.785090
1.098793	-3.187168
-0.266093	-2.341609
-0.142230	-6.163638
0.441710	-1.911129
0.910712	-0.477452
-1.493965	-0.224579
1.369773	-0.200529
-1.111655	-0.142936
1.522947	1.007053
-0.692622	-1.019578
0.790068	-4.293153
-0.145094	-2.526312
-0.317540	-5.821136
0.527779	-1.629576
0.978692	-0.350481
-1.453411	-0.279914
1.424161	-0.266594
-1.027566	-0.260719
-0.592456	-1.392762
0.476617	-5.362637
0.037150	-2.604629
-0.595484	-4.969947
0.633166	-1.238346
-1.439005	1.677826
1.058331	-0.210386
-1.405669	-0.241182
1.468880	-0.268557
-0.953746	-0.391928
-0.497469	-1.730408
0.252243	-5.973502
0.189234	-2.469091
-0.885475	-3.955826
0.718454	-0.935056
-1.538965	0.782542
1.139306	-0.122482
-1.349193	-0.177694
1.506012	-0.188318
-0.888921	-0.522546
-0.413519	-1.993653
0.089397	-6.220295
0.301786	-2.272304
-1.284087	-2.454733
0.799411	-0.718450
-1.546268	0.156161
1.243977	-0.108979
-1.257512	-0.113773
1.543183	0.094993
-0.809554	-0.695142
-0.314056	-2.246077
-0.072610	-6.233025
0.403539	-2.024066
0.881721	-0.540054
-1.509745	-0.174919
1.342250	-0.173270
-1.148067	-0.116697
1.542545	0.716070
-0.725897	-0.910472
0.912176	-3.861221
-0.201113	-2.450544
-0.236427	-6.006004
0.489489	-1.757115
0.947462	-0.405787
-1.472630	-0.263213
1.400813	-0.236893
-1.065929	-0.198005
1.461140	1.535140
-0.642474	-1.202281
0.623282	-4.875181
-0.054473	-2.598122
-0.451856	-5.439878
0.582919	-1.430233
1.020784	-0.274905
-1.428119	-0.269586
1.449856	-0.281520
-0.984410	-0.338380
-0.534769	-1.604470
0.332341	-5.783451
0.134555	-2.538654
-0.769782	-4.364565
0.686778	-1.042086
-1.518481	1.057538
1.106120	-0.150438
-1.373678	-0.204007
1.491503	-0.231838
-0.914970	-0.467484
-0.447267	-1.892203
0.151514	-6.151420
0.259362	-2.354519
-1.076074	-3.271116
0.766564	-0.798912
-1.551143	0.376531
1.200372	-0.104368
-1.298115	-0.136804
1.530044	-0.059962
-0.841083	-0.627662
-0.350754	-2.164139
-0.017773	-6.257019
0.371926	-2.112927
0.858519	-0.591614
-1.521469	-0.119971
1.318413	-0.154646
-1.176878	-0.106346
1.549796	0.515482
-0.748506	-0.846024
0.998150	-3.554298
-0.234062	-2.398623
-0.189589	-6.092898
0.466244	-1.834768
0.930092	-0.440163
-1.482656	-0.250335
1.386997	-0.220681
-1.086717	-0.170546
1.498431	1.251930
-0.665962	-1.115451
0.697681	-4.617525
-0.096649	-2.573473
-0.389003	-5.627929
0.558600	-1.521099
1.003312	-0.306908
-1.438253	-0.279549
1.440149	-0.282104
-1.000101	-0.311049
-0.554319	-1.536294
0.377718	-5.660441
0.103614	-2.568324
-0.711456	-4.569170
0.669841	-1.102788
-1.502949	1.211842
1.090373	-0.167667
-1.384517	-0.216493
1.484348	-0.248667
-0.927136	-0.444665
-0.462517	-1.845239
0.181210	-6.106928
0.239150	-2.391338
-1.013847	-3.497741
0.752254	-0.838234
-1.550319	0.485303
1.181933	-0.106683
-1.314103	-0.150106
1.523390	-0.109828
-0.854646	-0.598988
-0.367156	-2.123795
0.008637	-6.258241
0.355833	-2.153798
0.845596	-0.620603
-1.527818	-0.077487
1.303693	-0.142640
-1.193992	-0.104323
1.551110	0.412449
-0.761652	-0.811375
1.053404	-3.354225
-0.252557	-2.366608
-0.162733	-6.135167
0.452401	-1.878192
0.919236	-0.462003
-1.488979	-0.236931
1.377615	-0.209960
-1.100438	-0.154400
1.513634	1.109157
-0.680751	-1.063150
0.748326	-4.440057
-0.123742	-2.549480
-0.349253	-5.738408
0.541833	-1.580971
0.990243	-0.330163
-1.446195	-0.282025
1.432013	-0.275338
-1.014017	-0.285700
-0.573451	-1.465378
0.426262	-5.518384
0.070915	-2.590534
-0.652763	-4.773375
0.651651	-1.169440
-1.477994	1.415407
1.073894	-0.188153
-1.395633	-0.229234
1.476494	-0.259569
-0.940846	-0.417398
-0.480896	-1.784649
0.218081	-6.042110
0.213329	-2.433126
-0.944046	-3.747733
0.734186	-0.887496
-1.545895	0.640871
1.158471	-0.113458
-1.333817	-0.165491
1.514088	-0.157921
-0.873254	-0.558033
-0.391856	-2.057580
0.050740	-6.246083
0.327893	-2.217552
0.821549	-0.669824
-1.538704	0.031516
1.273357	-0.122149
-1.227522	-0.103813
1.549091	0.233776
-0.787180	-0.746245
1.183043	-2.867256
-0.286790	-2.301499
-0.112332	-6.198506
0.425310	-1.960543
0.897932	-0.503878
-1.501154	-0.203881
1.357794	-0.186743
-1.128070	-0.129197
1.533427	0.870339
-0.708573	-0.965132
0.848324	-4.087424
-0.173116	-2.490615
-0.276781	-5.919052
0.508798	-1.693144
0.962934	-0.376568
-1.463295	-0.271956
1.412662	-0.251607
-1.046975	-0.226128
1.371517	2.050134
-0.618767	-1.291468
0.551639	-5.117869
-0.010608	-2.609469
-0.518824	-5.226048
0.607096	-1.337752
1.038290	-0.243483
-1.417868	-0.257290
1.458927	-0.276626
-0.969924	-0.363772
-0.517359	-1.663451
0.294508	-5.877726
0.160667	-2.507467
-0.822692	-4.177860
0.701306	-0.991684
-1.528912	0.932669
1.120531	-0.135411
-1.363384	-0.192464
1.497848	-0.214693
-0.903883	-0.490489
-0.433213	-1.935555
0.125619	-6.184126
0.277054	-2.320721
-1.140588	-3.030373
0.779629	-0.765352
-1.550206	0.285827
1.217497	-0.103881
-1.282687	-0.127227
1.535676	-0.005293
-0.828788	-0.653948
-0.336565	-2.196704
-0.039046	-6.251096
0.384617	-2.078388
0.867961	-0.571472
-1.516742	-0.145019
1.328460	-0.161944
-1.164952	-0.109579
1.547606	0.594759
-0.739314	-0.871747
0.962685	-3.681347
-0.221082	-2.419639
-0.207936	-6.060823
0.475546	-1.803798
0.936971	-0.426166
-1.478727	-0.255936
1.392552	-0.227454
-1.078487	-0.180885
1.486255	1.352288
-0.656865	-1.149492
0.668620	-4.718640
-0.080596	-2.584372
-0.412716	-5.558792
0.568004	-1.486948
1.010202	-0.293763
-1.434228	-0.276667
1.444095	-0.282267
-0.993666	-0.322252
-0.546100	-1.565432
0.358114	-5.714877
0.116947	-2.556480
-0.736133	-4.482756
0.677122	-1.076639
-1.510287	1.142619
1.097092	-0.159556
-1.379924	-0.211439
1.487438	-0.242104
-0.921831	-0.455696
-0.455834	-1.865885
0.167790	-6.127995
0.248244	-2.375105
-1.040831	-3.399993
0.758668	-0.820516
-1.550942	0.435183
1.190223	-0.104953
-1.306971	-0.144449
1.526462	-0.088413
-0.848414	-0.612948
-0.359423	-2.143426
-0.004226	-6.258520
0.363742	-2.133821
0.852052	-0.606700
-1.524642	-0.100682
1.311253	-0.148697
-1.185256	-0.104438
1.550690	0.463524
-0.754848	-0.830298
1.024281	-3.460049
-0.243114	-2.383040
-0.176667	-6.113965
0.459636	-1.856004
0.925037	-0.450770
-1.485569	-0.244787
1.382743	-0.216129
-1.092948	-0.162996
1.505969	1.184112
-0.672628	-1.092555
0.720093	-4.539215
-0.109071	-2.563004
-0.370824	-5.679497
0.551193	-1.547899
0.997690	-0.317269
-1.441624	-0.280934
1.436772	-0.279738
-1.005799	-0.301466
-0.562091	-1.507129
0.396701	-5.606073
0.090698	-2.578215
-0.687742	-4.652024
0.662690	-1.128694
-1.494381	1.286380
1.083789	-0.175962
-1.388980	-0.222431
1.481269	-0.252829
-0.932561	-0.433115
-0.469722	-1.821709
0.195090	-6.083882
0.229168	-2.408098
-0.985716	-3.598919
0.745178	-0.857405
-1.549080	0.543958
1.172684	-0.109413
-1.321981	-0.155343
1.519818	-0.130730
-0.861832	-0.583516
-0.376526	-2.099217
0.024466	-6.255643
0.345703	-2.177434
0.836910	-0.638089
-1.531989	-0.041442
1.293014	-0.134945
-1.206103	-0.102689
1.551004	0.344917
-0.771047	-0.785515
1.096596	-3.195325
-0.265592	-2.342123
-0.143154	-6.162430
0.442235	-1.909280
0.911074	-0.477601
-1.493749	-0.224726
1.370136	-0.200958
-1.111142	-0.143622
1.522574	1.011445
-0.692031	-1.022592
0.788034	-4.300370
-0.144340	-2.526773
-0.319441	-5.816065
0.528335	-1.628312
0.979252	-0.348212
-1.453100	-0.279244
1.424533	-0.267049
-1.026920	-0.262262
-0.591549	-1.396389
0.474103	-5.370640
0.038918	-2.604012
-0.598173	-4.960783
0.634075	-1.234532
-1.441420	1.662910
1.059052	-0.208384
-1.405237	-0.239927
1.469233	-0.267980
-0.953165	-0.393060
-0.496784	-1.732335
0.250902	-5.976261
0.190419	-2.467031
-0.888016	-3.946799
0.719133	-0.932720
-1.539302	0.776650
1.140089	-0.121699
-1.348582	-0.177160
1.506339	-0.187649
-0.888279	-0.524133
-0.412665	-1.996091
0.087909	-6.221522
0.302977	-2.269381
-1.298666	-2.391216
0.800304	-0.716527
-1.546023	0.150508
1.245175	-0.110291
-1.256333	-0.112330
1.543478	0.100624
-0.808668	-0.696957
-0.313138	-2.247344
-0.074121	-6.231974
0.404384	-2.021726
0.882357	-0.538516
-1.509428	-0.175564
1.342868	-0.173779
-1.147291	-0.117398
1.542250	0.721924
-0.725252	-0.912539
0.910052	-3.868704
-0.200049	-2.452387
-0.237805	-6.003225
0.490103	-1.755568
0.947986	-0.404979
-1.472314	-0.263662
1.401231	-0.237121
-1.065298	-0.198091
1.459555	1.545850
-0.641697	-1.205280
0.621072	-4.882688
-0.053015	-2.598783
-0.453954	-5.433378
0.583692	-1.427449
1.021350	-0.273863
-1.427797	-0.268937
1.450134	-0.282317
-0.983937	-0.338779
-0.534111	-1.607299
0.331018	-5.786886
0.135487	-2.537572
-0.771879	-4.357067
0.687228	-1.041132
-1.518873	1.053229
1.106596	-0.149974
-1.373347	-0.203442
1.491706	-0.231757
-0.914587	-0.468796
-0.446779	-1.893899
0.150585	-6.152712
0.259831	-2.354124
-1.078008	-3.264001
0.766952	-0.798628
-1.551110	0.374160
1.200922	-0.105030
-1.297617	-0.136980
1.530233	-0.058707
-0.840654	-0.629238
-0.350245	-2.165541
-0.018160	-6.256962
0.372382	-2.111626
0.858811	-0.592163
-1.521299	-0.121025
1.318782	-0.155073
-1.176442	-0.106415
1.549717	0.518624
-0.748148	-0.847387
0.996695	-3.559548
-0.233520	-2.399768
-0.189919	-6.092478
0.466581	-1.833757
0.930360	-0.439534
-1.482512	-0.250161
1.387203	-0.221750
