0.161809	-0.532869
-0.099660	-7.056180
-0.075349	-0.426266
0.337015	-6.670973
-0.224410	-0.807019
0.239275	-7.112784
-0.059124	-1.228814
-0.108324	-7.376377
0.199094	-1.010315
-0.373201	-6.644851
0.159104	-0.529381
-0.093053	-7.062104
-0.078289	-0.429403
0.339106	-6.667771
-0.224047	-0.813720
0.234552	-7.124914
-0.055225	-1.230171
-0.112692	-7.370273
0.200435	-1.002971
-0.372781	-6.643627
0.156524	-0.525920
-0.086343	-7.067814
-0.081071	-0.432251
0.341278	-6.664114
-0.223620	-0.820295
0.230548	-7.135068
-0.051567	-1.231191
-0.116284	-7.365019
0.201525	-0.997269
-0.372338	-6.642585
0.154070	-0.522480
-0.080954	-7.072025
-0.083665	-0.435202
0.342856	-6.662067
-0.223142	-0.826717
0.226548	-7.145039
-0.048144	-1.231926
-0.119845	-7.359680
0.202481	-0.992078
-0.371876	-6.641716
0.151741	-0.519058
-0.075480	-7.076109
-0.086080	-0.438252
0.344497	-6.659650
-0.222709	-0.831785
0.222548	-7.154840
-0.044826	-1.232694
-0.123379	-7.354254
0.203418	-0.986251
-0.371395	-6.641011
0.149482	-0.516430
-0.069930	-7.080030
-0.088373	-0.440928
0.345526	-6.658935
-0.222165	-0.837843
0.219260	-7.162811
-0.041727	-1.233229
-0.126893	-7.348738
0.204249	-0.980865
-0.370899	-6.640462
0.147344	-0.513793
-0.065018	-7.083254
-0.090510	-0.443666
0.346602	-6.657924
-0.221685	-0.842520
0.215251	-7.172329
-0.038838	-1.233572
-0.129656	-7.344227
0.204986	-0.975891
-0.370388	-6.640058
0.145270	-0.511905
-0.060754	-7.085864
-0.092503	-0.446461
0.347718	-6.656647
-0.221109	-0.848165
0.211951	-7.180074
-0.036026	-1.233981
-0.133142	-7.338550
0.205642	-0.971299
-0.369866	-6.639791
0.143359	-0.509240
-0.056435	-7.088374
-0.094406	-0.448811
0.348867	-6.655131
-0.220614	-0.852421
0.209360	-7.186108
-0.033402	-1.234236
-0.135885	-7.333920
0.206225	-0.967060
-0.368668	-6.641781
0.141504	-0.507305
-0.052067	-7.090764
-0.096185	-0.451190
0.349380	-6.655454
-0.220118	-0.856463
0.206041	-7.193690
-0.030834	-1.234555
-0.138623	-7.329235
0.206746	-0.963147
-0.368126	-6.641759
0.139751	-0.505345
-0.048363	-7.092640
-0.097850	-0.453593
0.349916	-6.655593
-0.219628	-0.860294
0.203430	-7.199605
-0.028556	-1.234578
-0.140626	-7.325674
0.207211	-0.959534
-0.367575	-6.641846
0.138094	-0.503361
-0.044621	-7.094425
-0.099454	-0.455493
0.350473	-6.655567
-0.219060	-0.865085
0.200809	-7.205473
-0.026312	-1.234689
-0.143361	-7.320894
0.207725	-0.955065
-0.367017	-6.642036
0.136478	-0.502068
-0.040843	-7.096103
-0.100917	-0.457929
0.351045	-6.655396
-0.218590	-0.868503
0.198175	-7.211296
-0.024213	-1.234723
-0.145364	-7.317267
0.208102	-0.951977
-0.365788	-6.644440
0.134998	-0.500032
-0.037744	-7.097373
-0.102337	-0.459840
0.351631	-6.655096
-0.218133	-0.871725
0.195529	-7.217076
-0.022127	-1.234835
-0.147370	-7.313611
0.208443	-0.949116
-0.365218	-6.644809
0.133548	-0.498676
-0.034618	-7.098569
-0.103676	-0.461751
0.352227	-6.654682
-0.217605	-0.875924
0.193594	-7.221289
-0.020290	-1.234758
-0.149379	-7.309925
0.208849	-0.945329
-0.364643	-6.645258
0.132173	-0.497288
-0.031467	-7.099683
-0.104942	-0.463658
0.352831	-6.654168
-0.217180	-0.878779
0.191647	-7.225486
-0.018444	-1.234768
-0.151391	-7.306208
0.209135	-0.942861
-0.364063	-6.645781
0.130868	-0.495870
-0.028295	-7.100709
-0.106189	-0.465001
0.353441	-6.653567
-0.216773	-0.881464
0.189689	-7.229670
-0.016703	-1.234741
-0.153407	-7.302459
0.209493	-0.939425
-0.363480	-6.646371
0.129626	-0.494425
-0.025815	-7.101441
-0.107331	-0.466893
0.353391	-6.654962
-0.216383	-0.883992
0.187721	-7.233839
-0.014935	-1.234783
-0.154697	-7.299954
0.209834	-0.936136
-0.362893	-6.647022
0.128393	-0.493625
-0.023317	-7.102117
-0.108466	-0.468206
0.354010	-6.654221
-0.215922	-0.887531
0.185743	-7.237992
-0.013377	-1.234708
-0.156721	-7.296153
0.210066	-0.934114
-0.362303	-6.647728
0.127264	-0.492123
-0.020805	-7.102734
-0.109507	-0.470077
0.353966	-6.655498
-0.215568	-0.889774
0.183755	-7.242130
-0.011897	-1.234627
-0.158019	-7.293619
0.210381	-0.931069
-0.361709	-6.648484
0.126133	-0.491258
-0.018281	-7.103288
-0.110555	-0.471358
0.354589	-6.654655
-0.215142	-0.893048
0.181758	-7.246250
-0.010362	-1.234610
-0.160051	-7.289764
0.210594	-0.929259
-0.361113	-6.649285
0.125095	-0.489705
-0.015746	-7.103776
-0.111568	-0.472618
0.355212	-6.653770
-0.214822	-0.895052
0.180478	-7.248909
-0.008888	-1.234583
-0.161356	-7.287200
0.210895	-0.926393
-0.360514	-6.650125
0.124047	-0.488782
-0.013202	-7.104195
-0.112551	-0.473857
0.355170	-6.654932
-0.214518	-0.896954
0.178466	-7.253005
-0.007465	-1.234549
-0.162665	-7.284625
0.211192	-0.923593
-0.360578	-6.648901
0.123032	-0.487828
-0.011360	-7.104456
-0.113462	-0.475674
0.355793	-6.653990
-0.214139	-0.899920
0.177173	-7.255658
-0.006210	-1.234477
-0.164704	-7.280698
0.211395	-0.921989
-0.359974	-6.649807
0.122047	-0.486846
-0.008802	-7.104753
-0.114400	-0.476876
0.355749	-6.655109
-0.213865	-0.901655
0.175874	-7.258310
-0.004867	-1.234453
-0.166017	-7.278095
0.211692	-0.919281
-0.359368	-6.650739
0.121086	-0.485837
-0.006949	-7.104923
-0.115325	-0.478057
0.356370	-6.654133
-0.213514	-0.904476
0.173845	-7.262365
-0.003553	-1.234434
-0.167331	-7.275483
0.211899	-0.917742
-0.358759	-6.651691
0.120144	-0.484801
-0.005093	-7.105054
-0.116239	-0.479215
0.356323	-6.655232
-0.213265	-0.906091
0.172538	-7.265005
-0.002259	-1.234422
-0.168645	-7.272863
0.212202	-0.915073
-0.358814	-6.650567
0.119266	-0.483114
-0.002523	-7.105167
-0.117149	-0.480351
0.356941	-6.654244
-0.212936	-0.908814
0.171227	-7.267640
-0.000977	-1.234419
-0.169959	-7.270235
0.212511	-0.912403
-0.358201	-6.651549
0.118350	-0.482032
-0.000663	-7.105202
-0.118058	-0.481463
0.357556	-6.653256
-0.212617	-0.911506
0.169915	-7.270270
0.000423	-1.234424
-0.171271	-7.267601
0.212737	-0.910865
-0.357586	-6.652537
0.117440	-0.480926
0.001197	-7.105195
-0.118972	-0.482551
0.357504	-6.654362
-0.212397	-0.913034
0.168601	-7.272894
0.001702	-1.234432
-0.173309	-7.263563
0.213063	-0.908155
-0.357634	-6.651440
0.116531	-0.479797
0.003768	-7.105121
-0.119894	-0.483615
0.358116	-6.653392
-0.212092	-0.915704
0.167287	-7.275512
0.002991	-1.234449
-0.174617	-7.260912
0.213308	-0.906555
-0.357016	-6.652430
0.115618	-0.478645
0.005625	-7.105018
-0.120831	-0.484653
0.358725	-6.652435
-0.211883	-0.917237
0.165245	-7.279469
0.004298	-1.234473
-0.175921	-7.258257
0.213655	-0.903757
-0.356396	-6.653411
0.114698	-0.477470
0.007479	-7.104875
-0.121785	-0.485665
0.358667	-6.653591
-0.211587	-0.919936
0.163932	-7.282061
0.005630	-1.234504
-0.177221	-7.255600
0.213925	-0.902045
-0.356440	-6.652297
0.113764	-0.476273
0.010039	-7.104617
-0.122762	-0.486649
0.359272	-6.652680
-0.211291	-0.922669
0.162620	-7.284644
0.006996	-1.234538
-0.179241	-7.251505
0.214299	-0.899110
-0.355817	-6.653249
0.112813	-0.475055
0.011883	-7.104381
-0.123766	-0.487605
0.359874	-6.651796
-0.211087	-0.924307
0.161310	-7.287217
0.008279	-1.234622
-0.180530	-7.248839
0.214598	-0.897239
-0.355860	-6.652096
0.111839	-0.473815
0.014430	-7.103999
-0.124754	-0.489187
0.360474	-6.650945
-0.210789	-0.927151
0.160003	-7.289779
0.009735	-1.234661
-0.182537	-7.244717
0.215003	-0.894118
-0.355236	-6.652994
0.110837	-0.472554
0.016968	-7.103547
-0.125827	-0.490088
0.361071	-6.650132
-0.210577	-0.928930
0.157970	-7.293630
0.011249	-1.234692
-0.183811	-7.242047
0.215334	-0.892040
-0.355279	-6.651777
0.109802	-0.471273
0.018786	-7.103177
-0.126942	-0.490955
0.361666	-6.649362
-0.210266	-0.931943
0.156670	-7.296163
0.012705	-1.234784
-0.185802	-7.237902
0.215683	-0.889841
-0.354657	-6.652593
0.108775	-0.469401
0.021303	-7.102614
-0.128055	-0.492461
0.362257	-6.648640
-0.209944	-0.935064
0.154644	-7.299961
0.014359	-1.234788
-0.187783	-7.233741
0.216138	-0.886353
-0.354037	-6.653356
0.107657	-0.468085
0.023805	-7.101989
-0.129220	-0.493942
0.362845	-6.647971
-0.209703	-0.937170
0.153353	-7.302463
0.015973	-1.234858
-0.189754	-7.229565
0.216522	-0.883878
-0.354086	-6.651984
0.106534	-0.466191
0.027002	-7.101099
-0.130491	-0.494713
0.363430	-6.647361
-0.209351	-0.940557
0.151335	-7.306209
0.017681	-1.234907
-0.191715	-7.225374
0.216924	-0.881248
-0.353474	-6.652614
0.105308	-0.464844
0.029471	-7.100345
-0.131775	-0.496134
0.364011	-6.646817
-0.209073	-0.942966
0.149321	-7.309923
0.019490	-1.234926
-0.193665	-7.221170
0.217431	-0.877291
-0.352867	-6.653160
0.104065	-0.462932
0.032629	-7.099292
-0.133126	-0.497525
0.364587	-6.646343
-0.208677	-0.946691
0.147311	-7.313604
0.021411	-1.234901
-0.195604	-7.216951
0.217867	-0.874319
-0.352933	-6.651544
0.102751	-0.461016
0.035764	-7.098154
-0.134550	-0.498885
0.365159	-6.645947
-0.208347	-0.949480
0.145304	-7.317256
0.023330	-1.234959
-0.198253	-7.211164
0.218319	-0.871163
-0.352344	-6.651888
0.101359	-0.459097
0.038872	-7.096940
-0.136003	-0.500923
0.365726	-6.645636
-0.207888	-0.953623
0.143300	-7.320879
0.025382	-1.234966
-0.200890	-7.205334
0.218872	-0.866646
-0.351767	-6.652109
0.099928	-0.456653
0.042661	-7.095329
-0.137589	-0.502220
0.366286	-6.645417
-0.207485	-0.956875
0.140564	-7.325651
0.027576	-1.234906
-0.203515	-7.199460
0.219350	-0.863095
-0.351205	-6.652190
0.098357	-0.454742
0.046416	-7.093607
-0.139215	-0.504208
0.367504	-6.643174
-0.207036	-0.960395
0.138561	-7.329207
0.029923	-1.234756
-0.206129	-7.193542
0.219838	-0.859337
-0.349996	-6.654169
0.096729	-0.452326
0.050133	-7.091787
-0.140935	-0.506171
0.368050	-6.643161
-0.206536	-0.964205
0.135824	-7.333883
0.032434	-1.234493
-0.208731	-7.187575
0.220333	-0.855367
-0.349475	-6.653911
0.094989	-0.449933
0.053808	-7.089884
-0.142755	-0.508108
0.368586	-6.643263
-0.205878	-0.969460
0.133082	-7.338504
0.034996	-1.234298
-0.212043	-7.179921
0.220914	-0.850012
-0.348980	-6.653454
0.093129	-0.447567
0.058145	-7.087466
-0.144681	-0.510017
0.369112	-6.643489
-0.205248	-0.973931
0.130333	-7.343073
0.037744	-1.233962
-0.215344	-7.172177
0.221408	-0.845615
-0.347853	-6.654820
0.091139	-0.445230
0.063137	-7.084455
-0.146666	-0.512665
0.370291	-6.641715
-0.204540	-0.978774
0.126839	-7.348668
0.040564	-1.233696
-0.218638	-7.164336
0.221893	-0.841008
-0.346763	-6.655929
0.089051	-0.442458
0.068070	-7.081289
-0.148816	-0.514523
0.370792	-6.642216
-0.203840	-0.982900
0.124065	-7.353121
0.043714	-1.232991
-0.221927	-7.156391
0.222446	-0.835020
-0.345051	-6.658790
0.086813	-0.439745
0.072937	-7.077994
-0.150983	-0.517929
0.371279	-6.642870
-0.202941	-0.988580
0.120538	-7.358559
0.046834	-1.232595
-0.225927	-7.146622
0.222890	-0.830014
-0.344058	-6.659293
0.084455	-0.436653
0.078437	-7.074000
-0.153322	-0.520547
0.371748	-6.643684
-0.201927	-0.994723
0.116987	-7.363909
0.050303	-1.231677
-0.229926	-7.136689
0.223382	-0.823650
-0.342458	-6.661474
0.081923	-0.433654
0.083857	-7.069865
-0.155734	-0.523969
0.372197	-6.644669
-0.200884	-1.000252
0.112669	-7.370139
0.053881	-1.230773
-0.233926	-7.126579
0.223828	-0.817125
-0.340260	-6.665282
0.079206	-0.430757
0.089893	-7.064944
-0.158272	-0.527410
0.371961	-6.647980
-0.199697	-1.006314
0.109051	-7.375291
0.057699	-1.229552
-0.238646	-7.114500
0.224215	-0.810464
-0.338141	-6.668646
0.076335	-0.427564
0.096536	-7.059149
-0.160936	-0.530875
0.372364	-6.649333
-0.198349	-1.012939
0.104651	-7.381262
0.061638	-1.228330
-0.243374	-7.102166
0.224528	-0.803697
-0.336111	-6.671529
0.073257	-0.424511
0.103071	-7.053170
-0.163671	-0.535221
0.372742	-6.650878
-0.196821	-1.020158
0.100200	-7.387085
0.065824	-1.226730
-0.248116	-7.089557
0.224832	-0.795681
-0.333514	-6.675893
0.070004	-0.421235
0.110193	-7.046234
-0.166527	-0.539633
0.372425	-6.654776
-0.195195	-1.026912
0.094948	-7.393580
0.070257	-1.224697
-0.252879	-7.076649
0.225027	-0.787639
-0.330359	-6.681674
0.066522	-0.418142
0.117892	-7.038247
-0.169499	-0.544123
0.372077	-6.658877
-0.193247	-1.035399
0.089627	-7.399836
0.074811	-1.222623
-0.258374	-7.061552
0.225096	-0.779623
-0.326658	-6.688808
0.062847	-0.414903
0.125455	-7.030058
-0.172526	-0.549602
0.371028	-6.665340
-0.191266	-1.042411
0.084228	-7.405844
0.079600	-1.220065
-0.263899	-7.046059
0.225095	-0.770508
-0.323088	-6.695272
0.058929	-0.411889
0.133576	-7.020741
-0.175705	-0.554308
0.370610	-6.669845
-0.188920	-1.051185
0.078743	-7.411589
0.084614	-1.216975
-0.269460	-7.030143
0.224927	-0.761535
-0.318991	-6.702990
0.054806	-0.408808
0.142248	-7.010202
-0.178857	-0.561005
0.368820	-6.678860
-0.186396	-1.059603
0.072423	-7.417692
0.089713	-1.213849
-0.275062	-7.013777
0.224571	-0.752768
-0.314373	-6.711909
0.050477	-0.405724
0.150764	-6.999449
-0.182134	-0.566980
0.367660	-6.685893
-0.183571	-1.068724
0.066745	-7.422808
0.095120	-1.209621
-0.281411	-6.994976
0.224081	-0.743101
-0.309239	-6.721979
0.045901	-0.402941
0.159821	-6.987383
-0.185401	-0.574140
0.365793	-6.695242
-0.180535	-1.077510
0.059478	-7.428659
0.100565	-1.205374
-0.287110	-6.977610
0.223437	-0.732614
-0.302917	-6.735048
0.041126	-0.400234
0.169419	-6.973893
-0.188694	-0.581593
0.363219	-6.706879
-0.177273	-1.085972
0.052848	-7.433465
0.106137	-1.200575
-0.293559	-6.957724
0.222546	-0.722539
-0.296750	-6.747281
0.036163	-0.397669
0.178864	-6.960137
-0.191985	-0.589381
0.360611	-6.718608
-0.173560	-1.096082
0.046113	-7.437775
0.111798	-1.195245
-0.300060	-6.937263
0.221469	-0.711784
-0.290061	-6.760565
0.030986	-0.395476
0.188859	-6.944814
-0.195246	-0.597550
0.357299	-6.732539
-0.169716	-1.104819
0.038535	-7.441900
0.117507	-1.189425
-0.305921	-6.918265
0.220121	-0.701562
-0.282837	-6.774887
0.025617	-0.393641
0.198722	-6.929170
-0.198445	-0.606149
0.353962	-6.746466
-0.165525	-1.114110
0.030866	-7.445331
0.123216	-1.183176
-0.312525	-6.896671
0.218568	-0.690777
-0.275062	-6.790237
0.020121	-0.392043
0.208471	-6.913207
-0.201490	-0.616275
0.349930	-6.762479
-0.160993	-1.123855
0.023118	-7.448032
0.128997	-1.175826
-0.318485	-6.876597
0.216808	-0.679485
-0.266716	-6.806613
0.014529	-0.390757
0.218819	-6.895395
-0.204468	-0.625906
0.345210	-6.780500
-0.156248	-1.133039
0.016051	-7.449837
0.134680	-1.168169
-0.324488	-6.856025
0.214778	-0.668841
-0.257770	-6.824009
0.008798	-0.389950
0.228411	-6.878655
-0.207287	-0.636119
0.340487	-6.798321
-0.151198	-1.142479
0.007451	-7.451136
0.140217	-1.160323
-0.330523	-6.834990
0.212556	-0.657746
-0.248881	-6.840752
0.003043	-0.389495
0.237967	-6.861465
-0.209981	-0.645869
0.335090	-6.817997
-0.145988	-1.151192
-0.000428	-7.451498
0.145562	-1.152419
-0.335901	-6.815655
0.210094	-0.647312
-0.239333	-6.858565
-0.002734	-0.389462
0.247516	-6.843740
-0.212459	-0.656253
0.329708	-6.837335
-0.140657	-1.159118
-0.008307	-7.451059
0.150788	-1.143723
-0.340614	-6.798106
0.207414	-0.637512
-0.229781	-6.875839
-0.008491	-0.389851
0.256405	-6.827083
-0.214697	-0.667298
0.324352	-6.856284
-0.135132	-1.166996
-0.016164	-7.449821
0.155856	-1.134291
-0.346015	-6.778159
0.204606	-0.627251
-0.220194	-6.892661
-0.014189	-0.390668
0.265348	-6.809778
-0.216744	-0.677891
0.318346	-6.876875
-0.129457	-1.174696
-0.023978	-7.447801
0.160623	-1.125106
-0.350056	-6.762279
0.201638	-0.617575
-0.209852	-6.910561
-0.019827	-0.391814
0.273691	-6.793493
-0.218522	-0.689137
0.312381	-6.896970
-0.123800	-1.181369
-0.031731	-7.445020
0.165065	-1.116295
-0.354087	-6.746269
0.198540	-0.608434
-0.200111	-6.926605
-0.025333	-0.393347
0.281460	-6.778233
-0.220093	-0.699875
0.305773	-6.918583
-0.117975	-1.188399
-0.038661	-7.441859
0.169279	-1.107007
-0.358099	-6.730189
0.195347	-0.599778
-0.190258	-6.942332
-0.030673	-0.395281
0.289354	-6.762167
-0.221459	-0.710055
0.299907	-6.937601
-0.112265	-1.194277
-0.046244	-7.437723
0.173255	-1.097282
-0.360738	-6.718407
0.192149	-0.590561
-0.180273	-6.957742
-0.035863	-0.397439
0.296035	-6.748944
-0.222554	-0.720772
0.293401	-6.958081
-0.106600	-1.199669
-0.052985	-7.433402
0.176882	-1.088145
-0.364019	-6.704514
0.188860	-0.582739
-0.170840	-6.971580
-0.040880	-0.399754
0.302192	-6.736773
-0.223461	-0.730812
0.286947	-6.977985
-0.101022	-1.204530
-0.060364	-7.428053
0.180274	-1.078650
-0.365924	-6.695028
0.185567	-0.575255
-0.161253	-6.985160
-0.045670	-0.402402
0.307833	-6.725676
-0.224122	-0.741272
0.281243	-6.995368
-0.095569	-1.208841
-0.066894	-7.422715
0.183332	-1.069827
-0.367793	-6.685670
0.182241	-0.569012
-0.152207	-6.997312
-0.050221	-0.405393
0.312958	-6.715686
-0.224626	-0.750914
0.274890	-7.014183
-0.090272	-1.212597
-0.073320	-7.416946
0.186176	-1.060669
-0.369623	-6.676466
0.179018	-0.562067
-0.143002	-7.009209
-0.054607	-0.408158
0.318239	-6.704900
-0.224996	-0.759662
0.269284	-7.030562
-0.085039	-1.216322
-0.078904	-7.411468
0.188718	-1.052213
-0.370747	-6.669600
0.175806	-0.556259
-0.135042	-7.018779
-0.058746	-0.411186
0.322328	-6.697238
-0.225099	-0.769799
0.263720	-7.046488
-0.080013	-1.219472
-0.085135	-7.404970
0.190978	-1.044466
-0.371834	-6.662925
0.172677	-0.550618
-0.126931	-7.028184
-0.062638	-0.414482
0.325889	-6.690827
-0.225187	-0.777727
0.258191	-7.061989
-0.075209	-1.222087
-0.090538	-7.398903
0.193079	-1.036349
-0.372218	-6.658608
0.169645	-0.545120
-0.118675	-7.037354
-0.066328	-0.417694
0.329584	-6.683744
-0.225128	-0.785739
0.252693	-7.077092
-0.070641	-1.224212
-0.095124	-7.393416
0.194939	-1.028908
-0.373234	-6.652338
0.166666	-0.540613
-0.111689	-7.044537
-0.069824	-0.420761
0.332731	-6.678010
-0.224941	-0.793779
0.247219	-7.091822
-0.066193	-1.226295
-0.100379	-7.386906
0.196579	-1.022122
-0.372887	-6.650584
0.163802	-0.536185
-0.104575	-7.051561
-0.073092	-0.424013
0.335323	-6.673690
-0.224645	-0.801799
0.242474	-7.104412
-0.061992	-1.227941
-0.104833	-7.381071
0.198120	-1.014874
-0.373176	-6.646876
0.161060	-0.531824
-0.097343	-7.058367
-0.076184	-0.427043
0.337347	-6.670844
-0.224338	-0.808571
0.237743	-7.116723
-0.058037	-1.229203
-0.109236	-7.375087
0.199480	-1.008220
-0.372774	-6.645515
0.158389	-0.528345
-0.091412	-7.063506
-0.079068	-0.430217
0.339461	-6.667516
-0.223956	-0.815240
0.233734	-7.127029
-0.054204	-1.230464
-0.113593	-7.368957
0.200677	-1.002130
-0.373011	-6.642194
0.155843	-0.524892
-0.085383	-7.068509
-0.081797	-0.433094
0.341654	-6.663743
-0.223514	-0.821776
0.229018	-7.138867
-0.050611	-1.231402
-0.117176	-7.363683
0.201829	-0.995465
-0.372563	-6.641201
0.153424	-0.521458
-0.079262	-7.073330
-0.084340	-0.436075
0.343250	-6.661592
-0.223025	-0.828153
0.225018	-7.148777
-0.047252	-1.232067
-0.120728	-7.358324
0.202752	-0.990408
-0.372095	-6.640380
0.151077	-0.518829
-0.073767	-7.077362
-0.086709	-0.439152
0.344907	-6.659079
-0.222583	-0.833170
0.221732	-7.156836
-0.043995	-1.232774
-0.124257	-7.352876
0.203658	-0.984705
-0.370946	-6.641859
0.148852	-0.516192
-0.068905	-7.080691
-0.088958	-0.441850
0.345949	-6.658279
-0.222033	-0.839174
0.217727	-7.166446
-0.040955	-1.233258
-0.127765	-7.347338
0.204462	-0.979435
-0.370445	-6.641349
0.146745	-0.513545
-0.063976	-7.083894
-0.091054	-0.444608
0.347037	-6.657191
-0.221549	-0.843795
0.214432	-7.174265
-0.037998	-1.233793
-0.130525	-7.342811
0.205176	-0.974568
-0.369931	-6.640983
0.144754	-0.510890
-0.059697	-7.086484
-0.093053	-0.446932
0.348163	-6.655845
-0.220972	-0.849381
0.211130	-7.181986
-0.035239	-1.234149
-0.134008	-7.337111
0.205811	-0.970076
-0.369406	-6.640751
0.142822	-0.508972
-0.055363	-7.088969
-0.094922	-0.449286
0.348655	-6.656318
-0.220475	-0.853578
0.208537	-7.188003
-0.032665	-1.234361
-0.136750	-7.332463
0.206376	-0.965929
-0.368870	-6.640644
0.140995	-0.507027
-0.050982	-7.091328
-0.096669	-0.451669
0.349840	-6.654536
-0.219981	-0.857562
0.205215	-7.195564
-0.030267	-1.234458
-0.138754	-7.328926
0.206881	-0.962101
-0.367661	-6.642779
0.139269	-0.505057
-0.047268	-7.093177
-0.098303	-0.454075
0.350383	-6.654627
-0.219407	-0.862505
0.202601	-7.201464
-0.027910	-1.234638
-0.141489	-7.324186
0.207333	-0.958566
-0.367108	-6.642895
0.137638	-0.503064
-0.043515	-7.094931
-0.099835	-0.456502
0.350944	-6.654558
-0.218928	-0.866070
0.199976	-7.207317
-0.025707	-1.234724
-0.143492	-7.320586
0.207834	-0.954168
-0.366548	-6.643110
0.136046	-0.501759
-0.039729	-7.096575
-0.101318	-0.458413
0.351520	-6.654349
-0.218461	-0.869433
0.197339	-7.213125
-0.023647	-1.234739
-0.146228	-7.315746
0.208201	-0.951144
-0.365981	-6.643418
0.134589	-0.499716
-0.036622	-7.097817
-0.102715	-0.460324
0.352108	-6.654015
-0.218009	-0.872603
0.195412	-7.217355
-0.021596	-1.234833
-0.148234	-7.312076
0.208628	-0.947210
-0.365410	-6.643811
0.133160	-0.498351
-0.033489	-7.098982
-0.104034	-0.462233
0.352707	-6.653571
-0.217485	-0.876751
0.192751	-7.223094
-0.019668	-1.234867
-0.150244	-7.308375
0.208932	-0.944608
-0.364834	-6.644283
0.131805	-0.496954
-0.030332	-7.100064
-0.105282	-0.464139
0.352648	-6.655100
-0.217064	-0.879559
0.190801	-7.227283
-0.017975	-1.234746
-0.151526	-7.305899
0.209305	-0.941053
-0.364253	-6.644826
0.130517	-0.495528
-0.027864	-7.100840
-0.106512	-0.465479
0.353260	-6.654478
-0.216662	-0.882200
0.188840	-7.231458
-0.016138	-1.234813
-0.153543	-7.302149
0.209564	-0.938795
-0.363669	-6.645434
0.129292	-0.494074
-0.024669	-7.101759
-0.107638	-0.467368
0.353876	-6.653783
-0.216277	-0.884685
0.186869	-7.235617
-0.014519	-1.234750
-0.155565	-7.298366
0.209901	-0.935543
-0.363081	-6.646102
0.128074	-0.493266
-0.022167	-7.102407
-0.108759	-0.468677
0.353831	-6.655098
-0.215821	-0.888186
0.184888	-7.239761
-0.012983	-1.234674
-0.156860	-7.295842
0.210130	-0.933554
-0.362490	-6.646823
0.126958	-0.491756
-0.019652	-7.102994
-0.109789	-0.470546
0.354452	-6.654288
-0.215472	-0.890393
0.183622	-7.242426
-0.011399	-1.234664
-0.158889	-7.292006
0.210442	-0.930537
-0.361896	-6.647593
0.125841	-0.490884
-0.017124	-7.103517
-0.110827	-0.471822
0.354410	-6.655508
-0.215050	-0.893635
0.181623	-7.246548
-0.010005	-1.234577
-0.160192	-7.289452
0.210747	-0.927612
-0.361299	-6.648406
0.124765	-0.489978
-0.015297	-7.103856
-0.111831	-0.473077
0.355033	-6.654615
-0.214735	-0.895610
0.179616	-7.250652
-0.008545	-1.234551
-0.161499	-7.286887
0.210953	-0.925906
-0.360699	-6.649257
0.123775	-0.488394
-0.012750	-7.104263
-0.112806	-0.474312
0.355656	-6.653691
-0.214435	-0.897486
0.178327	-7.253308
-0.007136	-1.234521
-0.163537	-7.282978
0.211250	-0.923122
-0.360097	-6.650141
0.122769	-0.487433
-0.010907	-7.104515
-0.113759	-0.475526
0.355613	-6.654822
-0.214060	-0.900430
0.177033	-7.255963
-0.005768	-1.234491
-0.164848	-7.280385
0.211453	-0.921530
-0.359493	-6.651054
0.121790	-0.486445
-0.008347	-7.104799
-0.114693	-0.476719
0.356235	-6.653856
-0.213790	-0.902146
0.175007	-7.260030
-0.004434	-1.234463
-0.166161	-7.277781
0.211750	-0.918831
-0.359551	-6.649896
0.120835	-0.485429
-0.006493	-7.104959
-0.115615	-0.477890
0.356190	-6.654959
-0.213442	-0.904950
0.173702	-7.262674
-0.003125	-1.234442
-0.167475	-7.275169
0.212050	-0.916153
-0.358942	-6.650854
0.119898	-0.484387
-0.004636	-7.105080
-0.116480	-0.479651
0.356808	-6.653973
-0.213106	-0.907702
0.172394	-7.265315
-0.001835	-1.234428
-0.168789	-7.272550
0.212263	-0.914629
-0.358330	-6.651827
0.118975	-0.483319
-0.002066	-7.105180
-0.117389	-0.480781
0.356760	-6.655070
-0.212870	-0.909267
0.171083	-7.267951
-0.000556	-1.234423
-0.170830	-7.268541
0.212575	-0.911956
-0.357717	-6.652810
0.118061	-0.482227
-0.000206	-7.105204
-0.118299	-0.481888
0.357375	-6.654084
-0.212553	-0.911953
0.169771	-7.270582
0.000720	-1.234427
-0.172142	-7.265899
0.212802	-0.910413
-0.357767	-6.651710
0.117152	-0.481111
0.001655	-7.105187
-0.119214	-0.482971
0.357988	-6.653105
-0.212335	-0.913479
0.167730	-7.274572
0.002001	-1.234441
-0.173452	-7.263253
0.213131	-0.907694
-0.357150	-6.652701
0.116242	-0.479971
0.004224	-7.105099
-0.120140	-0.484028
0.357933	-6.654227
-0.212032	-0.916150
0.166415	-7.277181
0.003295	-1.234463
-0.174759	-7.260603
0.213379	-0.906081
-0.357196	-6.651603
0.115328	-0.478809
0.006081	-7.104986
-0.121081	-0.485060
0.358542	-6.653277
-0.211825	-0.917687
0.165101	-7.279782
0.004608	-1.234493
-0.176062	-7.257949
0.213730	-0.903268
-0.356576	-6.652582
0.114405	-0.477624
0.007934	-7.104833
-0.122041	-0.486066
0.359148	-6.652346
-0.211529	-0.920394
0.163788	-7.282374
0.005948	-1.234528
-0.178087	-7.253865
0.214004	-0.901537
-0.356619	-6.651465
0.113515	-0.475822
0.010493	-7.104562
-0.123025	-0.487044
0.359753	-6.651441
-0.211233	-0.923139
0.162476	-7.284957
0.007324	-1.234566
-0.179380	-7.251202
0.214382	-0.898579
-0.355997	-6.652411
0.112558	-0.474599
0.012335	-7.104317
-0.124037	-0.487992
0.360354	-6.650565
-0.211029	-0.924793
0.160439	-7.288845
0.008744	-1.234604
-0.180667	-7.248538
0.214685	-0.896683
-0.355373	-6.653331
0.111577	-0.473354
0.014879	-7.103922
-0.125035	-0.489568
0.360288	-6.651823
-0.210729	-0.927657
0.159132	-7.291399
0.010091	-1.234696
-0.182672	-7.244419
0.215094	-0.893533
-0.355415	-6.652141
0.110566	-0.472089
0.017415	-7.103459
-0.126119	-0.490461
0.360885	-6.651022
-0.210423	-0.930601
0.157830	-7.293942
0.011622	-1.234728
-0.184669	-7.240280
0.215430	-0.891423
-0.354793	-6.652990
0.109521	-0.470803
0.019940	-7.102929
-0.127247	-0.491321
0.361478	-6.650266
-0.210202	-0.932502
0.155801	-7.297758
0.013222	-1.234743
-0.185933	-7.237609
0.215872	-0.888032
-0.354837	-6.651716
0.108482	-0.468928
0.022453	-7.102336
-0.128373	-0.492820
0.362069	-6.649559
-0.209877	-0.935655
0.154506	-7.300271
0.014774	-1.234823
-0.187911	-7.233451
0.216243	-0.885662
-0.354218	-6.652464
0.107350	-0.467609
0.024951	-7.101682
-0.129553	-0.494293
0.362656	-6.648906
-0.209632	-0.937798
0.152486	-7.304034
0.016413	-1.234889
-0.189880	-7.229278
0.216632	-0.883145
-0.353602	-6.653146
0.106213	-0.465712
0.027433	-7.100972
-0.130841	-0.495054
0.363240	-6.648315
-0.209275	-0.941227
0.150469	-7.307765
0.018147	-1.234932
-0.191838	-7.225090
0.217039	-0.880471
-0.353657	-6.651683
0.104970	-0.464361
0.030607	-7.099976
-0.132142	-0.496467
0.363820	-6.647790
-0.208991	-0.943684
0.149187	-7.310231
0.019986	-1.234942
-0.194508	-7.219357
0.217551	-0.876467
-0.353052	-6.652206
0.103708	-0.462447
0.033759	-7.098890
-0.133513	-0.497849
0.364395	-6.647339
-0.208587	-0.947462
0.147178	-7.313912
0.021940	-1.234905
-0.196443	-7.215129
0.217991	-0.873445
-0.352455	-6.652629
0.102374	-0.460530
0.036887	-7.097721
-0.134958	-0.499199
0.365630	-6.644850
-0.208248	-0.950309
0.144440	-7.318768
0.023895	-1.234950
-0.199089	-7.209328
0.218447	-0.870236
-0.351869	-6.652940
0.100959	-0.458610
0.039987	-7.096478
-0.136433	-0.501229
0.366195	-6.644562
-0.207779	-0.954516
0.142436	-7.322377
0.025984	-1.234939
-0.201002	-7.205059
0.219004	-0.865665
-0.351296	-6.653122
0.099503	-0.456167
0.043767	-7.094832
-0.138044	-0.502515
0.366754	-6.644369
-0.207364	-0.957839
0.140433	-7.325960
0.028219	-1.234854
-0.203624	-7.199186
0.219485	-0.862058
-0.350738	-6.653160
0.097905	-0.454257
0.047512	-7.093079
-0.139695	-0.504493
0.367305	-6.644277
-0.206902	-0.961436
0.137697	-7.330674
0.030610	-1.234674
-0.206955	-7.191662
0.219975	-0.858242
-0.350201	-6.653035
0.096247	-0.451844
0.051218	-7.091232
-0.141442	-0.506446
0.367848	-6.644296
-0.206386	-0.965331
0.134959	-7.335331
0.033044	-1.234572
-0.209555	-7.185678
0.220471	-0.854214
-0.349021	-6.654779
0.094476	-0.449455
0.054881	-7.089306
-0.143291	-0.508373
0.369046	-6.642303
-0.205710	-0.970677
0.132215	-7.339934
0.035656	-1.234351
-0.212863	-7.178003
0.221052	-0.848800
-0.348535	-6.654262
0.092581	-0.447092
0.059913	-7.086402
-0.145195	-0.511031
0.369570	-6.642564
-0.205060	-0.975247
0.129463	-7.344486
0.038457	-1.233981
-0.216163	-7.170235
0.221544	-0.844345
-0.347417	-6.655559
0.090597	-0.444285
0.064181	-7.083823
-0.147262	-0.512909
0.370081	-6.642962
-0.204328	-0.980197
0.125966	-7.350058
0.041457	-1.233427
-0.219455	-7.162369
0.222026	-0.839681
-0.346338	-6.656592
0.088469	-0.441533
0.069096	-7.080635
-0.149394	-0.515537
0.370578	-6.643505
-0.203602	-0.984440
0.123188	-7.354497
0.044542	-1.232917
-0.222742	-7.154396
0.222572	-0.833638
-0.344640	-6.659367
0.086187	-0.438841
0.074651	-7.076754
-0.151645	-0.518154
0.371060	-6.644203
-0.202673	-0.990244
0.119655	-7.359914
0.047846	-1.232179
-0.226742	-7.144591
0.223091	-0.827403
-0.343662	-6.659777
0.083739	-0.436215
0.080130	-7.072707
-0.153966	-0.521566
0.371523	-6.645065
-0.201625	-0.996519
0.116096	-7.365243
0.051254	-1.231475
-0.230741	-7.134619
0.223489	-0.822172
-0.342080	-6.661854
0.081158	-0.433232
0.085525	-7.068529
-0.156413	-0.524994
0.371967	-6.646099
-0.200544	-1.002190
0.111769	-7.371446
0.054898	-1.230491
-0.235456	-7.122706
0.223920	-0.815606
-0.339904	-6.665545
0.078431	-0.429938
0.091535	-7.063564
-0.158985	-0.528443
0.372389	-6.647315
-0.199314	-1.008402
0.107402	-7.377503
0.058782	-1.229174
-0.239466	-7.112333
0.224289	-0.808913
-0.337808	-6.668784
0.075504	-0.426780
0.098150	-7.057726
-0.161683	-0.531916
0.372786	-6.648718
-0.197918	-1.015186
0.102988	-7.383412
0.062789	-1.227849
-0.244198	-7.099941
0.224659	-0.800942
-0.335137	-6.673534
0.072368	-0.423764
0.105359	-7.050924
-0.164452	-0.536277
0.372491	-6.652469
-0.196337	-1.022570
0.098521	-7.389172
0.067043	-1.226130
-0.248947	-7.087267
0.224855	-0.794095
-0.332569	-6.677742
0.069052	-0.420530
0.112447	-7.043913
-0.167341	-0.540707
0.372165	-6.656423
-0.194653	-1.029498
0.093990	-7.394777
0.071543	-1.223962
-0.254424	-7.072440
0.225018	-0.786055
-0.329446	-6.683355
0.065549	-0.417134
0.119405	-7.036754
-0.170344	-0.545217
0.371808	-6.660581
-0.192744	-1.037089
0.088649	-7.400996
0.076162	-1.221747
-0.259927	-7.057236
0.225127	-0.776875
-0.325780	-6.690310
0.061808	-0.413963
0.127632	-7.027612
-0.173398	-0.550726
0.370749	-6.667100
-0.190589	-1.045358
0.083228	-7.406963
0.081014	-1.219034
-0.265461	-7.041628
0.225005	-0.768970
-0.322249	-6.696587
0.057823	-0.411016
0.135713	-7.018246
-0.176547	-0.556381
0.370321	-6.671659
-0.188272	-1.053262
0.076977	-7.413340
0.085965	-1.216289
-0.271032	-7.025590
0.224864	-0.758871
-0.317522	-6.706054
0.053632	-0.408008
0.144343	-7.007662
-0.179776	-0.562207
0.368521	-6.680724
-0.185668	-1.061876
0.070629	-7.419332
0.091239	-1.212482
-0.276647	-7.009094
0.224452	-0.750172
-0.312946	-6.714759
0.049234	-0.405000
0.153515	-6.995759
-0.183011	-0.569183
0.367350	-6.687802
-0.182757	-1.071189
0.064923	-7.424345
0.096572	-1.208644
-0.283009	-6.990150
0.223902	-0.740593
-0.307182	-6.726517
0.044633	-0.402058
0.162529	-6.983612
-0.186287	-0.576424
0.364803	-6.699349
-0.179630	-1.080164
0.057627	-7.430054
0.102055	-1.204252
-0.289419	-6.970656
0.223192	-0.730211
-0.301576	-6.737461
0.039794	-0.399455
0.172084	-6.970039
-0.189582	-0.583969
0.362219	-6.711014
-0.176276	-1.088807
0.050968	-7.434724
0.107656	-1.199312
-0.295186	-6.952604
0.222232	-0.720258
-0.295453	-6.749485
0.034770	-0.396998
0.181487	-6.956214
-0.192867	-0.591861
0.359601	-6.722760
-0.172576	-1.098096
0.044206	-7.438889
0.113334	-1.193850
-0.301702	-6.931989
0.221082	-0.709640
-0.288128	-6.764403
0.029538	-0.394910
0.191445	-6.940812
-0.196114	-0.600148
0.356282	-6.736694
-0.168526	-1.107961
0.036602	-7.442841
0.119048	-1.187913
-0.307578	-6.912842
0.219729	-0.698427
-0.280941	-6.778513
0.024120	-0.393175
0.201275	-6.925092
-0.199292	-0.608879
0.352938	-6.750611
-0.164240	-1.117373
0.028909	-7.446090
0.124868	-1.180835
-0.314195	-6.891097
0.218101	-0.687810
-0.272519	-6.795436
0.018623	-0.391585
0.211688	-6.907580
-0.202366	-0.618107
0.348903	-6.766596
-0.159729	-1.126291
0.021142	-7.448602
0.130508	-1.174137
-0.320167	-6.870883
0.216266	-0.676692
-0.264197	-6.811602
0.012961	-0.390505
0.221325	-6.891134
-0.205305	-0.627882
0.344182	-6.784572
-0.154897	-1.135559
0.013316	-7.450347
0.136156	-1.166432
-0.326180	-6.850179
0.214164	-0.666225
-0.255270	-6.828805
0.007248	-0.389759
0.230905	-6.874287
-0.208075	-0.638252
0.339460	-6.802331
-0.149883	-1.144181
0.005453	-7.451305
0.141646	-1.158571
-0.331540	-6.831131
0.211874	-0.655308
-0.246391	-6.845384
0.001483	-0.389439
0.240456	-6.856967
-0.210648	-0.649258
0.334067	-6.821927
-0.144606	-1.152938
-0.002428	-7.451463
0.147046	-1.149839
-0.336924	-6.811705
0.209350	-0.645045
-0.236845	-6.863048
-0.004332	-0.389517
0.250008	-6.839089
-0.213061	-0.659828
0.328009	-6.843270
-0.139101	-1.161690
-0.010304	-7.450819
0.152201	-1.141167
-0.342321	-6.791954
0.206679	-0.634338
-0.227286	-6.880200
-0.010077	-0.390013
0.258909	-6.822261
-0.215296	-0.669947
0.322662	-6.862100
-0.133529	-1.169517
-0.018151	-7.449380
0.157189	-1.131791
-0.347043	-6.774075
0.203824	-0.624246
-0.216995	-6.898422
-0.015751	-0.390937
0.267872	-6.804757
-0.217271	-0.680718
0.316666	-6.882557
-0.127940	-1.176381
-0.025950	-7.447163
0.161868	-1.122698
-0.351082	-6.758154
0.200816	-0.614726
-0.207321	-6.914719
-0.021356	-0.392185
0.276241	-6.788255
-0.218974	-0.692139
0.310714	-6.902509
-0.122146	-1.183697
-0.033683	-7.444195
0.166330	-1.113062
-0.355109	-6.742120
0.197689	-0.605728
-0.197552	-6.930685
-0.026820	-0.393824
0.284042	-6.772762
-0.220469	-0.703044
0.304119	-6.923970
-0.116434	-1.189897
-0.040589	-7.440871
0.170448	-1.103902
-0.358441	-6.728184
0.194474	-0.597200
-0.187664	-6.946337
-0.032150	-0.395697
0.290619	-6.760126
-0.221759	-0.713378
0.297573	-6.944854
-0.110732	-1.195655
-0.048146	-7.436564
0.174328	-1.094323
-0.361745	-6.714256
0.191206	-0.589093
-0.177641	-6.961669
-0.037283	-0.397934
0.297342	-6.746702
-0.222782	-0.724236
0.291776	-6.963166
-0.105087	-1.200911
-0.054858	-7.432100
0.177860	-1.085354
-0.364346	-6.702542
0.187913	-0.581356
-0.168167	-6.975436
-0.042200	-0.400548
0.303542	-6.734319
-0.223619	-0.734402
0.285337	-6.982918
-0.099540	-1.205631
-0.062208	-7.426602
0.181159	-1.076037
-0.366911	-6.690928
0.184625	-0.573945
-0.158537	-6.988931
-0.046925	-0.403301
0.309226	-6.723005
-0.224288	-0.743798
0.279648	-7.000159
-0.094126	-1.209796
-0.068710	-7.421140
0.184127	-1.067404
-0.368768	-6.681609
0.181367	-0.566820
-0.149447	-7.000998
-0.051449	-0.406127
0.314395	-6.712798
-0.224733	-0.753524
0.273308	-7.018833
-0.088757	-1.213940
-0.074366	-7.415910
0.186887	-1.058439
-0.369920	-6.674613
0.178160	-0.559944
-0.140898	-7.011750
-0.055767	-0.408963
0.319047	-6.703740
-0.225048	-0.762337
0.267713	-7.035084
-0.083700	-1.216987
-0.080665	-7.409682
0.189350	-1.050179
-0.371034	-6.667798
0.174969	-0.554194
-0.132194	-7.022275
-0.059838	-0.412065
0.323176	-6.695885
-0.225180	-0.771343
0.262159	-7.050890
-0.078734	-1.220001
-0.086131	-7.403835
0.191535	-1.042627
-0.372110	-6.661177
0.171865	-0.548603
-0.124745	-7.030639
-0.063663	-0.415435
0.326775	-6.689290
-0.225148	-0.780480
0.256640	-7.066277
-0.073994	-1.222491
-0.091512	-7.397728
0.193569	-1.034701
-0.372485	-6.656916
0.168807	-0.544026
-0.116450	-7.039737
-0.067330	-0.418357
0.330504	-6.682029
-0.225051	-0.788505
0.251149	-7.081274
-0.069369	-1.224921
-0.096817	-7.391376
0.195469	-1.026362
-0.372826	-6.652859
0.165859	-0.539539
-0.109428	-7.046860
-0.070720	-0.421842
0.333015	-6.678124
-0.224832	-0.796545
0.246390	-7.094094
-0.065111	-1.226481
-0.101315	-7.385665
0.197051	-1.019749
-0.373136	-6.649005
0.163028	-0.535128
-0.102281	-7.053808
-0.073970	-0.424763
0.335635	-6.673659
-0.224589	-0.803368
0.241650	-7.106620
-0.060978	-1.228035
-0.106493	-7.378890
0.198541	-1.012665
-0.373418	-6.645351
0.160320	-0.530781
-0.095723	-7.059791
-0.077003	-0.427830
0.338353	-6.668668
-0.224260	-0.810115
0.236923	-7.118875
-0.056968	-1.229565
-0.110144	-7.373793
0.199854	-1.006167
-0.373008	-6.644044
0.157683	-0.527312
-0.089765	-7.064897
-0.079831	-0.431039
0.340489	-6.665210
-0.223861	-0.816751
0.232204	-7.130877
-0.053201	-1.230733
-0.114491	-7.367636
0.201010	-1.000225
-0.372575	-6.642921
0.155172	-0.523865
-0.083709	-7.069854
-0.082508	-0.433947
0.342036	-6.663343
-0.223405	-0.823246
0.228202	-7.140925
-0.049673	-1.231593
-0.118065	-7.362342
0.202025	-0.994808
-0.372121	-6.641975
0.152787	-0.520438
-0.077565	-7.074618
-0.085003	-0.436956
0.343649	-6.661089
-0.222905	-0.829575
0.224202	-7.150796
-0.046253	-1.232473
-0.121610	-7.356962
0.203014	-0.988772
-0.371649	-6.641198
0.150473	-0.517811
-0.072756	-7.078036
-0.087369	-0.439598
0.344655	-6.660520
-0.222372	-0.835720
0.220200	-7.160505
-0.043057	-1.233102
-0.125133	-7.351493
0.203891	-0.983191
-0.371159	-6.640579
0.148281	-0.515176
-0.067167	-7.081871
-0.089575	-0.442306
0.346376	-6.657601
-0.221900	-0.840489
0.216910	-7.168402
-0.040074	-1.233521
-0.128637	-7.345933
0.204669	-0.978035
-0.370655	-6.640111
0.146207	-0.512531
-0.062930	-7.084530
-0.091632	-0.445074
0.347475	-6.656438
-0.221413	-0.845053
0.213613	-7.176196
-0.037296	-1.233770
-0.131393	-7.341390
0.205360	-0.973274
-0.370138	-6.639784
0.144195	-0.510630
-0.057926	-7.087551
-0.093550	-0.447896
0.347945	-6.657074
-0.220834	-0.850581
0.210309	-7.183893
-0.034589	-1.234093
-0.134140	-7.336797
0.205975	-0.968879
-0.368945	-6.641719
0.142343	-0.507957
-0.053579	-7.089975
-0.095383	-0.450265
0.349111	-6.655440
-0.220337	-0.854720
0.207713	-7.189892
-0.031941	-1.234475
-0.136881	-7.332152
0.206523	-0.964822
-0.368406	-6.641644
0.140545	-0.506011
-0.049895	-7.091883
-0.097099	-0.452660
0.349637	-6.655659
-0.219845	-0.858645
0.204388	-7.197433
-0.029589	-1.234540
-0.139618	-7.327451
0.207012	-0.961077
-0.367859	-6.641683
0.138845	-0.504040
-0.046169	-7.093705
-0.098750	-0.454557
0.350185	-6.655705
-0.219272	-0.863531
0.201771	-7.203317
-0.027276	-1.234690
-0.142353	-7.322692
0.207451	-0.957618
-0.367304	-6.641828
0.137189	-0.502763
-0.042407	-7.095427
-0.100255	-0.456987
0.350750	-6.655598
-0.218797	-0.867039
0.199142	-7.209155
-0.025113	-1.234753
-0.144355	-7.319079
0.207941	-0.953289
-0.366078	-6.644190
0.135671	-0.500739
-0.039322	-7.096733
-0.101713	-0.458898
0.351330	-6.655354
-0.218334	-0.870349
0.197223	-7.213403
-0.023090	-1.234750
-0.146360	-7.315438
0.208297	-0.950328
-0.365510	-6.644521
0.134185	-0.499397
-0.035498	-7.098249
-0.103088	-0.460808
0.351922	-6.654990
-0.217885	-0.873466
0.194572	-7.219171
-0.021074	-1.234828
-0.148367	-7.311768
0.208716	-0.946451
-0.364937	-6.644936
0.132777	-0.498022
-0.032357	-7.099383
-0.104387	-0.462715
0.352523	-6.654520
-0.217366	-0.877565
0.192630	-7.223377
-0.019177	-1.234850
-0.150378	-7.308067
0.209013	-0.943901
-0.364360	-6.645426
0.131441	-0.496617
-0.029905	-7.100200
-0.105616	-0.464620
0.353131	-6.653957
-0.216950	-0.880326
0.189954	-7.229075
-0.017391	-1.234831
-0.152392	-7.304335
0.209380	-0.940392
-0.363778	-6.645987
0.130171	-0.495183
-0.026722	-7.101181
-0.106830	-0.465956
0.353079	-6.655383
-0.216552	-0.882923
0.187990	-7.233240
-0.015704	-1.234783
-0.154410	-7.300569
0.209635	-0.938175
-0.363193	-6.646611
0.128962	-0.493721
-0.024232	-7.101877
-0.107941	-0.467843
0.353696	-6.654671
-0.216084	-0.886528
0.186740	-7.235908
-0.014108	-1.234716
-0.155703	-7.298056
0.209967	-0.934959
-0.362604	-6.647293
0.127759	-0.492904
-0.021726	-7.102515
-0.109050	-0.469148
0.354316	-6.653898
-0.215722	-0.888831
0.184756	-7.240055
-0.012594	-1.234640
-0.157729	-7.294238
0.210193	-0.933002
-0.362012	-6.648027
0.126657	-0.491388
-0.019207	-7.103092
-0.110068	-0.471014
0.354273	-6.655149
-0.215377	-0.891003
0.182764	-7.244185
-0.011029	-1.234629
-0.159030	-7.291694
0.210503	-0.930012
-0.361417	-6.648808
0.125551	-0.490507
-0.016677	-7.103604
-0.111096	-0.472285
0.354896	-6.654282
-0.214960	-0.894213
0.181487	-7.246847
-0.009528	-1.234605
-0.161063	-7.287823
0.210806	-0.927111
-0.360819	-6.649631
0.124486	-0.489594
-0.014847	-7.103934
-0.112092	-0.473536
0.354854	-6.655458
-0.214649	-0.896160
0.179478	-7.250954
-0.008207	-1.234521
-0.162370	-7.285249
0.211012	-0.925423
-0.360219	-6.650491
0.123506	-0.488004
-0.012298	-7.104329
-0.113060	-0.474767
0.355477	-6.654527
-0.214264	-0.899165
0.178188	-7.253611
-0.006809	-1.234494
-0.163680	-7.282665
0.211308	-0.922655
-0.360281	-6.649285
0.122508	-0.487037
-0.009743	-7.104651
-0.114008	-0.475976
0.356099	-6.653572
-0.213983	-0.900934
0.176166	-7.257689
-0.005451	-1.234468
-0.164992	-7.280071
0.211604	-0.919931
-0.359676	-6.650206
0.121536	-0.486041
-0.007892	-7.104842
-0.114938	-0.477163
0.356055	-6.654684
-0.213626	-0.903782
0.174865	-7.260337
-0.004125	-1.234446
-0.166306	-7.277468
0.211809	-0.918382
-0.359069	-6.651150
0.120586	-0.485019
-0.006037	-7.104993
-0.115856	-0.478329
0.356675	-6.653702
-0.213371	-0.905420
0.173559	-7.262983
-0.002823	-1.234429
-0.168347	-7.273491
0.212110	-0.915709
-0.358459	-6.652111
0.119653	-0.483971
-0.003469	-7.105134
-0.116768	-0.479472
0.356628	-6.654799
-0.213038	-0.908161
0.172251	-7.265625
-0.001536	-1.234421
-0.169661	-7.270863
0.212325	-0.914185
-0.358512	-6.650996
0.118733	-0.482898
-0.001609	-7.105189
-0.117677	-0.480592
0.357244	-6.653810
-0.212805	-0.909717
0.170212	-7.269644
-0.000259	-1.234422
-0.170974	-7.268228
0.212638	-0.911509
-0.357898	-6.651982
0.117821	-0.481800
0.000252	-7.105203
-0.118588	-0.481688
0.357858	-6.652825
-0.212491	-0.912399
0.168899	-7.272267
0.001018	-1.234432
-0.172286	-7.265588
0.212869	-0.909959
-0.357282	-6.652972
0.116912	-0.480678
0.002822	-7.105158
-0.119506	-0.482760
0.357806	-6.653937
-0.212275	-0.913923
0.167585	-7.274884
0.002302	-1.234451
-0.173595	-7.262943
0.213200	-0.907230
-0.357330	-6.651875
0.116002	-0.479533
0.004681	-7.105075
-0.120435	-0.483807
0.358416	-6.652974
-0.211973	-0.916596
0.166271	-7.277494
0.003723	-1.234458
-0.174901	-7.260294
0.213542	-0.904456
-0.356711	-6.652861
0.115086	-0.478366
0.006537	-7.104952
-0.121332	-0.485466
0.359024	-6.652027
-0.211675	-0.919283
0.164957	-7.280095
0.005043	-1.234485
-0.176929	-7.256221
0.213806	-0.902774
-0.356755	-6.651753
0.114159	-0.477176
0.009099	-7.104721
-0.122298	-0.486465
0.358964	-6.653197
-0.211471	-0.920855
0.163644	-7.282687
0.006269	-1.234554
-0.178227	-7.253560
0.214173	-0.899873
-0.356133	-6.652714
0.113216	-0.475964
0.010945	-7.104505
-0.123290	-0.487436
0.359568	-6.652300
-0.211175	-0.923613
0.161605	-7.286594
0.007656	-1.234596
-0.179518	-7.250899
0.214465	-0.898042
-0.356176	-6.651572
0.112301	-0.474142
0.013496	-7.104148
-0.124311	-0.488378
0.360169	-6.651434
-0.210970	-0.925284
0.160297	-7.289157
0.009089	-1.234637
-0.181529	-7.246787
0.214773	-0.896119
-0.355552	-6.652485
0.111312	-0.472893
0.015328	-7.103844
-0.125367	-0.489289
0.360767	-6.650604
-0.210669	-0.928169
0.158991	-7.291711
0.010576	-1.234671
-0.182807	-7.244121
0.215186	-0.892939
-0.354929	-6.653362
0.110293	-0.471623
0.017861	-7.103369
-0.126414	-0.490833
0.361363	-6.649814
-0.210361	-0.931138
0.156960	-7.295545
0.012001	-1.234765
-0.184801	-7.239985
0.215527	-0.890796
-0.354972	-6.652123
0.109237	-0.470333
0.020383	-7.102828
-0.127555	-0.491684
0.361956	-6.649069
-0.210138	-0.933068
0.155662	-7.298068
0.013621	-1.234778
-0.186787	-7.235833
0.215974	-0.887370
-0.354351	-6.652911
0.108186	-0.468455
0.022892	-7.102225
-0.128695	-0.493176
0.362545	-6.648376
-0.209809	-0.936255
0.153639	-7.301850
0.015196	-1.234856
-0.188763	-7.231666
0.216350	-0.884960
-0.354399	-6.651567
0.107040	-0.467131
0.025386	-7.101562
-0.129891	-0.494642
0.363132	-6.647739
-0.209559	-0.938437
0.152349	-7.304343
0.016860	-1.234919
-0.190728	-7.227483
0.216744	-0.882401
-0.353784	-6.652231
0.105887	-0.465232
0.028573	-7.100625
-0.131195	-0.495393
0.363714	-6.647164
-0.209197	-0.941910
0.150334	-7.308073
0.018622	-1.234956
-0.192683	-7.223287
0.217244	-0.878521
-0.353175	-6.652816
0.104627	-0.463877
0.031031	-7.099838
-0.132515	-0.496797
0.364293	-6.646658
-0.208907	-0.944415
0.148322	-7.311771
0.020492	-1.234957
-0.194627	-7.219076
0.217672	-0.875629
-0.352572	-6.653312
0.103346	-0.461962
0.034177	-7.098744
-0.133906	-0.498170
0.364867	-6.646226
-0.208495	-0.948247
0.146314	-7.315438
0.022478	-1.234906
-0.197282	-7.213303
0.218117	-0.872557
-0.352643	-6.651639
0.101990	-0.460043
0.037298	-7.097569
-0.135322	-0.500220
0.365436	-6.645876
-0.208147	-0.951155
0.144308	-7.319076
0.024469	-1.234935
-0.199203	-7.209051
0.218577	-0.869296
-0.352060	-6.651918
0.100599	-0.457594
0.041100	-7.096005
-0.136870	-0.501532
0.365999	-6.645615
-0.207667	-0.955428
0.141573	-7.323869
0.026597	-1.234905
-0.201834	-7.203209
0.219137	-0.864669
-0.351491	-6.652064
0.099071	-0.455682
0.044161	-7.094671
-0.138455	-0.503532
0.367220	-6.643327
-0.207240	-0.958824
0.139570	-7.327439
0.028874	-1.234795
-0.204453	-7.197321
0.219621	-0.861005
-0.350939	-6.652060
0.097490	-0.453259
0.047896	-7.092917
-0.140182	-0.504775
0.367770	-6.643264
-0.206764	-0.962500
0.136833	-7.332134
0.031310	-1.234582
-0.207780	-7.189776
0.220113	-0.857131
-0.349742	-6.653944
0.095757	-0.451361
0.052300	-7.090670
-0.141957	-0.506718
0.368311	-6.643313
-0.206232	-0.966481
0.134093	-7.336773
0.033792	-1.234444
-0.210377	-7.183777
0.220609	-0.853045
-0.349235	-6.653579
0.093953	-0.448976
0.056659	-7.088286
-0.143784	-0.509386
0.368842	-6.643482
-0.205537	-0.971920
0.131348	-7.341359
0.036455	-1.234179
-0.213683	-7.176079
0.221190	-0.847572
-0.348092	-6.655051
0.092067	-0.446135
0.060967	-7.085785
-0.145769	-0.511283
0.369362	-6.643782
-0.204865	-0.976592
0.128594	-7.345894
0.039309	-1.233756
-0.216981	-7.168287
0.221680	-0.843059
-0.346984	-6.656278
0.090000	-0.443819
0.065219	-7.083187
-0.147816	-0.513922
0.370533	-6.642084
-0.204207	-0.980532
0.125092	-7.351444
0.042241	-1.233392
-0.220271	-7.160394
0.222241	-0.837162
-0.345917	-6.657232
0.087831	-0.441076
0.070825	-7.079437
-0.149980	-0.516551
0.371027	-6.642667
-0.203356	-0.986013
0.122309	-7.355867
0.045386	-1.232830
-0.224273	-7.150691
0.222697	-0.832242
-0.344899	-6.657884
0.085548	-0.437945
0.075652	-7.076079
-0.152264	-0.519170
0.371504	-6.643408
-0.202395	-0.991943
0.118770	-7.361263
0.048751	-1.232028
-0.228272	-7.140829
0.223206	-0.825957
-0.343271	-6.660233
0.083053	-0.435343
0.081109	-7.072022
-0.154620	-0.522587
0.371962	-6.644315
-0.201412	-0.997243
0.114466	-7.367552
0.052223	-1.231253
-0.232271	-7.130796
0.223674	-0.819501
-0.341042	-6.664226
0.080421	-0.432388
0.087187	-7.067179
-0.157153	-0.525202
0.372400	-6.645397
-0.200192	-1.004167
0.110866	-7.372749
0.055933	-1.230184
-0.236275	-7.120577
0.224089	-0.812898
-0.339553	-6.665776
0.077641	-0.429128
0.093170	-7.062174
-0.159708	-0.529478
0.372151	-6.648811
-0.198918	-1.010532
0.106487	-7.378779
0.059884	-1.228768
-0.240998	-7.108369
0.224437	-0.806174
-0.336815	-6.670895
0.074658	-0.426006
0.099755	-7.056297
-0.162440	-0.532960
0.372540	-6.650269
-0.197575	-1.016382
0.102060	-7.384661
0.063959	-1.227335
-0.245734	-7.095894
0.224703	-0.799365
-0.334838	-6.673497
0.071504	-0.422650
0.106932	-7.049460
-0.165242	-0.537337
0.372237	-6.654076
-0.195940	-1.023941
0.097576	-7.390393
0.068281	-1.225493
-0.250488	-7.083131
0.224949	-0.791329
-0.331632	-6.679546
0.068126	-0.419476
0.113986	-7.042429
-0.168163	-0.541785
0.371903	-6.658087
-0.194196	-1.031052
0.092288	-7.396773
0.072725	-1.223622
-0.255971	-7.068202
0.225077	-0.783295
-0.328543	-6.684988
0.064516	-0.416487
0.121611	-7.034357
-0.171142	-0.547208
0.371536	-6.662301
-0.192223	-1.038831
0.086925	-7.402910
0.077409	-1.221289
-0.261482	-7.052888
0.225068	-0.775314
-0.324913	-6.691761
0.060709	-0.413362
0.129799	-7.025152
-0.174278	-0.551857
0.370467	-6.668875
-0.189997	-1.047293
0.081480	-7.408791
0.082323	-1.218445
-0.267025	-7.037164
0.224979	-0.766268
-0.320750	-6.699805
0.056697	-0.410163
0.137839	-7.015741
-0.177450	-0.557549
0.369362	-6.675646
-0.187603	-1.055394
0.075203	-7.415061
0.087453	-1.215047
-0.272608	-7.021001
0.224711	-0.757398
-0.316064	-6.709058
0.052479	-0.406951
0.147126	-7.004036
-0.180642	-0.564358
0.368218	-6.682601
-0.184917	-1.064203
0.069570	-7.420332
0.092658	-1.211612
-0.278235	-7.004374
0.224318	-0.747599
-0.311530	-6.717549
0.048014	-0.404044
0.155555	-6.993180
-0.183891	-0.571408
0.366368	-6.691882
-0.181919	-1.073707
0.063094	-7.425848
0.098035	-1.207629
-0.284611	-6.985286
0.223779	-0.736947
-0.305810	-6.729087
0.043306	-0.401434
0.165225	-6.979816
-0.187233	-0.577761
0.364481	-6.701306
-0.178809	-1.081857
0.055768	-7.431412
0.103554	-1.203093
-0.291036	-6.965643
0.222929	-0.727839
-0.299574	-6.741695
0.038444	-0.398707
0.174737	-6.966164
-0.190528	-0.585385
0.361888	-6.712999
-0.175252	-1.091687
0.049080	-7.435943
0.109300	-1.197368
-0.296817	-6.947443
0.221970	-0.716859
-0.293492	-6.753490
0.033321	-0.396532
0.184101	-6.952271
-0.193747	-0.594373
0.358590	-6.726914
-0.171456	-1.101134
0.042291	-7.439960
0.114992	-1.191746
-0.303348	-6.926674
0.220745	-0.706389
-0.286206	-6.768182
0.028076	-0.394373
0.194022	-6.936792
-0.196978	-0.602782
0.355262	-6.740849
-0.167421	-1.110180
0.034661	-7.443738
0.120707	-1.185665
-0.309929	-6.905327
0.219317	-0.695337
-0.278376	-6.783879
0.022651	-0.392619
0.203820	-6.920996
-0.200130	-0.611648
0.351914	-6.754751
-0.163042	-1.119726
0.026947	-7.446802
0.126396	-1.179197
-0.315868	-6.885484
0.217612	-0.684889
-0.270663	-6.798815
0.017077	-0.391259
0.214208	-6.903387
-0.203170	-0.621026
0.347199	-6.772840
-0.158440	-1.128753
0.019162	-7.449121
0.132129	-1.171665
-0.321852	-6.865131
0.215703	-0.673948
-0.261684	-6.816534
0.011386	-0.390279
0.223827	-6.886847
-0.206065	-0.630964
0.342475	-6.790757
-0.153525	-1.138097
0.011324	-7.450668
0.137738	-1.163890
-0.327874	-6.844298
0.213597	-0.662552
-0.252773	-6.833551
0.005655	-0.389640
0.234083	-6.868302
-0.208784	-0.641509
0.337754	-6.808442
-0.148435	-1.146764
0.003453	-7.451422
0.143175	-1.155996
-0.333241	-6.825138
0.211175	-0.652916
-0.243902	-6.849974
-0.000117	-0.389425
0.243630	-6.850800
-0.211362	-0.651604
0.332364	-6.827943
-0.143091	-1.155528
-0.004428	-7.451375
0.148512	-1.147260
-0.338629	-6.805613
0.208655	-0.641742
-0.234356	-6.867498
-0.005888	-0.389631
0.252503	-6.834393
-0.213711	-0.662349
0.326996	-6.847077
-0.137647	-1.163445
-0.012298	-7.450527
0.153593	-1.138623
-0.343349	-6.787911
0.205867	-0.632277
-0.224100	-6.886073
-0.011657	-0.390200
0.261418	-6.817387
-0.215876	-0.672644
0.320974	-6.867880
-0.132034	-1.171241
-0.020135	-7.448887
0.158499	-1.129313
-0.348070	-6.769978
0.202967	-0.622336
-0.214481	-6.902645
-0.017305	-0.391232
0.270402	-6.799676
-0.217778	-0.683593
0.314989	-6.888200
-0.126298	-1.178791
-0.027917	-7.446477
0.163089	-1.120321
-0.352108	-6.754021
0.199985	-0.611919
-0.204783	-6.918858
-0.022875	-0.392584
0.278120	-6.784740
-0.219404	-0.695187
0.308359	-6.910056
-0.120608	-1.185273
-0.035629	-7.443322
0.167458	-1.110812
-0.356130	-6.737966
0.196831	-0.603059
-0.194290	-6.936124
-0.028293	-0.394330
0.285955	-6.769040
-0.220894	-0.705109
0.302468	-6.929317
-0.114894	-1.191366
-0.043254	-7.439456
0.171481	-1.101805
-0.359454	-6.724028
0.193598	-0.594657
-0.184366	-6.951643
-0.033572	-0.396307
0.292571	-6.756190
-0.222111	-0.715587
0.295938	-6.950046
-0.109204	-1.196998
-0.050040	-7.435365
0.175266	-1.092398
-0.362750	-6.710109
0.190320	-0.586660
-0.174998	-6.965576
-0.038648	-0.398651
0.299335	-6.742533
-0.223062	-0.726577
0.290156	-6.968209
-0.103581	-1.202117
-0.057467	-7.430254
0.178812	-1.082610
-0.365341	-6.698418
0.187025	-0.579022
-0.165482	-6.979268
-0.043542	-0.401144
0.305577	-6.729912
-0.223831	-0.736856
0.283731	-6.987811
-0.097947	-1.207277
-0.064045	-7.425115
0.182018	-1.073475
-0.367226	-6.688998
0.183743	-0.571698
-0.156507	-6.991531
-0.048202	-0.403978
0.310632	-6.720275
-0.224437	-0.746349
0.277356	-7.006856
-0.092576	-1.211266
-0.070517	-7.419530
0.184899	-1.065034
-0.369073	-6.679721
0.180496	-0.564649
-0.147374	-7.003568
-0.052659	-0.406881
0.315843	-6.709849
-0.224823	-0.756154
0.271728	-7.023447
-0.087378	-1.214707
-0.076146	-7.414202
0.187575	-1.056264
-0.370214	-6.672773
0.177251	-0.558760
-0.138783	-7.014285
-0.056909	-0.409789
0.320536	-6.700579
-0.225086	-0.765027
0.266146	-7.039571
-0.082256	-1.218112
-0.082419	-7.407866
0.189960	-1.048199
-0.371318	-6.666010
0.174083	-0.553049
-0.130038	-7.024757
-0.060912	-0.412965
0.324034	-6.694482
-0.225171	-0.774075
0.260602	-7.055258
-0.077350	-1.220964
-0.087860	-7.401931
0.192177	-1.039774
-0.372384	-6.659444
0.171006	-0.547490
-0.122549	-7.033078
-0.064712	-0.416065
0.327670	-6.687704
-0.225176	-0.782056
0.255091	-7.070535
-0.072674	-1.223304
-0.093220	-7.395741
0.194143	-1.032028
-0.372749	-6.655239
0.167977	-0.542937
-0.114920	-7.041234
-0.068272	-0.419392
0.331433	-6.680268
-0.225044	-0.790090
0.249607	-7.085427
-0.068238	-1.225181
-0.098505	-7.389309
0.195880	-1.024948
-0.373082	-6.651238
0.165115	-0.537611
-0.107158	-7.049157
-0.071641	-0.422563
0.333975	-6.676202
-0.224795	-0.798125
0.244853	-7.098157
-0.063926	-1.227032
-0.102986	-7.383535
0.197509	-1.017420
-0.373384	-6.647440
0.162263	-0.534075
-0.100683	-7.055259
-0.074788	-0.425917
0.336623	-6.671585
-0.224446	-0.806114
0.240116	-7.110599
-0.059860	-1.228474
-0.107411	-7.377611
0.198948	-1.010498
-0.372993	-6.645993
0.159589	-0.529742
-0.094095	-7.061207
-0.077764	-0.429036
0.338698	-6.668468
-0.224096	-0.812834
0.235391	-7.122775
-0.055917	-1.229900
-0.111787	-7.371539
0.200216	-1.004154
-0.372577	-6.644736
0.156987	-0.526281
-0.087403	-7.066949
-0.080580	-0.431870
0.340857	-6.664890
-0.223679	-0.819433
0.231387	-7.132967
-0.052216	-1.230980
-0.115386	-7.366311
0.201331	-0.998359
-0.372802	-6.641515
0.154510	-0.522841
-0.082029	-7.071185
-0.083206	-0.434807
0.342422	-6.662913
-0.223292	-0.824703
0.227387	-7.142973
-0.048753	-1.231765
-0.119688	-7.359980
0.202310	-0.993080
-0.372343	-6.640618
0.152107	-0.520213
-0.076569	-7.075301
-0.085652	-0.437844
0.344053	-6.660560
-0.222782	-0.830983
0.223387	-7.152807
-0.045395	-1.232578
-0.123226	-7.354552
0.203267	-0.987171
-0.371201	-6.642027
0.149879	-0.516795
-0.071032	-7.079261
-0.087973	-0.440510
0.345073	-6.659902
-0.222242	-0.837075
0.219384	-7.162481
-0.042258	-1.233151
-0.126008	-7.350105
0.204116	-0.981710
-0.370707	-6.641449
0.147720	-0.514161
-0.066133	-7.082520
-0.090137	-0.443239
0.346807	-6.656901
-0.221765	-0.841789
0.216092	-7.170351
-0.039333	-1.233526
-0.129508	-7.344523
0.204869	-0.976665
-0.370199	-6.641020
0.145626	-0.512278
-0.061171	-7.085639
-0.092155	-0.446026
0.347250	-6.657712
-0.221276	-0.846295
0.212794	-7.178120
-0.036486	-1.233962
-0.132261	-7.339963
0.205538	-0.972007
-0.369679	-6.640728
0.143695	-0.509615
-0.056861	-7.088152
-0.094081	-0.448370
0.348395	-6.656238
-0.220695	-0.851765
0.209487	-7.185795
-0.033830	-1.234238
-0.135006	-7.335353
0.206134	-0.967708
-0.369147	-6.640566
0.141822	-0.507685
-0.052500	-7.090548
-0.095881	-0.450743
0.349568	-6.654546
-0.220200	-0.855845
0.206888	-7.191777
-0.031354	-1.234387
-0.137745	-7.330690
0.206665	-0.963739
-0.368606	-6.640524
0.140051	-0.505729
-0.048804	-7.092431
-0.097565	-0.453142
0.350101	-6.654714
-0.219708	-0.859712
0.203560	-7.199297
-0.028924	-1.234612
-0.140481	-7.325970
0.207139	-0.960075
-0.367393	-6.642719
0.138378	-0.503748
-0.045068	-7.094224
-0.099188	-0.455039
0.350654	-6.654715
-0.219139	-0.864540
0.200940	-7.205166
-0.026653	-1.234734
-0.142484	-7.322384
0.207661	-0.955559
-0.366836	-6.642890
0.136746	-0.502460
-0.041296	-7.095913
-0.100667	-0.457472
0.351223	-6.654567
-0.218666	-0.867993
0.198308	-7.210989
-0.024529	-1.234776
-0.145219	-7.317565
0.208044	-0.952428
-0.366272	-6.643158
0.135251	-0.500427
-0.038203	-7.097192
-0.102102	-0.459382
0.351807	-6.654288
-0.218207	-0.871250
0.196386	-7.215228
-0.022543	-1.234756
-0.147224	-7.313910
0.208391	-0.949529
-0.365703	-6.643513
0.133788	-0.499076
-0.035081	-7.098399
-0.103455	-0.461291
0.352401	-6.653892
-0.217763	-0.874316
0.193730	-7.220981
-0.020561	-1.234820
-0.149232	-7.310226
0.208802	-0.945707
-0.365129	-6.643950
0.132400	-0.497692
-0.031935	-7.099525
-0.104734	-0.463197
0.353004	-6.653394
-0.217248	-0.878366
0.191785	-7.225178
-0.018696	-1.234831
-0.151243	-7.306510
0.209092	-0.943207
-0.364550	-6.644462
0.131082	-0.496278
-0.028766	-7.100564
-0.105946	-0.465099
0.352948	-6.654876
-0.216837	-0.881081
0.189830	-7.229361
-0.016937	-1.234804
-0.152528	-7.304026
0.209454	-0.939743
-0.363303	-6.647152
0.129830	-0.494835
-0.026288	-7.101306
-0.107143	-0.466432
0.353563	-6.654213
-0.216444	-0.883635
0.187863	-7.233529
-0.015276	-1.234752
-0.154548	-7.300259
0.209704	-0.937565
-0.362717	-6.647791
0.128636	-0.493366
-0.023794	-7.101993
-0.108241	-0.468317
0.354181	-6.653482
-0.215981	-0.887200
0.185886	-7.237682
-0.013704	-1.234683
-0.156571	-7.296460
0.210032	-0.934385
-0.362127	-6.648487
0.127448	-0.492540
-0.021285	-7.102622
-0.109337	-0.469618
0.354137	-6.654768
-0.215623	-0.889466
0.183900	-7.241819
-0.012087	-1.234681
-0.157869	-7.293927
0.210349	-0.931320
-0.362199	-6.647130
0.126359	-0.491017
-0.018762	-7.103188
-0.110392	-0.470899
0.354759	-6.653932
-0.215283	-0.891605
0.182629	-7.244482
-0.010664	-1.234595
-0.159900	-7.290074
0.210564	-0.929495
-0.361603	-6.647924
0.125265	-0.490129
-0.016229	-7.103688
-0.111363	-0.472747
0.354717	-6.655131
-0.214871	-0.894784
0.180626	-7.248596
-0.009179	-1.234572
-0.161205	-7.287510
0.210865	-0.926615
-0.361005	-6.648759
0.124210	-0.489209
-0.013686	-7.104120
-0.112351	-0.473994
0.355340	-6.654220
-0.214564	-0.896704
0.179340	-7.251256
-0.007748	-1.234542
-0.162513	-7.284936
0.211070	-0.924945
-0.360404	-6.649629
0.123190	-0.488258
-0.011846	-7.104392
-0.113313	-0.475220
0.355298	-6.655361
-0.214183	-0.899685
0.177323	-7.255344
-0.006363	-1.234510
-0.163823	-7.282352
0.211366	-0.922191
-0.359800	-6.650529
0.122248	-0.486638
-0.009289	-7.104702
-0.114255	-0.476424
0.355920	-6.654403
-0.213906	-0.901432
0.176025	-7.257995
-0.005014	-1.234480
-0.165864	-7.278409
0.211662	-0.919478
-0.359194	-6.651456
0.121283	-0.485637
-0.007437	-7.104883
-0.115181	-0.477606
0.356541	-6.653428
-0.213553	-0.904263
0.174723	-7.260645
-0.003695	-1.234454
-0.167178	-7.275797
0.211868	-0.917935
-0.359251	-6.650310
0.120338	-0.484608
-0.005581	-7.105024
-0.116097	-0.478767
0.356495	-6.654528
-0.213302	-0.905887
0.172690	-7.264690
-0.002398	-1.234435
-0.168492	-7.273178
0.212171	-0.915264
-0.358641	-6.651277
0.119409	-0.483554
-0.003012	-7.105152
-0.117008	-0.479904
0.357112	-6.653539
-0.212971	-0.908617
0.171380	-7.267325
-0.001115	-1.234425
-0.169806	-7.270550
0.212387	-0.913740
-0.358029	-6.652256
0.118492	-0.482475
-0.001152	-7.105197
-0.117917	-0.481019
0.357063	-6.654637
-0.212741	-0.910166
0.170068	-7.269955
0.000162	-1.234424
-0.171118	-7.267917
0.212703	-0.911060
-0.358079	-6.651154
0.117581	-0.481371
0.000709	-7.105200
-0.118829	-0.482110
0.357677	-6.653655
-0.212429	-0.912843
0.168755	-7.272580
0.001440	-1.234432
-0.172430	-7.265277
0.213027	-0.908355
-0.357463	-6.652145
0.116672	-0.480244
0.003279	-7.105141
-0.119750	-0.483176
0.358289	-6.652681
-0.212123	-0.915513
0.167440	-7.275197
0.002727	-1.234450
-0.174464	-7.261228
0.213270	-0.906763
-0.356845	-6.653135
0.115761	-0.479094
0.005137	-7.105048
-0.120683	-0.484216
0.358233	-6.653813
-0.211914	-0.917043
0.166126	-7.277807
0.004030	-1.234475
-0.175769	-7.258572
0.213615	-0.903974
-0.356890	-6.652033
0.114842	-0.477921
0.006992	-7.104915
-0.121634	-0.485231
0.358840	-6.652873
-0.211616	-0.919737
0.164085	-7.281749
0.005357	-1.234507
-0.177070	-7.255915
0.213883	-0.902274
-0.356269	-6.653005
0.113911	-0.476726
0.009553	-7.104671
-0.122558	-0.486863
0.359446	-6.651955
-0.211413	-0.921319
0.162772	-7.284332
0.006716	-1.234543
-0.178366	-7.253256
0.214254	-0.899353
-0.356312	-6.651878
0.112964	-0.475510
0.011398	-7.104445
-0.123557	-0.487827
0.360048	-6.651066
-0.211117	-0.924092
0.161462	-7.286906
0.008115	-1.234580
-0.180381	-7.249153
0.214550	-0.897498
-0.355689	-6.652811
0.111994	-0.474272
0.013946	-7.104077
-0.124588	-0.488762
0.360649	-6.650208
-0.210819	-0.926923
0.160155	-7.289470
0.009439	-1.234671
-0.181665	-7.246488
0.214952	-0.894394
-0.355731	-6.651635
0.111045	-0.472430
0.016486	-7.103638
-0.125654	-0.489666
0.360581	-6.651488
-0.210609	-0.928688
0.158121	-7.293322
0.010941	-1.234706
-0.183665	-7.242360
0.215280	-0.892337
-0.355108	-6.652504
0.110016	-0.471156
0.018306	-7.103277
-0.126713	-0.491203
0.361176	-6.650711
-0.210299	-0.931683
0.156820	-7.295856
0.012509	-1.234728
-0.185657	-7.238214
0.215626	-0.890160
-0.354486	-6.653328
0.108949	-0.469861
0.020825	-7.102725
-0.127866	-0.492046
0.361768	-6.649981
-0.210073	-0.933643
0.154794	-7.299656
0.014026	-1.234814
-0.186916	-7.235542
0.216078	-0.886696
-0.354532	-6.652026
0.107886	-0.467980
0.023330	-7.102112
-0.129021	-0.493530
0.362357	-6.649304
-0.209740	-0.936866
0.153501	-7.302159
0.015625	-1.234890
-0.188890	-7.231377
0.216459	-0.884247
-0.353914	-6.652739
0.106726	-0.466653
0.026530	-7.101237
-0.130232	-0.494989
0.362942	-6.648684
-0.209392	-0.940226
0.151483	-7.305907
0.017438	-1.234844
-0.190853	-7.227198
0.216857	-0.881645
-0.353966	-6.651310
0.105557	-0.464752
0.029002	-7.100493
-0.131554	-0.495729
0.363524	-6.648129
-0.209118	-0.942605
0.149468	-7.309622
0.019105	-1.234978
-0.193527	-7.221478
0.217361	-0.877718
-0.353359	-6.651873
0.104279	-0.463393
0.032164	-7.099452
-0.132893	-0.497125
0.364101	-6.647643
-0.208726	-0.946297
0.147457	-7.313305
0.021006	-1.234968
-0.195468	-7.217259
0.217795	-0.874778
-0.352758	-6.652343
0.102978	-0.461476
0.035303	-7.098326
-0.134304	-0.498488
0.365339	-6.645119
-0.208401	-0.949049
0.145450	-7.316958
0.023026	-1.234902
-0.197398	-7.213025
0.218244	-0.871655
-0.352167	-6.652706
0.101601	-0.459556
0.038416	-7.097121
-0.135743	-0.500530
0.365906	-6.644792
-0.208043	-0.952018
0.143445	-7.320582
0.025054	-1.234915
-0.200037	-7.207211
0.218708	-0.868340
-0.351587	-6.652949
0.100185	-0.457109
0.042210	-7.095522
-0.137314	-0.501832
0.366468	-6.644555
-0.207552	-0.956359
0.141442	-7.324178
0.027222	-1.234864
-0.202664	-7.201354
0.219271	-0.863658
-0.351023	-6.653055
0.098631	-0.455196
0.045262	-7.094164
-0.138923	-0.503823
0.367022	-6.644417
-0.207113	-0.959829
0.138706	-7.328912
0.029541	-1.234726
-0.205280	-7.195451
0.219757	-0.859936
-0.350475	-6.653006
0.097022	-0.452776
0.048986	-7.092380
-0.140626	-0.505790
0.367569	-6.644384
-0.206622	-0.963587
0.135969	-7.333588
0.031899	-1.234671
-0.208604	-7.187886
0.220251	-0.856004
-0.349950	-6.652783
0.095303	-0.450379
0.053379	-7.090100
-0.142429	-0.507732
0.368772	-6.642338
-0.205975	-0.968783
0.133961	-7.337086
0.034553	-1.234303
-0.211199	-7.181870
0.220747	-0.851859
-0.348785	-6.654415
0.093465	-0.448007
0.057724	-7.087688
-0.144335	-0.509646
0.369300	-6.642541
-0.205358	-0.973191
0.130480	-7.342777
0.037267	-1.233992
-0.214502	-7.174149
0.221327	-0.846327
-0.347651	-6.655821
0.091498	-0.445664
0.062018	-7.085163
-0.146300	-0.512296
0.369817	-6.642877
-0.204664	-0.977966
0.127723	-7.347297
0.040052	-1.233753
-0.217798	-7.166332
0.221814	-0.841757
-0.346554	-6.656975
0.089437	-0.442883
0.066961	-7.082035
-0.148430	-0.514160
0.370321	-6.643353
-0.203981	-0.982019
0.124217	-7.352824
0.043042	-1.233344
-0.221087	-7.158413
0.222370	-0.835804
-0.345500	-6.657849
0.087225	-0.440161
0.071840	-7.078773
-0.150627	-0.516779
0.370810	-6.643980
-0.203101	-0.987620
0.121429	-7.357233
0.046246	-1.232727
-0.225088	-7.148676
0.222819	-0.830832
-0.344497	-6.658412
0.084854	-0.437502
0.077355	-7.074815
-0.152893	-0.520188
0.371282	-6.644767
-0.202109	-0.993678
0.117146	-7.363608
0.049674	-1.231858
-0.229087	-7.138776
0.223318	-0.824499
-0.342886	-6.660660
0.082354	-0.434478
0.082789	-7.070709
-0.155335	-0.522799
0.371735	-6.645723
-0.201090	-0.999117
0.113570	-7.368870
0.053211	-1.231009
-0.233088	-7.128702
0.223773	-0.818000
-0.340675	-6.664542
0.079670	-0.431552
0.088842	-7.065817
-0.157851	-0.526228
0.372167	-6.646856
-0.199929	-1.005082
0.109959	-7.374047
0.056986	-1.229851
-0.237805	-7.116666
0.224171	-0.811360
-0.338542	-6.667988
0.076835	-0.428327
0.095503	-7.060051
-0.160440	-0.530516
0.372575	-6.648174
-0.198611	-1.011607
0.105569	-7.380050
0.060882	-1.228698
-0.242532	-7.104379
0.224499	-0.804609
-0.336495	-6.670959
0.073795	-0.425241
0.102058	-7.054092
-0.163206	-0.534008
0.372293	-6.651836
-0.197116	-1.018720
0.100388	-7.386774
0.065147	-1.226787
-0.247271	-7.091821
0.224819	-0.796602
-0.333879	-6.675419
0.070580	-0.421927
0.109201	-7.047172
-0.166042	-0.538400
0.371981	-6.655699
-0.195424	-1.026447
0.095887	-7.392443
0.069414	-1.225234
-0.252030	-7.078968
0.224955	-0.789743
-0.330704	-6.681303
0.067140	-0.418795
0.116219	-7.040076
-0.168994	-0.542867
0.371638	-6.659766
-0.193620	-1.033736
0.090579	-7.398742
0.074047	-1.222812
-0.257520	-7.063934
0.225126	-0.780538
-0.327649	-6.686572
0.063507	-0.415514
0.123807	-7.031942
-0.172002	-0.548318
0.371261	-6.664036
-0.191578	-1.041696
0.085194	-7.404795
0.078795	-1.220330
-0.263039	-7.048509
0.225076	-0.772583
-0.324056	-6.693162
0.059633	-0.412457
0.131955	-7.022679
-0.175110	-0.553907
0.370183	-6.670665
-0.189384	-1.049282
0.079725	-7.410588
0.083770	-1.217323
-0.268593	-7.032666
0.224939	-0.763580
-0.319933	-6.701014
0.055553	-0.409330
0.140654	-7.012191
-0.178304	-0.559654
0.369067	-6.677488
-0.186912	-1.057580
0.073422	-7.416750
0.088834	-1.214281
-0.274187	-7.016377
0.224618	-0.754770
-0.315288	-6.710070
0.051267	-0.406196
0.149197	-7.001476
-0.181570	-0.565587
0.367913	-6.684491
-0.184143	-1.066584
0.067761	-7.421922
0.094089	-1.210705
-0.280527	-6.997661
0.224167	-0.745049
-0.310126	-6.720280
0.046735	-0.403365
0.158283	-6.989448
-0.184831	-0.572697
0.366053	-6.693814
-0.181164	-1.075255
0.061256	-7.427315
0.099629	-1.205986
-0.286217	-6.980383
0.223564	-0.734495
-0.304450	-6.731599
0.042002	-0.400607
0.167908	-6.975995
-0.188121	-0.580092
0.363486	-6.705430
-0.177854	-1.084613
0.053902	-7.432731
0.105181	-1.201275
-0.292656	-6.960589
0.222719	-0.724343
-0.298257	-6.743992
0.037038	-0.398184
0.177379	-6.962268
-0.191414	-0.587815
0.360882	-6.717145
-0.174202	-1.094610
0.047185	-7.437122
0.110829	-1.196027
-0.298453	-6.942241
0.221688	-0.713499
-0.291542	-6.757432
0.031897	-0.395914
0.186703	-6.948310
-0.194683	-0.595910
0.358248	-6.728918
-0.170420	-1.103240
0.039624	-7.441342
0.116532	-1.190280
-0.304998	-6.921317
0.220388	-0.703181
-0.284294	-6.771903
0.026600	-0.393865
0.196589	-6.932754
-0.197835	-0.605452
0.354241	-6.745000
-0.166290	-1.112439
0.032715	-7.444588
0.122245	-1.184092
-0.311593	-6.899818
0.218884	-0.692293
-0.276499	-6.787393
0.021131	-0.392218
0.207050	-6.915437
-0.200960	-0.614459
0.350212	-6.761024
-0.161818	-1.122112
0.024979	-7.447466
0.128037	-1.176792
-0.317545	-6.879832
0.217104	-0.682016
-0.268135	-6.803898
0.015522	-0.390961
0.216722	-6.899173
-0.203963	-0.623989
0.346170	-6.776934
-0.157128	-1.131241
0.017178	-7.449590
0.133624	-1.169946
-0.323540	-6.859342
0.215121	-0.671251
-0.259859	-6.819701
0.009844	-0.390029
0.227013	-6.880984
-0.206813	-0.634094
0.341447	-6.794797
-0.152130	-1.140650
0.009329	-7.450936
0.139190	-1.162140
-0.328886	-6.840486
0.212945	-0.660035
-0.250279	-6.838251
0.004059	-0.389546
0.236572	-6.863858
-0.209542	-0.643730
0.336048	-6.814526
-0.146967	-1.149351
0.001453	-7.451487
0.144688	-1.153414
-0.334944	-6.819114
0.210523	-0.649481
-0.241414	-6.854526
-0.001717	-0.389436
0.246119	-6.846215
-0.211995	-0.655094
0.330662	-6.833928
-0.141559	-1.158111
-0.006428	-7.451235
0.149958	-1.144685
-0.339655	-6.801620
0.207880	-0.639566
-0.231178	-6.873492
-0.007481	-0.389747
0.255001	-6.829650
-0.214342	-0.664918
0.325302	-6.852950
-0.136064	-1.165993
-0.014291	-7.450183
0.154963	-1.136094
-0.345055	-6.781719
0.205105	-0.629195
-0.221598	-6.890367
-0.013192	-0.390485
0.263932	-6.812458
-0.216369	-0.676513
0.319289	-6.873623
-0.130412	-1.173719
-0.022114	-7.448345
0.159784	-1.126860
-0.349098	-6.765870
0.202162	-0.619417
-0.211961	-6.906846
-0.018851	-0.391555
0.272259	-6.796297
-0.218264	-0.686515
0.313316	-6.893804
-0.124769	-1.180433
-0.029879	-7.445742
0.164285	-1.117977
-0.353807	-6.747733
0.199085	-0.610182
-0.201545	-6.924396
-0.024382	-0.393011
0.280008	-6.781173
-0.219884	-0.697140
0.306698	-6.915510
-0.119068	-1.186823
-0.037568	-7.442404
0.168560	-1.108604
-0.357148	-6.733811
0.195967	-0.600428
-0.191713	-6.940155
-0.029754	-0.394865
0.287879	-6.765259
-0.221228	-0.708363
0.300822	-6.934622
-0.113236	-1.193474
-0.045168	-7.438364
0.172598	-1.098779
-0.360465	-6.719872
0.192718	-0.592146
-0.181752	-6.955597
-0.034979	-0.396946
0.294534	-6.752190
-0.222371	-0.718989
0.294306	-6.955197
-0.107560	-1.198946
-0.051927	-7.434125
0.176287	-1.089530
-0.363081	-6.708126
0.189432	-0.584257
-0.172344	-6.969463
-0.039995	-0.399398
0.301339	-6.738296
-0.223323	-0.728949
0.288540	-6.973212
-0.101964	-1.203894
-0.059324	-7.428860
0.179630	-1.080926
-0.365663	-6.696462
0.186138	-0.576714
-0.162785	-6.983077
-0.044826	-0.401996
0.306951	-6.727337
-0.224026	-0.739339
0.282129	-6.992664
-0.096485	-1.208293
-0.065873	-7.423593
0.182854	-1.070964
-0.367538	-6.687079
0.182863	-0.569474
-0.153767	-6.995263
-0.049460	-0.404673
0.312049	-6.717486
-0.224570	-0.748924
0.275767	-7.011566
-0.091159	-1.212138
-0.072317	-7.417888
0.185647	-1.062718
-0.369375	-6.677846
0.179574	-0.563430
-0.144589	-7.007205
-0.053850	-0.407654
0.317303	-6.706841
-0.224899	-0.758802
0.270153	-7.028025
-0.085892	-1.215952
-0.077919	-7.412463
0.188242	-1.054142
-0.370506	-6.670947
0.176404	-0.556670
-0.135955	-7.017826
-0.058032	-0.410635
0.321366	-6.699312
-0.225111	-0.767730
0.264581	-7.044025
-0.080949	-1.218702
-0.084166	-7.406021
0.190550	-1.046274
-0.371599	-6.664237
0.173259	-0.551012
-0.127870	-7.027226
-0.061967	-0.413884
0.325572	-6.691061
-0.225150	-0.776816
0.259047	-7.059595
-0.076105	-1.221423
-0.089584	-7.400000
0.192697	-1.038040
-0.372655	-6.657726
0.170154	-0.546384
-0.120342	-7.035499
-0.065700	-0.417052
0.328575	-6.686069
-0.225115	-0.784818
0.253544	-7.074762
-0.071495	-1.223645
-0.094182	-7.394548
0.194598	-1.030482
-0.373011	-6.653578
0.167210	-0.540984
-0.112675	-7.043588
-0.069238	-0.420080
0.331703	-6.680451
-0.224949	-0.792857
0.248066	-7.089552
-0.067004	-1.225821
-0.099449	-7.388080
0.196377	-1.022497
-0.373335	-6.649633
0.164325	-0.536550
-0.105583	-7.050627
-0.072546	-0.423294
0.334943	-6.674236
-0.224751	-0.799701
0.243317	-7.102193
-0.062758	-1.227549
-0.103914	-7.382278
0.197850	-1.016230
-0.372964	-6.648044
0.161508	-0.533025
-0.098371	-7.057457
-0.075633	-0.426690
0.336950	-6.671480
-0.224378	-0.807670
0.238583	-7.114553
-0.058760	-1.228883
-0.108325	-7.376327
0.199241	-1.009473
-0.373231	-6.644498
0.158868	-0.528706
-0.092459	-7.062615
-0.078552	-0.429845
0.339049	-6.668235
-0.224008	-0.814360
0.234573	-7.124899
-0.054884	-1.230210
-0.112690	-7.370229
0.200466	-1.003286
-0.372808	-6.643293
0.156300	-0.525252
-0.086447	-7.067645
-0.081315	-0.432709
0.341229	-6.664538
-0.223576	-0.820922
0.229857	-7.136778
-0.051249	-1.231205
-0.117015	-7.363984
0.201643	-0.996531
-0.372363	-6.642269
0.153858	-0.521819
-0.080342	-7.072501
-0.083891	-0.435676
0.342814	-6.662456
-0.223094	-0.827328
0.225857	-7.146723
-0.047849	-1.231918
-0.120573	-7.358623
0.202587	-0.991387
-0.371899	-6.641416
0.151489	-0.519193
-0.074860	-7.076566
-0.086289	-0.438740
0.344460	-6.660006
-0.222658	-0.832378
0.222571	-7.154809
-0.044553	-1.232668
-0.124104	-7.353174
0.203513	-0.985604
-0.371417	-6.640727
0.149243	-0.516559
-0.070011	-7.079926
-0.088566	-0.441428
0.345494	-6.659261
-0.222111	-0.838416
0.218567	-7.164450
-0.041476	-1.233189
-0.126881	-7.348712
0.204334	-0.980260
-0.370919	-6.640193
0.147116	-0.513915
-0.065094	-7.083167
-0.090688	-0.444178
0.346574	-6.658223
-0.221630	-0.843073
0.215274	-7.172294
-0.038483	-1.233756
-0.130377	-7.343107
0.205063	-0.975324
-0.370407	-6.639803
0.145104	-0.511263
-0.060116	-7.086259
-0.092712	-0.446495
0.347694	-6.656923
-0.221053	-0.848697
0.211974	-7.180039
-0.035690	-1.234138
-0.133128	-7.338531
0.205711	-0.970767
-0.369219	-6.641681
0.143153	-0.509349
-0.055791	-7.088748
