0.557390	2.675283
0.695470	1.781070
-0.677323	2.815045
0.741763	2.214923
-0.727006	1.785198
-0.626984	2.187986
0.560730	2.655427
0.696785	1.778146
-0.681967	2.786587
0.740915	2.230415
-0.726078	1.783372
-0.625290	2.201757
0.563682	2.637516
0.697692	1.778082
-0.685927	2.761242
0.740077	2.245153
-0.725166	1.782046
-0.623869	2.213825
0.566523	2.620330
0.698729	1.776838
-0.689496	2.737791
0.739253	2.259154
-0.724270	1.781176
-0.622277	2.226677
0.569001	2.604994
0.699723	1.775698
-0.692415	2.717427
0.738447	2.272440
-0.723390	1.780718
-0.620732	2.239083
0.571387	2.590285
0.700501	1.775953
-0.695239	2.697714
0.737661	2.285037
-0.722703	1.779304
-0.619456	2.249822
0.573688	2.576152
0.701421	1.774909
-0.697706	2.679836
0.736667	2.298210
-0.721855	1.779553
-0.618222	2.260147
0.575655	2.563733
0.702132	1.775198
-0.699827	2.663768
0.735926	2.309514
-0.721198	1.778776
-0.616802	2.271305
0.577554	2.551804
0.702815	1.775467
-0.701874	2.648273
0.735210	2.320222
-0.720556	1.778268
-0.615646	2.280853
0.579389	2.540322
0.703649	1.774367
-0.703854	2.633322
0.734285	2.331598
-0.719750	1.779330
-0.614524	2.290041
0.580913	2.530438
0.704284	1.774542
-0.705507	2.620095
0.733384	2.342441
-0.719134	1.779279
-0.613435	2.298889
0.582639	2.519738
0.704899	1.774651
-0.706844	2.608563
0.732741	2.351555
-0.718709	1.778091
-0.612375	2.307416
0.584065	2.510566
0.705319	1.776016
-0.708390	2.596272
0.731886	2.361434
-0.718117	1.778401
-0.611343	2.315642
0.585448	2.501702
0.705900	1.775969
-0.709628	2.585615
0.731054	2.370882
-0.717536	1.778861
-0.610335	2.323587
0.586543	2.494310
0.706467	1.775836
-0.710567	2.576563
0.730480	2.378701
-0.716965	1.779452
-0.609351	2.331269
0.587854	2.485973
0.707022	1.775616
-0.711725	2.566660
0.729689	2.387381
-0.716581	1.778830
-0.608621	2.337490
0.588885	2.479056
0.707388	1.776637
-0.712847	2.557088
0.728918	2.395724
-0.716028	1.779635
-0.607677	2.344705
0.590135	2.471141
0.707923	1.776240
-0.713681	2.549035
0.728404	2.402535
-0.715661	1.779196
-0.606749	2.351714
0.591113	2.464598
0.708272	1.777087
-0.714488	2.541257
0.727666	2.410296
-0.715123	1.780157
-0.606072	2.357319
0.592069	2.458210
0.708614	1.777851
-0.715522	2.532510
0.726943	2.417808
-0.714770	1.779848
-0.605173	2.363970
0.593006	2.451955
0.709128	1.777205
-0.716281	2.525199
0.726233	2.425100
-0.714424	1.779588
-0.604522	2.369252
0.593925	2.445814
0.709459	1.777813
-0.717020	2.518082
0.725778	2.430976
-0.713904	1.780692
-0.603644	2.375612
0.594585	2.440969
0.709787	1.778351
-0.717742	2.511132
0.725090	2.437910
-0.713568	1.780495
-0.603012	2.380639
0.595477	2.434999
0.710111	1.778822
-0.718449	2.504324
0.724410	2.444704
-0.713236	1.780314
-0.602149	2.386773
0.596357	2.429087
0.710610	1.777904
-0.719143	2.497632
0.723981	2.450162
-0.712907	1.780141
-0.601530	2.391607
0.596986	2.424423
0.710931	1.778261
-0.719828	2.491032
0.723313	2.456754
-0.712582	1.779968
-0.600675	2.397579
0.597850	2.418579
0.711250	1.778571
-0.720256	2.485717
0.722647	2.463281
-0.712259	1.779786
-0.600062	2.402284
0.598468	2.413952
0.711569	1.778839
-0.720927	2.479226
0.721982	2.469769
-0.711759	1.780915
-0.599208	2.408155
0.599323	2.408112
0.711889	1.779073
-0.721595	2.472753
0.721315	2.476242
-0.711440	1.780691
-0.598595	2.412793
0.599935	2.403458
0.712209	1.779280
-0.722261	2.466273
0.720894	2.481505
-0.711120	1.780435
-0.597737	2.418626
0.600788	2.397560
0.712531	1.779467
-0.722926	2.459762
0.720220	2.488022
-0.710801	1.780140
-0.597116	2.423258
0.601402	2.392818
0.713034	1.778314
-0.723349	2.454417
0.719539	2.494598
-0.710481	1.779800
-0.596247	2.429116
0.602258	2.386798
0.713361	1.778486
-0.724021	2.447770
0.718848	2.501256
-0.710160	1.779408
-0.595612	2.433806
0.602880	2.381906
0.713692	1.778663
-0.724699	2.441018
0.718146	2.508023
-0.709837	1.778957
-0.594724	2.439754
0.603747	2.375703
0.714027	1.778854
-0.725142	2.435357
0.717430	2.514922
-0.709333	1.779772
-0.593823	2.445772
0.604384	2.370598
0.714367	1.779068
-0.725837	2.428317
0.716698	2.521981
-0.709003	1.779189
-0.592908	2.451878
0.605267	2.364148
0.714890	1.777986
-0.726543	2.421093
0.715947	2.529223
-0.708669	1.778531
-0.591977	2.458091
0.605925	2.358766
0.715241	1.778278
-0.727262	2.413659
0.715174	2.536678
-0.708151	1.779124
-0.591027	2.464430
0.606832	2.352003
0.715598	1.778624
-0.727754	2.407211
0.714378	2.544370
-0.707805	1.778305
-0.590055	2.470916
0.607519	2.346275
0.716140	1.777709
-0.728504	2.399271
0.713299	2.553543
-0.707451	1.777402
-0.589060	2.477571
0.608457	2.339130
0.716513	1.778202
-0.729270	2.391035
0.712445	2.561795
-0.706910	1.777740
-0.588038	2.484418
0.609413	2.331766
0.717071	1.777461
-0.730055	2.382472
0.711301	2.571584
-0.706359	1.777990
-0.586738	2.492675
0.610389	2.324166
0.717461	1.778158
-0.730622	2.374781
0.710119	2.581725
-0.705973	1.776822
-0.585654	2.499980
0.611156	2.317532
0.718039	1.777652
-0.731448	2.365472
0.708895	2.592247
-0.705397	1.776898
-0.584283	2.508746
0.612179	2.309402
0.718627	1.777289
-0.732296	2.355743
0.707627	2.603180
-0.704806	1.776891
-0.582871	2.517809
0.613228	2.300978
0.719227	1.777089
-0.732931	2.346790
0.706047	2.615769
-0.704197	1.776806
-0.581414	2.527200
0.614307	2.292239
0.719838	1.777073
-0.733825	2.336120
0.704676	2.627618
-0.703569	1.776652
-0.579654	2.538142
0.615417	2.283167
0.720462	1.777264
-0.734510	2.326161
0.702719	2.642394
-0.702920	1.776439
-0.577837	2.549479
0.616561	2.273741
0.721099	1.777688
-0.735452	2.314415
0.700962	2.656492
-0.702246	1.776181
-0.576215	2.560067
0.617967	2.262712
0.721751	1.778372
-0.736186	2.303316
0.698869	2.672364
-0.701545	1.775896
-0.574014	2.573497
0.619186	2.252521
0.722595	1.778017
-0.737173	2.290361
0.696432	2.690038
-0.700636	1.776936
-0.571995	2.586263
0.620671	2.240687
0.723276	1.779315
-0.737953	2.277991
0.693640	2.709538
-0.699870	1.776667
-0.569638	2.600771
0.621976	2.229662
0.724150	1.779643
-0.738754	2.264942
0.690756	2.729681
-0.698890	1.777781
-0.567190	2.615889
0.623550	2.216959
0.725041	1.780370
-0.739573	2.251186
0.687500	2.751696
-0.697867	1.778985
-0.564383	2.632840
0.624952	2.205043
0.725948	1.781538
-0.740409	2.236701
0.683582	2.776809
-0.696799	1.780322
-0.561468	2.650498
0.626628	2.191426
0.726871	1.783191
-0.741255	2.221466
0.679264	2.803824
-0.695858	1.780514
-0.558169	2.670084
0.628357	2.177343
0.727809	1.785377
-0.742109	2.205470
0.674249	2.833956
-0.694506	1.783603
-0.554739	2.690479
0.630142	2.162794
0.728763	1.788149
-0.742745	2.189957
0.668516	2.867206
-0.693272	1.785667
-0.550900	2.712895
0.631985	2.147788
0.729909	1.790234
-0.743596	2.172431
0.662041	2.903567
-0.691973	1.788102
-0.546907	2.736214
0.633888	2.132338
0.730888	1.794338
-0.744219	2.155408
0.654211	2.945442
-0.690603	1.790986
-0.542476	2.761638
0.635853	2.116468
0.732057	1.797869
-0.744825	2.137663
0.644973	2.992810
-0.688980	1.795723
-0.537588	2.789193
0.637879	2.100212
0.733053	1.803530
-0.745405	2.119235
0.633355	3.049269
-0.687457	1.799744
-0.532228	2.818897
0.640174	2.082350
0.734232	1.808729
-0.745740	2.101438
0.618927	3.116002
-0.685671	1.805783
-0.526092	2.851897
0.642319	2.065464
0.735411	1.814842
-0.746242	2.081816
0.599614	3.200240
-0.683979	1.811273
-0.519731	2.885894
0.644521	2.048362
0.736583	1.821914
-0.746485	2.062983
0.569100	3.323754
-0.682019	1.818937
-0.512556	2.923133
0.646979	2.029852
0.737743	1.829980
-0.746668	2.043775
-0.679969	1.827519
-0.504543	2.963543
0.649279	2.012575
0.738882	1.839067
-0.746782	2.024305
-0.678016	1.835758
-0.495367	3.008144
0.651619	1.995368
0.739994	1.849187
-0.746622	2.005980
-0.675794	1.846329
-0.485604	3.054562
0.654188	1.977062
0.741069	1.860336
-0.746383	1.987663
-0.673492	1.857934
-0.474005	3.107062
0.656578	1.960349
0.742099	1.872490
-0.746063	1.969497
-0.671302	1.869260
-0.461139	3.163173
0.329668	3.615771
0.659173	1.942780
0.743075	1.885606
-0.745659	1.951627
-0.668861	1.882904
-0.446327	3.224772
0.376546	3.476551
0.661569	1.927066
0.743800	1.900919
-0.745170	1.934194
-0.666554	1.896200
-0.428515	3.294629
0.405687	3.378533
0.664140	1.910736
0.744644	1.915740
-0.744407	1.918630
-0.664014	1.911687
-0.406890	3.374131
0.427674	3.298045
0.666491	1.896495
0.745221	1.932563
-0.743760	1.902466
-0.661634	1.926669
-0.378480	3.470266
0.445510	3.228214
0.668989	1.881833
0.745910	1.948675
-0.742852	1.888404
-0.659044	1.943636
-0.333487	3.605174
0.460659	3.165528
0.671245	1.869433
0.746322	1.966527
-0.741881	1.875234
-0.656643	1.959878
0.473852	3.108293
0.673624	1.856729
0.746650	1.984683
-0.740856	1.863023
-0.654053	1.977852
0.485155	3.056860
0.675929	1.845056
0.746896	2.003000
-0.739785	1.851814
-0.651680	1.994855
0.495235	3.009282
0.677971	1.835734
0.746862	2.022610
-0.738677	1.841633
-0.649135	2.013331
0.504126	2.965748
0.680112	1.826113
0.746957	2.040820
-0.737723	1.831170
-0.646830	2.030602
0.512154	2.925281
0.681984	1.818790
-0.566172	3.335041
0.746781	2.060053
-0.736565	1.823041
-0.644572	2.047841
0.519632	2.886846
0.683949	1.811069
-0.597766	3.207863
0.746336	2.080183
-0.735394	1.815909
-0.642159	2.066220
0.526003	2.852783
0.685826	1.804204
-0.617759	3.121169
0.746048	2.098575
-0.734216	1.809739
-0.640008	2.083117
0.532150	2.819716
0.687437	1.799442
-0.632218	3.054399
0.745717	2.116413
-0.733037	1.804484
-0.637916	2.099733
0.537520	2.789945
0.689144	1.794054
-0.643864	2.997900
0.745141	2.134886
-0.731861	1.800094
-0.635886	2.116010
0.542417	2.762324
0.690593	1.790607
-0.653421	2.949283
0.744539	2.152678
-0.730872	1.795193
-0.633703	2.133159
0.546857	2.736838
0.692145	1.786365
-0.661269	2.907366
0.743919	2.169750
-0.729713	1.792368
-0.631794	2.148631
0.551129	2.712296
0.693449	1.783903
-0.668046	2.869754
0.743071	2.187326
-0.728745	1.788917
-0.629945	2.163662
0.554705	2.690984
0.694687	1.781818
-0.673791	2.836461
0.742437	2.202890
-0.727612	1.787433
-0.628154	2.178236
0.558408	2.669368
0.695864	1.780040
-0.678815	2.806285
0.741585	2.218937
-0.726673	1.785213
-0.626639	2.191101
0.561447	2.650899
0.696986	1.778505
-0.683143	2.779226
0.740740	2.234221
-0.725749	1.783528
-0.624960	2.204746
0.564368	2.633193
0.698057	1.777158
-0.686795	2.755279
0.739906	2.248755
-0.724842	1.782333
-0.623332	2.217928
0.567181	2.616198
0.699082	1.775947
-0.690335	2.732014
0.739087	2.262558
-0.723950	1.781580
-0.621753	2.230656
0.569633	2.601039
0.699887	1.776158
-0.693227	2.711831
0.738286	2.275652
-0.723253	1.779900
-0.620444	2.241705
0.571995	2.586493
0.700833	1.775095
-0.696026	2.692291
0.737277	2.289303
-0.722393	1.779910
-0.619180	2.252329
0.574275	2.572511
0.701566	1.775384
-0.698202	2.675790
0.736519	2.301062
-0.721726	1.778917
-0.617732	2.263776
0.576223	2.560230
0.702447	1.774340
-0.700569	2.658673
0.735785	2.312200
-0.720896	1.779544
-0.616549	2.273597
0.578103	2.548428
0.703122	1.774600
-0.702332	2.644540
0.734843	2.323984
-0.720258	1.779105
-0.615402	2.283045
0.579922	2.537062
0.703773	1.774816
-0.704294	2.629733
0.734158	2.333977
-0.719633	1.778900
-0.614290	2.292138
0.581431	2.527283
0.704402	1.774974
-0.705932	2.616642
0.733264	2.344680
-0.719021	1.778904
-0.613209	2.300896
0.582891	2.517869
0.705012	1.775064
-0.707254	2.605237
0.732393	2.354894
-0.718420	1.779093
-0.612158	2.309339
0.584305	2.508785
0.705604	1.775076
-0.708526	2.594277
0.731780	2.363422
-0.717831	1.779447
-0.611133	2.317487
0.585678	2.500001
0.706004	1.776336
-0.709754	2.583731
0.730954	2.372756
-0.717431	1.778616
-0.610132	2.325358
0.587013	2.491487
0.706567	1.776179
-0.710940	2.573568
0.730148	2.381700
-0.716863	1.779240
-0.609154	2.332972
0.588066	2.484409
0.707119	1.775935
-0.712087	2.563759
0.729602	2.389057
-0.716481	1.778646
-0.608196	2.340348
0.589337	2.476352
0.707483	1.776932
-0.712944	2.555488
0.728835	2.397314
-0.715931	1.779476
-0.607490	2.346287
0.590333	2.469684
0.708015	1.776511
-0.714026	2.546298
0.728086	2.405272
-0.715566	1.779058
-0.606567	2.353243
0.591305	2.463187
0.708362	1.777335
-0.714825	2.538590
0.727352	2.412961
-0.715030	1.780037
-0.605894	2.358800
0.592255	2.456838
0.708703	1.778077
-0.715600	2.531123
0.726874	2.419186
-0.714679	1.779742
-0.604998	2.365406
0.593187	2.450616
0.709215	1.777410
-0.716353	2.523868
0.726168	2.426423
-0.714333	1.779493
-0.604350	2.370650
0.594102	2.444503
0.709545	1.777998
-0.717087	2.516799
0.725473	2.433474
-0.713815	1.780605
-0.603475	2.376975
0.595003	2.438478
0.709872	1.778517
-0.717805	2.509891
0.725031	2.439144
-0.713480	1.780414
-0.602846	2.381972
0.595647	2.433729
0.710195	1.778971
-0.718509	2.503118
0.724353	2.445905
-0.713149	1.780236
-0.601984	2.388080
0.596525	2.427831
0.710694	1.778038
-0.719201	2.496454
0.723681	2.452558
-0.712821	1.780064
-0.601366	2.392893
0.597394	2.421970
0.711014	1.778381
-0.719883	2.489874
0.723013	2.459129
-0.712497	1.779889
-0.600512	2.398848
0.598015	2.417336
0.711333	1.778678
-0.720558	2.483355
0.722594	2.464422
-0.712174	1.779703
-0.599899	2.403540
0.598872	2.411502
0.711653	1.778937
-0.721228	2.476871
0.721929	2.470904
-0.711676	1.780826
-0.599046	2.409402
0.599485	2.406865
0.711972	1.779162
-0.721648	2.471619
0.721262	2.477377
-0.711356	1.780594
-0.598431	2.414036
0.600338	2.400995
0.712293	1.779363
-0.722313	2.465133
0.720592	2.483867
-0.711037	1.780328
-0.597572	2.419868
0.600950	2.396291
0.712616	1.779547
-0.722980	2.458609
0.719916	2.490398
-0.710718	1.780022
-0.596950	2.424505
0.601565	2.391533
0.713119	1.778392
-0.723649	2.452023
0.719232	2.496993
-0.710398	1.779668
-0.596079	2.430371
0.602423	2.385492
0.713448	1.778564
-0.724078	2.446572
0.718789	2.502460
-0.710076	1.779260
-0.595198	2.436278
0.603047	2.380574
0.713780	1.778744
-0.724758	2.439786
0.718083	2.509261
-0.709574	1.780121
-0.594551	2.441040
0.603915	2.374342
0.714116	1.778940
-0.725447	2.432862
0.717363	2.516202
-0.709247	1.779589
-0.593647	2.447081
0.604555	2.369203
0.714457	1.779162
-0.726145	2.425774
0.716627	2.523308
-0.708916	1.778985
-0.592727	2.453215
0.605441	2.362714
0.714981	1.778092
-0.726612	2.419719
0.715870	2.530607
-0.708580	1.778307
-0.591791	2.459461
0.606103	2.357288
0.715334	1.778397
-0.727335	2.412222
0.714838	2.539340
-0.708061	1.778877
-0.590836	2.465838
0.607014	2.350477
0.715693	1.778760
-0.728072	2.404479
0.714034	2.547102
-0.707712	1.778036
-0.589858	2.472369
0.607940	2.343479
0.716238	1.777866
-0.728826	2.396460
0.713202	2.555138
-0.707178	1.778438
-0.588856	2.479075
0.608648	2.337494
0.716612	1.778384
-0.729358	2.389365
0.712083	2.564691
-0.706812	1.777422
-0.587578	2.487174
0.609610	2.330068
0.717173	1.777671
-0.730148	2.380707
0.710929	2.574573
-0.706258	1.777648
-0.586518	2.494300
0.610592	2.322399
0.717744	1.777072
-0.730959	2.371684
0.709736	2.584815
-0.705869	1.776457
-0.585174	2.502868
0.611597	2.314470
0.718146	1.777932
-0.731554	2.363493
0.708500	2.595447
-0.705289	1.776509
-0.583792	2.511712
0.612396	2.307484
0.718738	1.777612
-0.732408	2.353642
0.707218	2.606499
-0.704693	1.776480
-0.582368	2.520861
0.613453	2.298976
0.719340	1.777460
-0.733285	2.343328
0.705624	2.619214
-0.704080	1.776375
-0.580897	2.530349
0.614769	2.288921
0.719955	1.777499
-0.733952	2.333750
0.703974	2.632410
-0.703446	1.776203
-0.579122	2.541395
0.615888	2.279752
0.720583	1.777751
-0.734876	2.322410
0.702264	2.646118
-0.702790	1.775977
-0.577544	2.551662
0.617040	2.270225
0.721224	1.778243
-0.735592	2.311740
0.700222	2.661578
-0.702109	1.775710
-0.575649	2.563561
0.618231	2.260321
0.722057	1.777675
-0.736563	2.299238
0.698108	2.677610
-0.701222	1.776751
-0.573428	2.577129
0.619686	2.248786
0.722727	1.778734
-0.737327	2.287344
0.695648	2.695450
-0.700482	1.776464
-0.571388	2.590045
0.620958	2.238071
0.723590	1.778799
-0.738113	2.274791
0.692831	2.715124
-0.699529	1.777536
-0.569007	2.604716
0.622499	2.225690
0.724292	1.780560
-0.739146	2.260310
0.689920	2.735447
-0.698715	1.777341
-0.566272	2.621184
0.623864	2.214102
0.725187	1.781404
-0.739969	2.246355
0.686359	2.758856
-0.697681	1.778577
-0.563698	2.637151
0.625501	2.200820
0.726098	1.782699
-0.740807	2.231664
0.682409	2.784158
-0.696599	1.779959
-0.560487	2.656183
0.627190	2.187075
0.727025	1.784494
-0.741433	2.217466
0.678055	2.811365
-0.695466	1.781540
-0.557420	2.674818
0.628934	2.172862
0.728146	1.785509
-0.742288	2.201260
0.672719	2.842898
-0.694276	1.783377
-0.553685	2.696608
0.630734	2.158185
0.729103	1.788451
-0.743143	2.184287
0.666942	2.876340
-0.693024	1.785536
-0.549805	2.719267
0.632593	2.143054
0.730074	1.792046
-0.743773	2.167804
0.659838	2.915305
-0.691527	1.789415
-0.545768	2.742843
0.634512	2.127485
0.731236	1.795026
-0.744392	2.150580
0.651652	2.958572
-0.690138	1.792435
-0.541013	2.769686
0.636493	2.111504
0.732407	1.798773
-0.744992	2.132644
0.642045	3.007325
-0.688673	1.796005
-0.536072	2.797512
0.638535	2.095149
0.733404	1.804665
-0.745563	2.114036
0.629730	3.066370
-0.686947	1.801533
-0.530655	2.827493
0.640638	2.078465
0.734584	1.810111
-0.745887	2.096077
0.614253	3.136890
-0.685138	1.807776
-0.524459	2.860768
0.643006	2.060245
0.735761	1.816483
-0.746376	2.076314
0.592848	3.228541
-0.683422	1.813492
-0.517747	2.896172
0.645222	2.043096
0.736931	1.823824
-0.746602	2.057367
0.555645	3.375191
-0.681437	1.821401
-0.510211	2.934798
0.647490	2.025839
0.738086	1.832169
-0.746767	2.038074
-0.679546	1.828927
-0.502124	2.975441
0.650003	2.007293
0.739219	1.841539
-0.746659	2.019831
-0.677386	1.838760
-0.492871	3.020248
0.652352	1.990124
0.740321	1.851944
-0.746678	2.000214
-0.675142	1.849613
-0.482418	3.069056
0.654730	1.973175
0.741385	1.863372
-0.746417	1.981923
-0.673004	1.860190
-0.470729	3.121663
0.657320	1.955280
0.742401	1.875795
-0.746073	1.963821
-0.670610	1.873107
-0.457455	3.178915
0.346149	3.569297
0.659720	1.939146
0.743173	1.890467
-0.745644	1.946055
-0.668341	1.885713
-0.441899	3.242633
0.385490	3.447432
0.662307	1.922313
0.744068	1.904710
-0.744939	1.930059
-0.665832	1.900566
-0.423307	3.314444
0.412352	3.354804
0.664680	1.907488
0.744892	1.919737
-0.744347	1.913379
-0.663281	1.916280
-0.399843	3.398773
0.432852	3.278173
0.667210	1.892179
0.745448	1.936732
-0.743488	1.898723
-0.660895	1.931462
-0.368425	3.502125
0.449914	3.210330
0.669506	1.879079
0.745920	1.954272
-0.742562	1.884899
-0.658302	1.948596
-0.312086	3.662537
0.464320	3.149786
0.671933	1.865643
0.746308	1.972220
-0.741576	1.871987
-0.655901	1.964971
0.477106	3.093705
0.674292	1.853221
0.746612	1.990433
-0.740723	1.858738
-0.653513	1.981758
0.488016	3.043505
0.676392	1.843147
0.746835	2.008767
-0.739641	1.847808
-0.650948	2.000110
0.497714	2.997217
0.678595	1.832791
0.746982	2.027079
-0.738523	1.837908
-0.648614	2.017338
0.506528	2.953897
0.680712	1.823442
0.746854	2.046507
-0.737379	1.829040
-0.646118	2.035886
0.514191	2.914799
0.682560	1.816378
-0.577153	3.292101
0.746660	2.065648
-0.736217	1.821189
-0.643873	2.053097
0.521312	2.877759
0.684501	1.808900
-0.604163	3.180804
0.746408	2.084391
-0.735043	1.814325
-0.641681	2.070157
0.527622	2.843970
0.686174	1.803580
-0.622093	3.101523
0.745898	2.103904
-0.733865	1.808411
-0.639338	2.088249
0.533428	2.812325
0.687941	1.797694
-0.635823	3.037333
0.745557	2.121576
-0.732686	1.803399
-0.637263	2.104776
0.538746	2.782833
0.689447	1.793809
-0.646777	2.983422
0.744973	2.139867
-0.731512	1.799238
-0.635248	2.120950
0.543593	2.755485
0.691054	1.789189
-0.655672	2.937399
0.744365	2.157465
-0.730525	1.794549
-0.633296	2.136731
0.547986	2.730263
0.692408	1.786407
-0.663171	2.896875
0.743525	2.175586
-0.729369	1.791922
-0.631404	2.152086
0.552214	2.705974
0.693693	1.784055
-0.669612	2.860661
0.742892	2.191702
-0.728405	1.788652
-0.629572	2.166994
0.555750	2.684903
0.695092	1.780732
-0.675030	2.828767
0.742038	2.208304
-0.727455	1.786010
-0.627797	2.181442
0.559149	2.664682
0.696253	1.779027
-0.680017	2.798785
0.741408	2.222893
-0.726520	1.783941
-0.626079	2.195424
0.562420	2.645257
0.697361	1.777550
-0.684033	2.773126
0.740566	2.237970
-0.725601	1.782395
-0.624414	2.208941
0.565309	2.627750
0.698241	1.777574
-0.687929	2.748159
0.739736	2.252302
-0.724697	1.781325
-0.623021	2.220758
0.567832	2.612116
0.699254	1.776392
-0.691166	2.726287
0.738922	2.265909
-0.723810	1.780686
-0.621455	2.233364
0.570258	2.597130
0.700226	1.775292
-0.694031	2.706282
0.737899	2.280053
-0.722939	1.780437
-0.620159	2.244296
0.572598	2.582744
0.700984	1.775568
-0.696537	2.688125
0.737125	2.292282
-0.722261	1.779212
-0.618682	2.256039
0.574856	2.568908
0.701887	1.774529
-0.698960	2.670580
0.736373	2.303868
-0.721420	1.779630
-0.617471	2.266143
0.576784	2.556763
0.702582	1.774810
-0.701039	2.654830
0.735415	2.316076
-0.720772	1.779004
-0.616298	2.275861
0.578647	2.545084
0.703250	1.775060
-0.703048	2.639637
0.734712	2.326469
-0.720138	1.778632
-0.614933	2.286437
0.580196	2.535018
0.703895	1.775261
-0.704729	2.626182
0.733800	2.337549
-0.719516	1.778487
-0.613829	2.295436
0.581944	2.524155
0.704519	1.775401
-0.706352	2.613224
0.733146	2.346883
-0.718908	1.778544
-0.612756	2.304104
0.583391	2.514834
0.705123	1.775470
-0.707660	2.601945
0.732282	2.356968
-0.718311	1.778780
-0.611711	2.312463
0.584793	2.505836
0.705711	1.775461
-0.708919	2.591101
0.731439	2.366607
-0.717725	1.779175
-0.610693	2.320532
0.586155	2.497128
0.706285	1.775367
-0.710135	2.580663
0.730856	2.374602
-0.717327	1.778381
-0.609931	2.327109
0.587231	2.489876
0.706667	1.776516
-0.711310	2.570600
0.730056	2.383444
-0.716761	1.779037
-0.608958	2.334657
0.588524	2.481665
0.707216	1.776247
-0.712447	2.560882
0.729276	2.391936
-0.716204	1.779799
-0.608005	2.341971
0.589539	2.474860
0.707577	1.777220
-0.713295	2.552696
0.728514	2.400107
-0.715834	1.779324
-0.607305	2.347853
0.590528	2.468241
0.708107	1.776776
-0.714114	2.544797
0.728009	2.406763
-0.715471	1.778926
-0.606386	2.354757
0.591494	2.461787
0.708452	1.777577
-0.715160	2.535942
0.727280	2.414384
-0.714937	1.779921
-0.605481	2.361483
0.592440	2.455475
0.708969	1.776967
-0.715928	2.528535
0.726565	2.421772
-0.714587	1.779640
-0.604825	2.366832
0.593367	2.449285
0.709302	1.777609
-0.716676	2.521334
0.726104	2.427731
-0.714244	1.779400
-0.603943	2.373251
0.594278	2.443198
0.709631	1.778177
-0.717405	2.514312
0.725412	2.434737
-0.713727	1.780521
-0.603307	2.378330
0.595175	2.437196
0.709957	1.778678
-0.718118	2.507443
0.724729	2.441591
-0.713393	1.780334
-0.602441	2.384509
0.596060	2.431260
0.710457	1.777786
-0.718818	2.500702
0.724052	2.448319
-0.713063	1.780159
-0.601819	2.389381
0.596692	2.426578
0.710778	1.778167
-0.719507	2.494063
0.723627	2.453725
-0.712736	1.779987
-0.601203	2.394174
0.597560	2.420725
0.711098	1.778497
-0.720187	2.487503
0.722960	2.460279
-0.712412	1.779809
-0.600349	2.400112
0.598179	2.416094
0.711417	1.778783
-0.720612	2.482215
0.722295	2.466782
-0.712090	1.779618
-0.599736	2.404793
0.599035	2.410259
0.711736	1.779032
-0.721281	2.475736
0.721629	2.473258
-0.711592	1.780735
-0.598883	2.410648
0.599648	2.405616
0.712056	1.779250
-0.721947	2.469263
0.721209	2.478514
-0.711272	1.780494
-0.598268	2.415278
0.600500	2.399736
0.712378	1.779445
-0.722613	2.462769
0.720538	2.485013
-0.710953	1.780218
-0.597408	2.421112
0.601113	2.395019
0.712701	1.779625
-0.723034	2.457452
0.719860	2.491559
-0.710634	1.779899
-0.596784	2.425754
0.601968	2.389032
0.713205	1.778469
-0.723705	2.450844
0.719174	2.498177
-0.710314	1.779531
-0.595910	2.431630
0.602588	2.384179
0.713535	1.778642
-0.724380	2.444143
0.718478	2.504892
-0.709991	1.779108
-0.595027	2.437551
0.603451	2.378023
0.713868	1.778826
-0.725062	2.437321
0.717768	2.511728
-0.709489	1.779952
-0.594376	2.442333
0.604084	2.372971
0.714205	1.779028
-0.725509	2.431578
0.717044	2.518711
-0.709161	1.779400
-0.593469	2.448397
0.604727	2.367797
0.714725	1.777930
-0.726211	2.424441
0.716301	2.525868
-0.708828	1.778777
-0.592545	2.454560
0.605616	2.361268
0.715074	1.778201
-0.726924	2.417105
0.715539	2.533223
-0.708491	1.778076
-0.591604	2.460841
0.606517	2.354582
0.715428	1.778520
-0.727650	2.409542
0.714754	2.540805
-0.707970	1.778625
-0.590643	2.467259
0.607197	2.348938
0.715967	1.777573
-0.728151	2.402952
0.713688	2.549855
-0.707619	1.777760
-0.589659	2.473835
0.608127	2.341885
0.716336	1.778029
-0.728910	2.394853
0.712848	2.557971
-0.707083	1.778138
-0.588402	2.481789
0.608841	2.335841
0.716890	1.777244
-0.729686	2.386442
0.711719	2.567611
-0.706714	1.777098
-0.587364	2.488751
0.609808	2.328351
0.717276	1.777890
-0.730244	2.378915
0.710812	2.576375
-0.706157	1.777300
-0.586046	2.497137
0.610796	2.320613
0.717849	1.777325
-0.731060	2.369786
0.709608	2.586721
-0.705587	1.777414
-0.584942	2.504585
0.611808	2.312609
0.718433	1.776895
-0.731898	2.360251
0.708361	2.597466
-0.705180	1.776114
-0.583549	2.513511
0.612845	2.304319
0.718849	1.777947
-0.732523	2.351507
0.706806	2.609851
-0.704580	1.776063
-0.582113	2.522750
0.613910	2.295724
0.719455	1.777846
-0.733407	2.341060
0.705197	2.622695
-0.703961	1.775939
-0.580376	2.533525
0.615005	2.286804
0.720073	1.777940
-0.734314	2.330108
0.703531	2.636029
-0.703321	1.775751
-0.578840	2.543492
0.616133	2.277540
0.720882	1.776927
-0.735012	2.319850
0.701803	2.649882
-0.702659	1.775511
-0.576991	2.555064
0.617296	2.267911
0.721527	1.777490
-0.735966	2.307784
0.699742	2.665497
-0.701793	1.776566
-0.575077	2.567092
0.618723	2.256668
0.722187	1.778329
-0.736713	2.296349
0.697340	2.682900
-0.701075	1.776276
-0.572836	2.580800
0.619964	2.246254
0.723039	1.778149
-0.737483	2.284278
0.694856	2.700909
-0.700148	1.777324
-0.570774	2.593870
0.621249	2.235424
0.723728	1.779638
-0.738503	2.270299
0.692014	2.720759
-0.699363	1.777080
-0.568369	2.608707
0.622802	2.222922
0.724612	1.780180
-0.739314	2.256865
0.688802	2.742472
-0.698360	1.778238
-0.565607	2.625355
0.624403	2.209972
0.725511	1.781144
-0.740142	2.242710
0.685210	2.766067
-0.697313	1.779509
-0.562741	2.642687
0.625834	2.197805
0.726427	1.782572
-0.740983	2.227814
0.681226	2.791560
-0.696217	1.780941
-0.559763	2.660756
0.627539	2.183933
0.727358	1.784511
-0.741833	2.212162
0.676555	2.820167
-0.695069	1.782585
-0.556394	2.680780
0.629298	2.169594
0.728305	1.787013
-0.742468	2.196993
0.671176	2.851892
-0.693862	1.784504
-0.552890	2.701641
0.631115	2.154793
0.729445	1.788803
-0.743321	2.179810
0.665067	2.886733
-0.692593	1.786763
-0.548698	2.725709
0.632992	2.139541
0.730419	1.792587
-0.743949	2.163122
0.657910	2.925887
-0.691256	1.789435
-0.544617	2.749545
0.634928	2.123858
0.731584	1.795772
-0.744564	2.145699
0.649372	2.970544
-0.689667	1.793924
-0.539812	2.776656
0.636927	2.107772
0.732577	1.801062
-0.745157	2.127573
0.638792	3.023095
-0.688180	1.797659
-0.534540	2.805907
0.639196	2.090059
0.733756	1.805867
-0.745719	2.108790
0.626077	3.083516
-0.686431	1.803375
-0.528783	2.837307
0.641315	2.073294
0.734935	1.811562
-0.746031	2.090676
0.609224	3.159031
-0.684779	1.808505
-0.522523	2.870853
0.643491	2.056281
0.736111	1.818196
-0.746298	2.072047
0.585361	3.259303
-0.682858	1.815776
-0.515745	2.906522
0.645927	2.037822
0.737278	1.825810
-0.746510	2.052996
0.532675	3.459279
-0.680849	1.823936
-0.508140	2.945400
0.648207	2.020550
0.738427	1.834435
-0.746657	2.033631
-0.678934	1.831728
-0.499684	2.987398
0.650530	2.003298
0.739553	1.844090
-0.746732	2.014072
-0.676750	1.841838
-0.490051	3.033517
0.653087	1.984895
0.740646	1.854777
-0.746529	1.995733
-0.674668	1.851661
-0.479515	3.082477
0.655470	1.968026
0.741698	1.866482
-0.746246	1.977480
-0.672325	1.863835
-0.467429	3.136286
0.274930	3.752495
0.658063	1.950247
0.742512	1.880476
-0.745879	1.959458
-0.669912	1.877029
-0.453427	3.195743
0.359235	3.530527
0.660461	1.934263
0.743454	1.894092
-0.745429	1.941811
-0.667628	1.889900
-0.437113	3.261534
0.393671	3.420071
0.663042	1.917612
0.744331	1.908560
-0.744894	1.924676
-0.665106	1.904997
-0.417397	3.336291
0.418299	3.333044
0.665407	1.903001
0.744943	1.925080
-0.744089	1.909479
-0.662738	1.919632
-0.392400	3.424269
0.437993	3.258241
0.667926	1.887932
0.745669	1.940944
-0.743211	1.895043
-0.660155	1.936303
-0.357215	3.536512
0.454286	3.192425
0.670207	1.875092
0.746119	1.958611
-0.742456	1.880158
-0.657754	1.952303
0.467956	3.134052
0.672616	1.861930
0.746484	1.976648
-0.741454	1.867506
-0.655160	1.970094
0.480028	3.080252
0.674770	1.851103
0.746767	1.994910
-0.740402	1.855838
-0.652776	1.986969
0.490854	3.030192
0.677033	1.840000
0.746969	2.013252
-0.739309	1.845190
-0.650217	2.005375
0.500172	2.985209
0.679213	1.829924
0.746894	2.032811
-0.738183	1.835575
-0.647894	2.022625
0.508615	2.943235
0.681124	1.822164
-0.536496	3.445546
0.746746	2.052171
-0.737034	1.826988
-0.645613	2.039892
0.516209	2.904386
0.683129	1.814035
-0.586028	3.256461
0.746535	2.071212
-0.735868	1.819411
-0.643178	2.058342
0.523263	2.867608
0.685046	1.806793
-0.609551	3.157417
0.746268	2.089828
-0.734692	1.812813
-0.641001	2.075344
0.529509	2.834089
0.686695	1.801689
-0.626084	3.083130
0.745745	2.109189
-0.733513	1.807151
-0.638882	2.092095
0.534973	2.803864
0.688440	1.795996
-0.639098	3.021521
0.745395	2.126691
-0.732335	1.802378
-0.636824	2.108532
0.540235	2.774645
0.689923	1.792281
-0.649371	2.970199
0.744804	2.144796
-0.731343	1.797118
-0.634615	2.125860
0.545030	2.747565
0.691509	1.787809
-0.657906	2.925566
0.744191	2.162196
-0.730179	1.793960
-0.632679	2.141525
0.549103	2.723760
0.692844	1.785153
-0.665059	2.886436
0.743346	2.180112
-0.729206	1.790202
-0.630803	2.156758
0.553288	2.699720
0.694110	1.782906
-0.671165	2.851620
0.742713	2.196020
-0.728066	1.788435
-0.628986	2.171540
0.556785	2.678886
0.695314	1.780998
-0.676541	2.819919
0.741859	2.212412
-0.727120	1.785955
-0.627227	2.185859
0.560147	2.658888
0.696461	1.779362
-0.681209	2.791337
0.741232	2.226792
-0.726190	1.784035
-0.625742	2.198469
0.563120	2.640843
0.697554	1.777936
-0.685191	2.765869
0.740393	2.241664
-0.725275	1.782625
-0.624092	2.211860
0.565980	2.623534
0.698600	1.776670
-0.688780	2.742298
0.739568	2.255795
-0.724376	1.781677
-0.622491	2.224792
0.568736	2.606906
0.699601	1.775514
-0.691989	2.720609
0.738532	2.270447
-0.723493	1.781150
-0.621162	2.236039
0.571137	2.592088
0.700385	1.775760
-0.694829	2.700782
0.737742	2.283163
-0.722804	1.779673
-0.619653	2.248089
0.573194	2.579036
0.701311	1.774713
-0.697311	2.682795
0.736974	2.295213
-0.721953	1.779865
-0.618413	2.258485
0.575432	2.565344
0.702028	1.775004
-0.699445	2.666623
0.735999	2.307864
-0.721294	1.779037
-0.616986	2.269713
0.577341	2.553331
0.702715	1.775278
-0.701505	2.651029
0.735278	2.318674
-0.720649	1.778483
-0.615823	2.279326
0.579187	2.541772
0.703554	1.774185
-0.703496	2.635984
0.734349	2.330148
-0.720019	1.778176
-0.614695	2.288576
0.580720	2.531817
0.704193	1.774371
-0.705160	2.622669
0.733677	2.339850
-0.719401	1.778089
-0.613600	2.297482
0.582202	2.522243
0.704811	1.774493
-0.706507	2.611054
0.732795	2.350280
-0.718795	1.778197
-0.612535	2.306065
0.583888	2.511824
0.705234	1.775871
-0.708062	2.598685
0.732172	2.359009
-0.718202	1.778479
-0.611498	2.314342
0.585028	2.504100
0.705817	1.775839
-0.709309	2.587956
0.731336	2.368531
-0.717619	1.778914
-0.610486	2.322335
0.586379	2.495467
0.706387	1.775721
-0.710513	2.577624
0.730522	2.377647
-0.717046	1.779483
-0.609498	2.330062
0.587696	2.487089
0.706944	1.775517
-0.711676	2.567658
0.729727	2.386390
-0.716660	1.778841
-0.608764	2.336324
0.588731	2.480133
0.707312	1.776553
-0.712548	2.559245
0.729191	2.393563
-0.716106	1.779630
-0.607817	2.343578
0.589739	2.473382
0.707848	1.776172
-0.713643	2.549925
0.728434	2.401653
-0.715737	1.779177
-0.606886	2.350622
0.590969	2.465612
0.708199	1.777034
-0.714454	2.542100
0.727694	2.409460
-0.715199	1.780126
-0.606206	2.356259
0.591929	2.459198
0.708542	1.777813
-0.715240	2.534527
0.727210	2.415789
-0.714844	1.779809
-0.605305	2.362938
0.592868	2.452921
0.709057	1.777181
-0.716002	2.527180
0.726498	2.423118
-0.714497	1.779540
-0.604652	2.368247
0.593790	2.446761
0.709389	1.777802
-0.716745	2.520031
0.725798	2.430250
-0.713976	1.780639
-0.603773	2.374629
0.594453	2.441901
0.709717	1.778351
-0.717470	2.513053
0.725108	2.437211
-0.713639	1.780437
-0.603139	2.379676
0.595347	2.435918
0.710041	1.778834
-0.718180	2.506222
0.724671	2.442805
-0.713306	1.780255
-0.602275	2.385827
0.596229	2.429998
0.710542	1.777926
-0.718877	2.499512
0.723997	2.449504
-0.712977	1.780081
-0.601655	2.390676
0.596859	2.425327
0.710862	1.778293
-0.719563	2.492897
0.723327	2.456109
-0.712651	1.779909
-0.600800	2.396659
0.597724	2.419480
0.711181	1.778610
-0.720242	2.486354
0.722661	2.462646
-0.712328	1.779728
-0.600186	2.401374
0.598342	2.414852
0.711501	1.778885
-0.720913	2.479857
0.722242	2.467918
-0.711828	1.780861
-0.599333	2.407251
0.599198	2.409014
0.711820	1.779125
-0.721581	2.473382
0.721576	2.474393
-0.711508	1.780642
-0.598720	2.411892
0.599811	2.404365
0.712140	1.779336
-0.722000	2.468126
0.720908	2.480872
-0.711189	1.780392
-0.597863	2.417726
0.600663	2.398474
0.712462	1.779526
-0.722666	2.461622
0.720235	2.487381
-0.710870	1.780105
-0.597243	2.422356
0.601277	2.393742
0.712964	1.778374
-0.723334	2.455067
0.719555	2.493944
-0.710550	1.779773
-0.596374	2.428209
0.602132	2.387736
0.713291	1.778546
-0.724005	2.448436
0.718866	2.500586
-0.710229	1.779390
-0.595741	2.432892
0.602753	2.382860
0.713621	1.778722
-0.724438	2.442927
0.718416	2.506114
-0.709907	1.778951
-0.594855	2.438829
0.603619	2.376676
0.713956	1.778909
-0.725122	2.436069
0.717703	2.512988
-0.709403	1.779777
-0.593957	2.444833
0.604254	2.371592
0.714295	1.779119
-0.725816	2.429058
0.716974	2.520017
-0.709074	1.779206
-0.593290	2.449721
0.605136	2.365167
0.714816	1.778030
-0.726520	2.421868
0.716227	2.527225
-0.708740	1.778562
-0.592362	2.455915
0.605792	2.359811
0.715166	1.778313
-0.726994	2.415697
0.715206	2.535857
-0.708224	1.779169
-0.591416	2.462231
0.606697	2.353079
0.715522	1.778649
-0.727725	2.408069
0.714413	2.543505
-0.707879	1.778366
-0.590449	2.468691
0.607381	2.347384
0.716063	1.777721
-0.728471	2.400178
0.713594	2.551414
-0.707526	1.777477
-0.589211	2.476512
0.608316	2.340276
0.716434	1.778199
-0.728995	2.393223
0.712490	2.560826
-0.706987	1.777831
-0.588194	2.483323
0.609268	2.332952
0.716991	1.777440
-0.729777	2.384720
0.711609	2.569342
-0.706615	1.776767
-0.586899	2.491540
0.610008	2.326615
0.717380	1.778117
-0.730578	2.375866
0.710434	2.579418
-0.706055	1.776945
-0.585821	2.498800
0.611003	2.318807
0.717955	1.777587
-0.731400	2.366629
0.709219	2.589871
-0.705481	1.777035
-0.584457	2.507516
0.612021	2.310727
0.718542	1.777198
-0.732008	2.358206
0.707959	2.600730
-0.704892	1.777042
-0.583052	2.516524
0.613066	2.302356
0.719139	1.776967
-0.732875	2.348105
0.706389	2.613238
-0.704287	1.776971
-0.581603	2.525854
0.614139	2.293674
0.719748	1.776917
-0.733530	2.338755
0.704765	2.626213
-0.703663	1.776828
-0.580105	2.535542
0.615243	2.284662
0.720370	1.777070
-0.734444	2.327658
0.703083	2.639686
-0.703017	1.776624
-0.578299	2.546807
0.616381	2.275300
0.721005	1.777451
-0.735381	2.316012
0.701337	2.653688
-0.702348	1.776374
-0.576433	2.558500
0.617781	2.264338
0.721654	1.778086
-0.736111	2.305019
0.699257	2.669459
-0.701652	1.776092
-0.574501	2.570661
0.618992	2.254217
0.722495	1.777679
-0.736864	2.293412
0.696834	2.687026
-0.700748	1.777131
-0.572238	2.584512
0.620245	2.243691
0.723174	1.778916
-0.737869	2.279923
0.694328	2.705206
-0.699989	1.776856
-0.570154	2.597739
0.621766	2.231507
0.724046	1.779179
-0.738666	2.266995
0.691190	2.726443
-0.699015	1.777958
-0.567463	2.613922
0.623110	2.220122
0.724933	1.779832
-0.739483	2.253366
0.687950	2.748339
-0.698178	1.777814
-0.564936	2.629578
0.624725	2.207047
0.725659	1.782246
-0.740315	2.239010
0.684329	2.772123
-0.697119	1.779124
-0.562040	2.647108
0.626390	2.193512
0.726579	1.783809
-0.741160	2.223908
0.680033	2.799014
-0.696009	1.780609
-0.558763	2.666557
0.628109	2.179510
0.727693	1.784572
-0.742012	2.208047
0.675325	2.827814
-0.694845	1.782322
-0.555357	2.686804
0.629884	2.165042
0.728644	1.787236
-0.742647	2.192668
0.669622	2.860940
-0.693622	1.784328
-0.551814	2.707903
0.631716	2.150115
0.729609	1.790529
-0.743499	2.175276
0.663177	2.897179
-0.692156	1.788020
-0.547578	2.732221
0.633608	2.134741
0.730765	1.793182
-0.744124	2.158384
0.655675	2.937727
-0.690799	1.790819
-0.543176	2.757474
0.635562	2.118943
0.731753	1.797900
-0.744734	2.140764
0.646777	2.983772
-0.689369	1.794131
-0.538320	2.784852
0.637576	2.102752
0.732928	1.802091
-0.745319	2.122453
0.635819	3.037704
-0.687680	1.799363
-0.532993	2.814376
0.639652	2.086210
0.734107	1.807136
-0.745661	2.104762
0.621775	3.103123
-0.686090	1.803949
-0.527177	2.846053
0.641995	2.068104
0.735287	1.813084
-0.746172	2.085235
0.603515	3.183633
-0.684233	1.810620
-0.520857	2.879874
0.644187	2.051034
0.736461	1.819984
-0.746424	2.066479
0.576148	3.296159
-0.682288	1.818128
-0.513724	2.916943
0.646432	2.033814
0.737623	1.827873
-0.746618	2.047330
-0.680436	1.825223
-0.505754	2.957194
0.648927	2.015261
0.738767	1.836780
-0.746745	2.027898
-0.678315	1.834605
-0.497223	2.999413
0.651260	1.998033
0.739885	1.846718
-0.746598	2.009586
-0.676108	1.844994
-0.487208	3.046832
0.653626	1.980970
0.740782	1.858996
-0.746573	1.989976
-0.674004	1.855102
-0.476280	3.097038
0.656211	1.962906
0.741820	1.870974
-0.746266	1.971771
-0.671641	1.867557
-0.463790	3.152020
0.315643	3.653319
0.658610	1.946543
0.742806	1.883922
-0.745876	1.953835
-0.669398	1.879718
-0.449048	3.213643
0.370075	3.497047
0.661201	1.929427
0.743731	1.897781
-0.745207	1.937605
-0.666911	1.894155
-0.431966	3.281455
0.401104	3.394543
0.663585	1.914266
0.744588	1.912467
-0.744651	1.920635
-0.664568	1.908190
-0.411107	3.359080
0.424203	3.311182
0.666132	1.898578
0.745180	1.929175
-0.743826	1.905637
-0.662002	1.924338
-0.384209	3.451592
0.442773	3.239332
0.668450	1.885059
0.745689	1.946485
-0.743119	1.890126
-0.659607	1.939897
-0.343749	3.576130
0.458309	3.175592
0.670904	1.871178
0.746311	1.962979
-0.742158	1.876791
-0.657011	1.957340
0.471564	3.118332
0.673294	1.858294
0.746655	1.981093
-0.741141	1.864405
-0.654616	1.973958
0.483234	3.065725
0.675428	1.847751
0.746716	2.000673
-0.740077	1.853016
-0.652040	1.992199
0.493368	3.018043
0.677668	1.836931
0.746896	2.019012
-0.738974	1.842651
-0.649691	2.009370
0.502608	2.973258
0.679642	1.828450
0.746799	2.038527
-0.737842	1.833319
-0.647176	2.027913
0.510977	2.931511
0.681711	1.819638
-0.557352	3.368706
0.746633	2.057811
-0.736687	1.825012
-0.644909	2.045164
0.518208	2.894044
0.683692	1.811759
-0.593507	3.225704
0.746405	2.076744
-0.735518	1.817707
-0.642692	2.062303
0.524909	2.858670
0.685404	1.806070
-0.614577	3.135282
0.746125	2.095226
-0.734341	1.811371
-0.640324	2.080511
0.531094	2.825426
0.687210	1.799853
-0.630042	3.064781
0.745801	2.113167
-0.733162	1.805958
-0.638222	2.097180
0.536502	2.795478
0.688752	1.795673
-0.642047	3.006965
0.745231	2.131756
-0.732165	1.800098
-0.636180	2.113520
0.541433	2.767684
0.690394	1.790797
-0.651947	2.957026
0.744632	2.149671
-0.730995	1.796380
-0.634199	2.129483
0.546180	2.740872
0.691780	1.787794
-0.659833	2.914991
0.744015	2.166872
-0.729834	1.793427
-0.632280	2.145033
0.550208	2.717326
0.693096	1.785258
-0.666934	2.876049
0.743168	2.184582
-0.728864	1.789857
-0.630422	2.160146
0.554081	2.694695
0.694523	1.781783
-0.672707	2.842632
0.742534	2.200280
-0.727907	1.786938
-0.628622	2.174803
0.557809	2.672931
0.695711	1.779955
-0.677760	2.812332
0.741681	2.216462
-0.726787	1.785943
-0.626879	2.188996
0.560870	2.654321
0.696842	1.778382
-0.682391	2.783943
0.740834	2.231880
-0.725861	1.784168
-0.625190	2.202723
0.564075	2.635313
0.697922	1.777005
-0.686339	2.758665
0.739997	2.246545
-0.724950	1.782889
-0.623553	2.215985
0.566643	2.619369
0.698777	1.777103
-0.689624	2.736489
0.739175	2.260475
-0.724234	1.780734
-0.622188	2.227555
0.569373	2.602920
0.699767	1.775971
-0.692805	2.714981
0.738370	2.273693
-0.723356	1.780314
-0.620647	2.239918
0.571749	2.588268
0.700719	1.774901
-0.695350	2.696538
0.737586	2.286223
-0.722493	1.780262
-0.619376	2.250616
0.573785	2.575369
0.701458	1.775188
-0.697810	2.678720
0.736595	2.299333
-0.721823	1.779214
-0.617920	2.262134
0.576002	2.561818
0.702166	1.775477
-0.700190	2.661500
0.735856	2.310578
-0.721169	1.778464
-0.616730	2.272023
