0.140152	-5.270955
0.362277	-4.787525
0.561528	-4.037236
0.455320	-4.359437
0.222065	-5.054518
0.050006	-5.296196
-0.094893	-5.261118
-0.287138	-4.893941
-0.516249	-4.141562
-0.526418	-4.202394
-0.289073	-4.987061
-0.090878	-5.322366
0.057682	-5.345315
0.239435	-5.102483
0.484635	-4.371875
0.546982	-4.038856
0.336114	-4.754788
0.128774	-5.221375
-0.020567	-5.307339
-0.180815	-5.137325
-0.405994	-4.529643
-0.567048	-3.989362
-0.416528	-4.614977
-0.180273	-5.212076
-0.015980	-5.359337
0.138421	-5.273128
0.359831	-4.794708
0.560710	-4.041951
0.457578	-4.351346
0.224059	-5.050160
0.051424	-5.295418
-0.093402	-5.262598
-0.284748	-4.900666
-0.514496	-4.147841
-0.527906	-4.196235
-0.291301	-4.981683
-0.092269	-5.321303
0.056205	-5.346099
0.237272	-5.107074
0.482853	-4.378078
0.547958	-4.036215
0.338423	-4.747793
0.130364	-5.219242
-0.019166	-5.307652
-0.179043	-5.140544
-0.403970	-4.535887
-0.567043	-3.987870
-0.419277	-4.605070
-0.182320	-5.208503
-0.017506	-5.359080
0.136672	-5.275388
0.357288	-4.802523
0.560122	-4.045170
0.459756	-4.343469
0.226050	-5.045674
0.052858	-5.294585
-0.091903	-5.264106
-0.282895	-4.905177
-0.512903	-4.153278
-0.529510	-4.189192
-0.293554	-4.976006
-0.093657	-5.320188
0.054728	-5.346889
0.235573	-5.110112
0.480480	-4.387754
0.549199	-4.031714
0.340699	-4.740747
0.131964	-5.217008
-0.017751	-5.307954
-0.177282	-5.143800
-0.401596	-4.544254
-0.566805	-3.987830
-0.421628	-4.597023
-0.183853	-5.206299
-0.019027	-5.358789
0.135436	-5.276570
0.355129	-4.808637
0.559360	-4.049403
0.461418	-4.338406
0.228037	-5.041060
0.054307	-5.293696
-0.090924	-5.264822
-0.280597	-4.911758
-0.511053	-4.160455
-0.531235	-4.181244
-0.295835	-4.970011
-0.095042	-5.319018
0.053249	-5.347683
0.233318	-5.115255
0.478834	-4.393403
0.550296	-4.027917
0.342940	-4.733661
0.133575	-5.214672
-0.016321	-5.308243
-0.175530	-5.147092
-0.399322	-4.552251
-0.566336	-3.989247
-0.423587	-4.590824
-0.185393	-5.203962
-0.020009	-5.358652
0.133658	-5.279001
0.352878	-4.815363
0.558830	-4.052161
0.463427	-4.331042
0.229515	-5.038170
0.055241	-5.293252
-0.089409	-5.266398
-0.278833	-4.916162
-0.509774	-4.164262
-0.532247	-4.177379
-0.297650	-4.965817
-0.096426	-5.317790
0.052305	-5.348016
0.231532	-5.118841
0.477042	-4.400000
0.551248	-4.024838
0.344671	-4.728914
0.135194	-5.212232
-0.015408	-5.308374
-0.173786	-5.150420
-0.397600	-4.557403
-0.566432	-3.987126
-0.425617	-4.584015
-0.187463	-5.199949
-0.020986	-5.358501
0.132393	-5.280364
0.351021	-4.820367
0.558129	-4.055927
0.465347	-4.323961
0.231490	-5.033320
0.056720	-5.292255
-0.087886	-5.267996
-0.277110	-4.920528
-0.508231	-4.169866
-0.533801	-4.170107
-0.299497	-4.961301
-0.097808	-5.316503
0.050826	-5.348824
0.229705	-5.122683
0.475110	-4.407518
0.552057	-4.022481
0.346836	-4.721788
0.136301	-5.210885
-0.014479	-5.308508
-0.172564	-5.152311
-0.395515	-4.564731
-0.565894	-3.989010
-0.427718	-4.576593
-0.189023	-5.197322
-0.022495	-5.358134
0.131117	-5.281812
0.349079	-4.825942
0.557261	-4.060681
0.467178	-4.317175
0.232954	-5.030222
0.057684	-5.291722
-0.086881	-5.268830
-0.275426	-4.924862
-0.506833	-4.174733
-0.534644	-4.166935
-0.301377	-4.956461
-0.099190	-5.315155
0.049883	-5.349186
0.228353	-5.124974
0.473483	-4.413429
0.552725	-4.020841
0.348490	-4.717031
0.137416	-5.209455
-0.013006	-5.308768
-0.171348	-5.154256
-0.393975	-4.569265
-0.565914	-3.987417
-0.429434	-4.571025
-0.190593	-5.194551
-0.023464	-5.357947
0.129828	-5.283337
0.347058	-4.832055
0.556640	-4.063899
0.468490	-4.313260
0.234411	-5.027028
0.058662	-5.291147
-0.085867	-5.269702
-0.273777	-4.929170
-0.505157	-4.181472
-0.536026	-4.160395
-0.303290	-4.951298
-0.100571	-5.313744
0.048940	-5.349564
0.226453	-5.129284
0.471729	-4.420187
0.553256	-4.019903
0.350576	-4.709898
0.139059	-5.206732
-0.012050	-5.308895
-0.169623	-5.157709
-0.392061	-4.576014
-0.565688	-3.987399
-0.431220	-4.564867
-0.191653	-5.193207
-0.024430	-5.357745
0.128529	-5.284933
0.344962	-4.838672
0.556272	-4.065545
0.470148	-4.307075
0.235860	-5.023744
0.059652	-5.290530
-0.084845	-5.270610
-0.272162	-4.933456
-0.504030	-4.184984
-0.537109	-4.155511
-0.305235	-4.945815
-0.101420	-5.313167
0.047997	-5.349954
0.225032	-5.132027
0.470295	-4.425256
0.554056	-4.017117
0.352153	-4.705159
0.140188	-5.205136
-0.011081	-5.309018
-0.168418	-5.159747
-0.390224	-4.582504
-0.565209	-3.989005
-0.433075	-4.558135
-0.193244	-5.190161
-0.025392	-5.357526
0.127221	-5.286592
0.343279	-4.843475
0.555351	-4.070562
0.471721	-4.301187
0.237300	-5.020374
0.060655	-5.289871
-0.083815	-5.271549
-0.270578	-4.937723
-0.502609	-4.190451
-0.537890	-4.152320
-0.306718	-4.942186
-0.102800	-5.311644
0.046520	-5.350774
0.223581	-5.134973
0.468748	-4.431082
0.554729	-4.014988
0.353692	-4.700437
0.141323	-5.203463
-0.010099	-5.309136
-0.167216	-5.161830
-0.388918	-4.586277
-0.564869	-3.989776
-0.434541	-4.553319
-0.194327	-5.188562
-0.026351	-5.357290
0.125903	-5.288306
0.342016	-4.846442
0.554700	-4.073918
0.473213	-4.295590
0.238732	-5.016923
0.061670	-5.289171
-0.082777	-5.272516
-0.269021	-4.941975
-0.501724	-4.192775
-0.538780	-4.148366
-0.308233	-4.938268
-0.103649	-5.310974
0.046114	-5.350766
0.222614	-5.136349
0.467096	-4.437616
0.555282	-4.013485
0.355194	-4.695737
0.142464	-5.201717
-0.009636	-5.309159
-0.166019	-5.163955
-0.387220	-4.592317
-0.564659	-3.989765
-0.436071	-4.547981
-0.195420	-5.186844
-0.027307	-5.357038
0.125106	-5.288992
0.340208	-4.852107
0.554328	-4.075563
0.474200	-4.292846
0.240154	-5.013395
0.062695	-5.288429
-0.081732	-5.273508
-0.267985	-4.944153
-0.500528	-4.197140
-0.539772	-4.143694
-0.309777	-4.934073
-0.104499	-5.310262
0.045174	-5.351183
0.221108	-5.139655
0.465788	-4.442319
0.555722	-4.012573
0.356662	-4.691061
0.143090	-5.201150
-0.008632	-5.309272
-0.165340	-5.164697
-0.386044	-4.595685
-0.564570	-3.989023
-0.437661	-4.542150
-0.197041	-5.183411
-0.028260	-5.356768
0.124301	-5.289735
0.338829	-4.855877
0.553837	-4.077936
0.475544	-4.287796
0.241068	-5.011711
0.063201	-5.288223
-0.081207	-5.273784
-0.266479	-4.948387
-0.499433	-4.201017
-0.540445	-4.140847
-0.310856	-4.931796
-0.105349	-5.309510
0.044234	-5.351604
0.220093	-5.141372
0.464390	-4.447631
0.556458	-4.009689
0.358097	-4.686407
0.144240	-5.199276
-0.007617	-5.309375
-0.164148	-5.166902
-0.384464	-4.601352
-0.564196	-3.990118
-0.438855	-4.538327
-0.198154	-5.181463
-0.028675	-5.356745
0.122962	-5.291598
0.337400	-4.859998
0.553235	-4.080985
0.476820	-4.282998
0.242474	-5.008051
0.064246	-5.287411
-0.080147	-5.274824
-0.265489	-4.950562
-0.498009	-4.207020
-0.541207	-4.137377
-0.312456	-4.927096
-0.106200	-5.308718
0.043296	-5.352028
0.219055	-5.143238
0.463354	-4.451013
0.556695	-4.009844
0.359032	-4.684188
0.145394	-5.197337
-0.007124	-5.309402
-0.162958	-5.169136
-0.383397	-4.604387
-0.563926	-3.990592
-0.440101	-4.534079
-0.199275	-5.179411
-0.029623	-5.356449
0.122145	-5.292436
0.336410	-4.862174
0.552531	-4.084656
0.478033	-4.278436
0.243372	-5.006258
0.064770	-5.287150
-0.079082	-5.275875
-0.264023	-4.954782
-0.497089	-4.210044
-0.542052	-4.133335
-0.313587	-4.924355
-0.107051	-5.307890
0.042358	-5.352453
0.217999	-5.145238
0.461797	-4.457395
0.557244	-4.007948
0.360408	-4.679586
0.146032	-5.196612
-0.006622	-5.309429
-0.162287	-5.169998
-0.381917	-4.609747
-0.563751	-3.990501
-0.441396	-4.529439
-0.199887	-5.178885
-0.030569	-5.356136
0.121323	-5.293314
0.334893	-4.866906
0.552144	-4.086399
0.478762	-4.276664
0.244763	-5.002484
0.065831	-5.286272
-0.078538	-5.276227
-0.263070	-4.956957
-0.496246	-4.212700
-0.542559	-4.131268
-0.314741	-4.921411
-0.107903	-5.307027
0.041956	-5.352505
0.216924	-5.147356
0.460617	-4.461750
0.557711	-4.006483
0.361757	-4.675005
0.147193	-5.194565
-0.005581	-5.309516
-0.161101	-5.172286
-0.380939	-4.612513
-0.563263	-3.992411
-0.442736	-4.524443
-0.201025	-5.176655
-0.030978	-5.356091
0.120496	-5.294228
0.333824	-4.869637
0.551673	-4.088654
0.479866	-4.272516
0.245648	-5.000597
0.066369	-5.285963
-0.077989	-5.276599
-0.262134	-4.959133
-0.495472	-4.215025
-0.543133	-4.128730
-0.315916	-4.918280
-0.108755	-5.306131
0.041019	-5.352935
0.215834	-5.149578
0.459821	-4.464033
0.558104	-4.005406
0.362616	-4.672863
0.147837	-5.193752
-0.005065	-5.309541
-0.160433	-5.173207
-0.379539	-4.617627
-0.563251	-3.991349
-0.443662	-4.521601
-0.202169	-5.174342
-0.031920	-5.355752
0.119664	-5.295173
0.332722	-4.872602
0.551127	-4.091367
0.480924	-4.268544
0.246527	-4.998672
0.066914	-5.285633
-0.076908	-5.277691
-0.261211	-4.961310
-0.494338	-4.219630
-0.543767	-4.125772
-0.317109	-4.914983
-0.109608	-5.305205
0.040618	-5.353001
0.214729	-5.151891
0.458525	-4.469171
0.558433	-4.004674
0.363920	-4.668320
0.148484	-5.192903
-0.004542	-5.309565
-0.159766	-5.174155
-0.378633	-4.620178
-0.562908	-3.992394
-0.445075	-4.516002
-0.202802	-5.173595
-0.032326	-5.355694
0.118829	-5.296143
0.331590	-4.875772
0.550515	-4.094483
0.481941	-4.264726
0.247901	-4.994760
0.067993	-5.284671
-0.076351	-5.278093
-0.259804	-4.965508
-0.493257	-4.223975
-0.544455	-4.122447
-0.318318	-4.911538
-0.110461	-5.304251
0.039683	-5.353432
0.213612	-5.154280
0.457627	-4.472146
0.558704	-4.004242
0.364740	-4.666214
0.149652	-5.190726
-0.004013	-5.309588
-0.159100	-5.175124
-0.377757	-4.622641
-0.562626	-3.993083
-0.446067	-4.512633
-0.203957	-5.171149
-0.033265	-5.355331
0.117991	-5.297134
0.330432	-4.879120
0.550256	-4.095457
0.482922	-4.261041
0.248770	-4.992764
0.068548	-5.284303
-0.075790	-5.278507
-0.258904	-4.967679
-0.492645	-4.225520
-0.545187	-4.118803
-0.319539	-4.907965
-0.110784	-5.304243
0.039283	-5.353508
0.213000	-5.155037
0.456688	-4.475400
0.558927	-4.004067
0.366011	-4.661696
0.150303	-5.189813
-0.002949	-5.309642
-0.157918	-5.177481
-0.376444	-4.627482
-0.562394	-3.993467
-0.447084	-4.509055
-0.204599	-5.170295
-0.033668	-5.355262
0.117680	-5.297123
0.329251	-4.882617
0.549537	-4.099224
0.483448	-4.260040
0.249637	-4.990739
0.069107	-5.283919
-0.075226	-5.278930
-0.258014	-4.969848
-0.491651	-4.229446
-0.545546	-4.117388
-0.320281	-4.906500
-0.111637	-5.303249
0.038348	-5.353933
0.211863	-5.157550
0.455713	-4.478889
0.559509	-4.001584
0.366804	-4.659611
0.150956	-5.188875
-0.002412	-5.309657
-0.157255	-5.178478
-0.375615	-4.629800
-0.562205	-3.993594
-0.448121	-4.505308
-0.205761	-5.167747
-0.034070	-5.355189
0.116836	-5.298149
0.328051	-4.886239
0.549187	-4.100744
0.484377	-4.256550
0.250501	-4.988690
0.069669	-5.283523
-0.074660	-5.279362
-0.257131	-4.972012
-0.491113	-4.230634
-0.545935	-4.115755
-0.321522	-4.902736
-0.112490	-5.302235
0.037949	-5.354015
0.211233	-5.158417
0.454709	-4.482572
0.559658	-4.001791
0.368053	-4.655097
0.151610	-5.187916
-0.001872	-5.309669
-0.156592	-5.179485
-0.374341	-4.634511
-0.561651	-3.996029
-0.449173	-4.501427
-0.206409	-5.166821
-0.035006	-5.354798
0.115990	-5.299184
0.327323	-4.887724
0.548804	-4.102459
0.485287	-4.253123
0.251363	-4.986617
0.070234	-5.283116
-0.074093	-5.279798
-0.256255	-4.974171
-0.490178	-4.234264
-0.546758	-4.111460
-0.322278	-4.901128
-0.113343	-5.301204
0.037550	-5.354098
0.210081	-5.161008
0.453680	-4.486406
0.559783	-4.002122
0.368830	-4.653012
0.152266	-5.186940
-0.001329	-5.309679
-0.155931	-5.180498
-0.373545	-4.636723
-0.561523	-3.995787
-0.449786	-4.499931
-0.207057	-5.165874
-0.035407	-5.354717
0.115672	-5.299221
0.326095	-4.891523
0.548396	-4.104321
0.486185	-4.249733
0.252224	-4.984526
0.070801	-5.282699
-0.073524	-5.280236
-0.255384	-4.976323
-0.489264	-4.237790
-0.547185	-4.109541
-0.323527	-4.897257
-0.113665	-5.301155
0.036616	-5.354513
0.209441	-5.161942
0.452634	-4.490352
0.560291	-4.000015
0.370069	-4.648482
0.152923	-5.185950
-0.000785	-5.309685
-0.155270	-5.181514
-0.372759	-4.638896
-0.561413	-3.995430
-0.450853	-4.495898
-0.208223	-5.163243
-0.035807	-5.354635
0.114823	-5.300268
0.325346	-4.893145
0.547560	-4.108772
0.487077	-4.246355
0.253086	-4.982417
0.071370	-5.282276
-0.072954	-5.280675
-0.254518	-4.978465
-0.488364	-4.241240
-0.547621	-4.107553
-0.324286	-4.895591
-0.114517	-5.300107
0.036217	-5.354597
0.208796	-5.162896
0.451574	-4.494369
0.560390	-4.000462
0.370843	-4.646373
0.153581	-5.184950
-0.000240	-5.309689
-0.154611	-5.182529
-0.371517	-4.643481
-0.560913	-3.997522
-0.451921	-4.491845
-0.208870	-5.162277
-0.036741	-5.354221
0.113973	-5.301312
0.324101	-4.897027
0.547126	-4.110776
0.487969	-4.242964
0.253950	-4.980293
0.071939	-5.281848
-0.072385	-5.281112
-0.253654	-4.980595
-0.487895	-4.242067
-0.548057	-4.105545
-0.325532	-4.891698
-0.114838	-5.300056
0.035817	-5.354681
0.207632	-5.165528
0.450957	-4.495938
0.560888	-3.998383
0.371619	-4.644243
0.154241	-5.183944
0.000305	-5.309689
-0.153952	-5.183538
-0.370742	-4.645597
-0.560815	-3.997072
-0.452983	-4.487812
-0.209516	-5.161317
-0.037141	-5.354135
0.113651	-5.301364
0.323342	-4.898693
0.546689	-4.112776
0.488442	-4.242107
0.254815	-4.978158
0.072509	-5.281417
-0.071816	-5.281544
-0.252791	-4.982712
-0.487004	-4.245446
-0.548486	-4.103567
-0.326284	-4.890062
-0.115687	-5.299005
0.034882	-5.355078
0.206984	-5.166489
0.449889	-4.499981
0.560994	-3.998768
0.372867	-4.639640
0.154901	-5.182935
0.000850	-5.309686
-0.153295	-5.184539
-0.369969	-4.647697
-0.560311	-3.999162
-0.453585	-4.486320
-0.210674	-5.158687
-0.037540	-5.354050
0.112799	-5.302400
0.322092	-4.902568
0.546257	-4.114723
0.489352	-4.238609
0.255685	-4.976012
0.073078	-5.280986
-0.071248	-5.281970
-0.251930	-4.984812
-0.486109	-4.248830
-0.548900	-4.101669
-0.327515	-4.886237
-0.116535	-5.297952
0.034482	-5.355157
0.206335	-5.167440
0.448824	-4.503979
0.561515	-3.996536
0.373660	-4.637443
0.156081	-5.180582
0.001393	-5.309681
-0.152120	-5.186851
-0.368729	-4.652224
-0.560193	-3.998798
-0.454620	-4.482443
-0.211312	-5.157767
-0.038474	-5.353620
0.111946	-5.303423
0.321335	-4.904190
0.545839	-4.116569
0.490279	-4.235017
0.256559	-4.973857
0.073647	-5.280556
-0.070154	-5.283031
-0.251068	-4.986894
-0.485204	-4.252242
-0.549292	-4.099899
-0.328247	-4.884721
-0.116852	-5.297924
0.034081	-5.355234
0.205170	-5.170025
0.447767	-4.507895
0.561660	-3.996675
0.374929	-4.632753
0.156743	-5.179575
0.001934	-5.309672
-0.151465	-5.187819
-0.367948	-4.654308
-0.560052	-3.998545
-0.455633	-4.478705
-0.212459	-5.155187
-0.038873	-5.353535
0.111623	-5.303461
0.320091	-4.907971
0.545441	-4.118263
0.491231	-4.231302
0.257440	-4.971697
0.074213	-5.280130
-0.069591	-5.283434
-0.250205	-4.988954
-0.484282	-4.255708
-0.550064	-4.095815
-0.329452	-4.881058
-0.117696	-5.296890
0.033144	-5.355607
0.204523	-5.170927
0.446724	-4.511689
0.561837	-3.996622
0.375752	-4.630456
0.157406	-5.178577
0.002472	-5.309660
-0.150812	-5.188767
-0.366694	-4.658826
-0.559482	-4.000965
-0.456618	-4.475146
-0.213083	-5.154348
-0.039808	-5.353095
0.110770	-5.304458
0.319346	-4.909465
0.544660	-4.122252
0.491791	-4.230008
0.258327	-4.969532
0.075306	-5.279032
-0.069031	-5.283824
-0.249340	-4.990990
-0.483339	-4.259253
-0.550387	-4.094454
-0.330640	-4.877511
-0.118538	-5.295866
0.032742	-5.355675
0.203880	-5.171793
0.445699	-4.515326
0.562053	-3.996328
0.376595	-4.628096
0.158070	-5.177591
0.003007	-5.309646
-0.150160	-5.189691
-0.365894	-4.660917
-0.559274	-4.001064
-0.457569	-4.471809
-0.214214	-5.151861
-0.040207	-5.353016
0.109917	-5.305432
0.318120	-4.913070
0.544326	-4.123494
0.492811	-4.225957
0.259224	-4.967364
0.075868	-5.278617
-0.068474	-5.284200
-0.248472	-4.992998
-0.482794	-4.260324
-0.550664	-4.093375
-0.331318	-4.876358
-0.119378	-5.294857
0.032338	-5.355740
0.202723	-5.174253
0.444698	-4.518767
0.562318	-3.995746
0.377925	-4.623207
0.158736	-5.176621
0.003537	-5.309630
-0.149511	-5.190588
-0.364613	-4.665447
-0.559020	-4.001405
-0.458928	-4.466250
-0.214819	-5.151149
-0.040607	-5.352942
0.109063	-5.306383
0.316907	-4.916554
0.543622	-4.126932
0.493454	-4.224264
0.260131	-4.965194
0.076426	-5.278214
-0.067922	-5.284560
-0.247599	-4.994976
-0.481790	-4.264095
-0.551296	-4.090136
-0.332459	-4.873125
-0.120213	-5.293868
0.031397	-5.356085
0.202089	-5.175018
0.443725	-4.521976
0.562640	-3.994824
0.378820	-4.620688
0.159920	-5.174297
0.004062	-5.309612
-0.148863	-5.191453
-0.363782	-4.667565
-0.558711	-4.002031
-0.459794	-4.463485
-0.215928	-5.148803
-0.041543	-5.352501
0.108741	-5.306361
0.315708	-4.919896
0.542969	-4.130017
0.494570	-4.219750
0.261050	-4.963024
0.076981	-5.277824
-0.067376	-5.284902
-0.246722	-4.996920
-0.480748	-4.268014
-0.551864	-4.087282
-0.333571	-4.870088
-0.120516	-5.293954
0.030991	-5.356138
0.200942	-5.177349
0.442787	-4.524915
0.563027	-3.993513
0.380210	-4.615613
0.160587	-5.173368
0.005111	-5.309552
-0.147699	-5.193576
-0.362464	-4.672124
-0.558341	-4.002988
-0.461054	-4.458586
-0.217023	-5.146543
-0.041944	-5.352438
0.107889	-5.307263
0.315019	-4.920886
0.542374	-4.132701
0.495323	-4.217526
0.262478	-4.958825
0.078059	-5.276748
-0.066306	-5.285833
-0.245340	-5.000770
-0.479660	-4.272101
-0.552361	-4.084869
-0.335138	-4.865013
-0.121345	-5.293025
0.030048	-5.356458
0.199802	-5.179600
0.441433	-4.530021
0.563089	-3.994275
0.381174	-4.612888
0.161256	-5.172468
0.005624	-5.309528
-0.147057	-5.194364
-0.361123	-4.676701
-0.557899	-4.004318
-0.462255	-4.454086
-0.218103	-5.144382
-0.042881	-5.352000
0.107037	-5.308133
0.313365	-4.926083
0.541844	-4.134931
0.496564	-4.212411
0.263425	-4.956652
0.078605	-5.276391
-0.065772	-5.286130
-0.244451	-5.002631
-0.478522	-4.276379
-0.552777	-4.082949
-0.336182	-4.862451
-0.122698	-5.291067
0.029102	-5.356761
0.198669	-5.181764
0.440122	-4.534782
0.563235	-3.994541
0.382640	-4.607575
0.162444	-5.170206
0.006128	-5.309504
-0.145898	-5.196386
-0.360225	-4.678885
-0.557379	-4.006065
-0.463389	-4.450033
-0.219165	-5.142336
-0.043819	-5.351560
0.106185	-5.308969
0.312225	-4.928889
0.540973	-4.139152
0.497458	-4.209514
0.264390	-4.954481
0.079145	-5.276056
-0.065246	-5.286402
-0.243556	-5.004446
-0.477756	-4.278293
-0.553512	-4.079085
-0.337672	-4.857903
-0.123516	-5.290206
0.028690	-5.356794
0.198063	-5.182231
0.438859	-4.539164
0.563472	-3.994260
0.383691	-4.604590
0.163117	-5.169370
0.007155	-5.309421
-0.145263	-5.197082
-0.358831	-4.683509
-0.556772	-4.008272
-0.464451	-4.446474
-0.220209	-5.140419
-0.044222	-5.351523
0.105334	-5.309769
0.311110	-4.931479
0.540182	-4.142818
0.498433	-4.206223
0.265869	-4.950264
0.080206	-5.275027
-0.064198	-5.287242
-0.242153	-5.008139
-0.476502	-4.283011
-0.554148	-4.075823
-0.339116	-4.853665
-0.124329	-5.289391
0.027740	-5.357072
0.196947	-5.184208
0.437647	-4.543131
0.563811	-3.993377
0.385253	-4.598982
0.164308	-5.167168
0.007642	-5.309396
-0.144111	-5.198991
-0.357407	-4.688156
-0.556470	-4.008454
-0.465877	-4.440969
-0.221232	-5.138646
-0.045161	-5.351096
0.104484	-5.310531
0.309528	-4.936012
0.539477	-4.145878
0.499497	-4.202498
0.266873	-4.948092
0.081261	-5.274012
-0.063160	-5.288041
-0.240741	-5.011765
-0.475182	-4.287975
-0.554677	-4.073219
-0.340512	-4.849768
-0.125136	-5.288626
0.026788	-5.357333
0.195322	-5.187668
0.436036	-4.549117
0.564260	-3.991838
0.386410	-4.595675
0.165502	-5.164997
0.008650	-5.309300
-0.142964	-5.200833
-0.355951	-4.692827
-0.555665	-4.011703
-0.467215	-4.436058
-0.222746	-5.135275
-0.046101	-5.350672
0.103103	-5.312158
0.307973	-4.940287
0.538867	-4.148283
0.500660	-4.198300
0.268396	-4.943860
0.081782	-5.273757
-0.062660	-5.288228
-0.239823	-5.013411
-0.473791	-4.293202
-0.555089	-4.071326
-0.341853	-4.846247
-0.126464	-5.286825
0.026369	-5.357343
0.194226	-5.189419
0.434485	-4.554620
0.564429	-3.992098
0.388087	-4.589705
0.166182	-5.164287
0.009648	-5.309194
-0.142342	-5.201361
-0.354460	-4.697522
-0.555151	-4.013005
-0.468457	-4.431789
-0.223721	-5.133834
-0.047042	-5.350254
0.102253	-5.312833
0.306448	-4.944289
0.537943	-4.152481
0.501927	-4.193585
0.269449	-4.941683
0.082822	-5.272793
-0.061642	-5.288955
-0.238395	-5.016899
-0.472754	-4.296132
-0.555784	-4.067704
-0.343621	-4.840847
-0.127256	-5.286176
0.025411	-5.357579
0.193139	-5.191053
0.432997	-4.559612
0.564725	-3.991592
0.389371	-4.586007
0.167383	-5.162201
0.010103	-5.309173
-0.141205	-5.203070
-0.352934	-4.702239
-0.554518	-4.014921
-0.470040	-4.425721
-0.225182	-5.130814
-0.047984	-5.349845
0.101404	-5.313466
0.304954	-4.948007
0.536709	-4.158428
0.503309	-4.188313
0.271024	-4.937431
0.083855	-5.271856
-0.060635	-5.289639
-0.236958	-5.020307
-0.471209	-4.301923
-0.556343	-4.064897
-0.345325	-4.835882
-0.128567	-5.284487
0.024450	-5.357799
0.191545	-5.194131
0.431575	-4.564064
0.565157	-3.990269
0.391183	-4.579600
0.168587	-5.160158
0.011076	-5.309063
-0.140074	-5.204702
-0.351370	-4.706975
-0.554163	-4.014955
-0.471511	-4.420395
-0.226613	-5.127991
-0.048926	-5.349446
0.100024	-5.314935
0.303492	-4.951430
0.536003	-4.161087
0.504393	-4.185010
0.272630	-4.933162
0.084880	-5.270948
-0.059640	-5.290281
-0.235512	-5.023630
-0.469581	-4.308009
-0.556761	-4.062954
-0.346961	-4.831388
-0.129869	-5.282860
0.023485	-5.358002
0.190480	-5.195514
0.429765	-4.570414
0.565333	-3.990586
0.392614	-4.575430
0.170311	-5.156711
0.012037	-5.308948
-0.138429	-5.207475
-0.349768	-4.711726
-0.553275	-4.018192
-0.473306	-4.413364
-0.228011	-5.125385
-0.049869	-5.349060
0.099174	-5.315475
0.301568	-4.956693
0.534581	-4.167911
0.505608	-4.181064
0.274267	-4.928872
0.085896	-5.270074
-0.058658	-5.290879
-0.234059	-5.026864
-0.467867	-4.314395
-0.557434	-4.059425
-0.348524	-4.827399
-0.131161	-5.281301
0.021982	-5.358388
0.188907	-5.198318
0.428026	-4.576179
0.565661	-3.989986
0.394584	-4.568503
0.171525	-5.154758
0.013514	-5.308712
-0.137312	-5.208940
-0.347656	-4.718867
-0.552654	-4.019596
-0.474976	-4.407166
-0.229888	-5.121212
-0.051347	-5.348228
0.097793	-5.316832
0.299676	-4.961634
0.533696	-4.171376
0.507377	-4.173863
0.275940	-4.924557
0.087431	-5.268451
-0.057161	-5.291962
-0.232597	-5.030004
-0.466497	-4.318512
-0.558355	-4.054350
-0.350492	-4.821640
-0.132442	-5.279818
0.021010	-5.358554
0.187343	-5.200980
0.425900	-4.583801
0.565746	-3.990935
0.396183	-4.563775
0.172745	-5.152857
0.014448	-5.308586
-0.136202	-5.210323
-0.345977	-4.723628
-0.551892	-4.021712
-0.476513	-4.401842
-0.231727	-5.117272
-0.052291	-5.347868
0.096411	-5.318128
0.297818	-4.966251
0.532518	-4.176451
0.508871	-4.168508
0.277650	-4.920212
0.088431	-5.267645
-0.056207	-5.292469
-0.230625	-5.034907
-0.464607	-4.325496
-0.558706	-4.052745
-0.352860	-4.814128
-0.133710	-5.278419
0.020034	-5.358705
0.185790	-5.203500
0.423846	-4.590812
0.565994	-3.990888
0.398330	-4.556240
0.174487	-5.149530
0.015366	-5.308462
-0.134580	-5.212812
-0.343786	-4.730752
-0.550988	-4.024550
-0.478352	-4.394935
-0.233526	-5.113584
-0.053770	-5.347044
0.095028	-5.319365
0.295992	-4.970545
0.531046	-4.183118
0.510099	-4.164961
0.279401	-4.915830
0.089948	-5.266075
-0.054738	-5.293438
-0.229149	-5.037840
-0.462628	-4.332769
-0.559698	-4.047157
-0.354658	-4.809514
-0.134965	-5.277109
0.018518	-5.359012
0.183726	-5.207393
0.421863	-4.597211
0.566407	-3.989816
0.400572	-4.548363
0.176237	-5.146238
0.016801	-5.308193
-0.132967	-5.215195
-0.342031	-4.735490
-0.549940	-4.028107
-0.480485	-4.386471
-0.235283	-5.110163
-0.054714	-5.346718
0.093643	-5.320544
0.293700	-4.976637
0.529698	-4.188872
0.511898	-4.158053
0.281685	-4.909283
0.090931	-5.265350
-0.053813	-5.293856
-0.227164	-5.042507
-0.460562	-4.340314
-0.560113	-4.045077
-0.357328	-4.800865
-0.136734	-5.274724
0.017534	-5.359131
0.182190	-5.209630
0.419488	-4.605454
0.566589	-3.990206
0.402459	-4.542630
0.177995	-5.142982
0.018221	-5.307908
-0.131364	-5.217475
-0.339767	-4.742560
-0.548747	-4.032375
-0.482470	-4.378969
-0.237508	-5.105181
-0.056192	-5.345913
0.092255	-5.321667
0.291437	-4.982407
0.528054	-4.196215
0.513438	-4.152893
0.283523	-4.904800
0.092432	-5.263844
-0.052375	-5.294719
-0.225175	-5.047047
-0.458411	-4.348112
-0.560759	-4.041521
-0.359423	-4.795162
-0.138487	-5.272418
0.016009	-5.359386
0.180141	-5.213228
0.417179	-4.613105
0.566540	-3.992046
0.404903	-4.534012
0.179763	-5.139762
0.019626	-5.307610
-0.129771	-5.219653
-0.337470	-4.749583
-0.547817	-4.034794
-0.484740	-4.369942
-0.239176	-5.102329
-0.057669	-5.345114
0.090866	-5.322737
0.289201	-4.987871
0.526527	-4.202664
0.515139	-4.146895
0.285898	-4.898114
0.093926	-5.262367
-0.050951	-5.295526
-0.223182	-5.051459
-0.456615	-4.353570
-0.561634	-4.036477
-0.361900	-4.787763
-0.140224	-5.270199
0.014480	-5.359609
0.178619	-5.215209
0.414469	-4.622630
0.566655	-3.992839
0.407450	-4.524993
0.181542	-5.136576
0.021017	-5.307302
-0.128188	-5.221731
-0.335142	-4.756545
-0.546751	-4.037862
-0.486856	-4.361888
-0.241816	-5.096051
-0.059145	-5.344325
0.088941	-5.324545
0.286988	-4.993049
0.525113	-4.208252
0.517000	-4.140047
0.288321	-4.891339
0.095413	-5.260918
-0.049543	-5.296281
-0.221188	-5.055742
-0.454310	-4.361788
-0.562338	-4.032410
-0.364757	-4.778655
-0.141945	-5.268071
0.012947	-5.359804
0.176580	-5.218546
0.412276	-4.629184
0.566930	-3.992605
0.409651	-4.518072
0.183333	-5.133421
0.022394	-5.306987
-0.126617	-5.223715
-0.332789	-4.763434
-0.545556	-4.041533
-0.488819	-4.354793
-0.243899	-5.091920
-0.060619	-5.343545
0.087544	-5.325510
0.284296	-5.000042
0.522959	-4.218024
0.518604	-4.134915
0.290304	-4.886630
0.097420	-5.258627
-0.048150	-5.296986
-0.219195	-5.059897
-0.451937	-4.370159
-0.562877	-4.029274
-0.367037	-4.772524
-0.143647	-5.266038
0.011946	-5.359869
0.174543	-5.221763
0.409204	-4.640124
0.566958	-3.993884
0.412410	-4.508207
0.185138	-5.130292
0.023759	-5.306665
-0.124535	-5.226714
-0.329937	-4.772558
-0.544243	-4.045743
-0.491068	-4.346130
-0.246441	-5.086192
-0.062090	-5.342778
0.085611	-5.327193
0.281618	-5.006787
0.521320	-4.224544
0.520362	-4.128946
0.292825	-4.879656
0.098897	-5.257223
-0.046242	-5.298074
-0.216697	-5.065702
-0.449508	-4.378639
-0.563260	-4.027007
-0.370173	-4.762305
-0.145858	-5.262858
0.009868	-5.360114
0.172507	-5.224875
0.406634	-4.648199
0.567127	-3.994230
0.414821	-4.500430
0.187470	-5.125609
0.025111	-5.306338
-0.122987	-5.228512
-0.327547	-4.779251
-0.542824	-4.050418
-0.493605	-4.335853
-0.248933	-5.080733
-0.064094	-5.341451
0.084205	-5.328073
0.278950	-5.013319
0.519337	-4.232893
0.522265	-4.122166
0.295396	-4.872561
0.100895	-5.254944
-0.044876	-5.298682
-0.214711	-5.069599
-0.446592	-4.389737
-0.563900	-4.023033
-0.372736	-4.755030
-0.148049	-5.259744
0.008323	-5.360233
0.169945	-5.229317
0.403627	-4.658339
0.567023	-3.996216
0.417334	-4.492221
0.189816	-5.120910
0.026983	-5.305765
-0.120928	-5.231310
-0.324668	-4.788136
-0.541314	-4.055468
-0.496003	-4.326398
-0.251377	-5.075535
-0.065559	-5.340698
0.082262	-5.329653
0.276287	-5.019680
0.517418	-4.240666
0.524304	-4.114615
0.298016	-4.865332
0.102366	-5.253575
-0.042993	-5.299651
-0.212223	-5.075129
-0.444080	-4.398279
-0.564411	-4.019747
-0.375681	-4.745946
-0.149696	-5.257973
0.006775	-5.360330
0.167903	-5.232254
0.400637	-4.668190
0.567028	-3.997436
0.420390	-4.481052
0.191665	-5.117792
0.028316	-5.305419
-0.119403	-5.232950
-0.322265	-4.794584
-0.539731	-4.060793
-0.498273	-4.317687
-0.253774	-5.070586
-0.067555	-5.339356
0.080313	-5.331181
0.273621	-5.025912
0.515120	-4.250475
0.526053	-4.108910
0.300683	-4.857961
0.104362	-5.251293
-0.041651	-5.300180
-0.209744	-5.080524
-0.441548	-4.406770
-0.565211	-4.014536
-0.378539	-4.737365
-0.151850	-5.255003
0.005224	-5.360406
0.165854	-5.235138
0.397651	-4.677837
0.566724	-4.000500
0.423085	-4.471996
0.194042	-5.113049
0.030173	-5.304797
-0.117366	-5.235580
-0.319385	-4.803183
-0.538096	-4.066283
-0.500858	-4.307122
-0.256632	-5.063924
-0.069013	-5.338616
0.078891	-5.331967
0.270948	-5.032061
0.512848	-4.259944
0.527909	-4.102561
0.303394	-4.850437
0.106359	-5.248993
-0.039788	-5.301051
-0.207274	-5.085793
-0.438567	-4.417706
-0.565517	-4.012256
-0.381790	-4.726848
-0.153986	-5.252088
0.003671	-5.360462
0.163273	-5.239355
0.394657	-4.687372
0.566487	-4.003036
0.425859	-4.462543
0.196436	-5.108258
0.032024	-5.304141
-0.115338	-5.238132
-0.316516	-4.811621
-0.536428	-4.071822
-0.502912	-4.299593
-0.259449	-5.057440
-0.070999	-5.337255
0.076930	-5.333426
0.268261	-5.038175
0.510582	-4.269207
0.529854	-4.095651
0.306631	-4.840522
0.108358	-5.246667
-0.037932	-5.301872
-0.204816	-5.090946
-0.436035	-4.425922
-0.566156	-4.007774
-0.384967	-4.716698
-0.156628	-5.247897
0.001581	-5.360514
0.161204	-5.242171
0.391641	-4.696889
0.566293	-4.005185
0.428701	-4.452723
0.198845	-5.103407
0.033343	-5.303756
-0.113319	-5.240617
-0.313663	-4.819892
-0.534753	-4.077287
-0.505313	-4.289973
-0.262227	-5.051104
-0.072980	-5.335873
0.074963	-5.334850
0.265554	-5.044299
0.508300	-4.278406
0.531867	-4.088281
0.309419	-4.832661
0.110361	-5.244307
-0.036611	-5.302312
-0.202881	-5.094314
-0.433084	-4.436467
-0.566350	-4.005927
-0.388082	-4.706838
-0.158730	-5.245047
0.000025	-5.360520
0.159123	-5.244985
0.388592	-4.706483
0.566118	-4.007098
0.431600	-4.442569
0.201270	-5.098484
0.035191	-5.303045
-0.111308	-5.243045
-0.310833	-4.827994
-0.532684	-4.085112
-0.508077	-4.278127
-0.264971	-5.044881
-0.074955	-5.334465
0.072990	-5.336243
0.262820	-5.050478
0.505983	-4.287683
0.533517	-4.083110
0.312239	-4.824631
0.111846	-5.242902
-0.034762	-5.303062
-0.200451	-5.099290
-0.430169	-4.446739
-0.566525	-4.004060
-0.391146	-4.697182
-0.160816	-5.242219
-0.001531	-5.360508
0.156503	-5.249136
0.385496	-4.716248
0.565934	-4.008934
0.434540	-4.432123
0.203710	-5.093475
0.037041	-5.302294
-0.109303	-5.245426
-0.308033	-4.835926
-0.531061	-4.090073
-0.510368	-4.268916
-0.267687	-5.038730
-0.076391	-5.333713
0.071011	-5.337610
0.260055	-5.056755
0.503608	-4.297184
0.535190	-4.077701
0.315085	-4.816432
0.113862	-5.240464
-0.032914	-5.303774
-0.198037	-5.104189
-0.427305	-4.456692
-0.567109	-3.999521
-0.394172	-4.687639
-0.163412	-5.238024
-0.003622	-5.360446
0.154391	-5.251980
0.382342	-4.726271
0.565314	-4.013345
0.437065	-4.423986
0.206163	-5.088368
0.038895	-5.301497
-0.107302	-5.247770
-0.305268	-4.843690
-0.529089	-4.097166
-0.512636	-4.259694
-0.270380	-5.032608
-0.078354	-5.332261
0.069561	-5.338338
0.257253	-5.063168
0.501156	-4.307044
0.536864	-4.072173
0.317950	-4.808064
0.115887	-5.237962
-0.031064	-5.304450
-0.195638	-5.109024
-0.424505	-4.466289
-0.566927	-3.999643
-0.397171	-4.678115
-0.165473	-5.235176
-0.005175	-5.360384
0.152262	-5.254865
0.379592	-4.734255
0.565036	-4.015497
0.440046	-4.413110
0.208629	-5.083150
0.040225	-5.301022
-0.105305	-5.250085
-0.302542	-4.851293
-0.527198	-4.103735
-0.514902	-4.250319
-0.273057	-5.026467
-0.080311	-5.330771
0.067571	-5.339680
0.254410	-5.069747
0.498610	-4.317395
0.538515	-4.066648
0.320347	-4.801819
0.117921	-5.235386
-0.029740	-5.304819
-0.193255	-5.113806
-0.421780	-4.475499
-0.567203	-3.996793
-0.400157	-4.668514
-0.167525	-5.232299
-0.006727	-5.360303
0.150114	-5.257802
0.376291	-4.745033
0.564272	-4.020527
0.442584	-4.404655
0.210597	-5.079542
0.042094	-5.300141
-0.103834	-5.251451
-0.299859	-4.858739
-0.525407	-4.109689
-0.516762	-4.243154
-0.276226	-5.018224
-0.082262	-5.329237
0.065577	-5.341002
0.251523	-5.076519
0.496384	-4.325851
0.540121	-4.061245
0.323230	-4.793142
0.119965	-5.232727
-0.027879	-5.305446
-0.190888	-5.118550
-0.419140	-4.484300
-0.567161	-3.995832
-0.403143	-4.658743
-0.170092	-5.227955
-0.008276	-5.360201
0.147949	-5.260797
0.373378	-4.753916
0.563806	-4.023586
0.445546	-4.393570
0.213082	-5.074087
0.043973	-5.299202
-0.101838	-5.253749
-0.297222	-4.866039
-0.523321	-4.117513
-0.519085	-4.233068
-0.278889	-5.011895
-0.084207	-5.327652
0.064112	-5.341740
0.249096	-5.081604
0.494035	-4.335016
0.541661	-4.056077
0.326112	-4.784318
0.121497	-5.231051
-0.026541	-5.305797
-0.188537	-5.123264
-0.416143	-4.495204
-0.567222	-3.994145
-0.406141	-4.648714
-0.172132	-5.224951
-0.009823	-5.360078
0.145764	-5.263854
0.370374	-4.763331
0.563216	-4.027289
0.448038	-4.385025
0.215574	-5.068492
0.045334	-5.298617
-0.099841	-5.256039
-0.294634	-4.873203
-0.521779	-4.122025
-0.521041	-4.224948
-0.281553	-5.005409
-0.085614	-5.326776
0.062110	-5.343046
0.246621	-5.086945
0.491550	-4.344976
0.543117	-4.051248
0.328507	-4.777674
0.123564	-5.228213
-0.024662	-5.306376
-0.186713	-5.126387
-0.413694	-4.503147
-0.567403	-3.991631
-0.408698	-4.640779
-0.174168	-5.221864
-0.011901	-5.359823
0.144086	-5.265754
0.367750	-4.770964
0.562486	-4.031743
0.450488	-4.376519
0.217564	-5.064528
0.046707	-5.297992
-0.098366	-5.257441
-0.292095	-4.880240
-0.519967	-4.128300
-0.523071	-4.216190
-0.283725	-5.000799
-0.087549	-5.325092
0.060639	-5.343797
0.244097	-5.092551
0.489356	-4.353301
0.544472	-4.046852
0.331367	-4.768601
0.125119	-5.226371
-0.023303	-5.306708
-0.184391	-5.131088
-0.410897	-4.513177
-0.567321	-3.990709
-0.411291	-4.632440
-0.176205	-5.218677
-0.013440	-5.359637
0.142390	-5.267748
0.365029	-4.779203
0.562007	-4.034545
0.452884	-4.368104
0.219558	-5.060440
0.048625	-5.296884
-0.096887	-5.258870
-0.289606	-4.887164
-0.517891	-4.136311
-0.524765	-4.209208
-0.286411	-4.993892
-0.088947	-5.324133
0.059166	-5.344560
0.242032	-5.096561
0.487012	-4.362540
0.545713	-4.042969
0.333730	-4.761752
0.127209	-5.223324
-0.021930	-5.307035
-0.182595	-5.134241
-0.408657	-4.520258
-0.567386	-3.988816
-0.413927	-4.623635
-0.178242	-5.215376
-0.014439	-5.359560
0.140150	-5.271037
0.362208	-4.788064
0.561365	-4.038256
0.455216	-4.359825
0.222058	-5.054425
0.050027	-5.296158
-0.094876	-5.261187
-0.287166	-4.893983
-0.516386	-4.140911
-0.526560	-4.201434
-0.288615	-4.988810
-0.090873	-5.322328
0.057691	-5.345334
0.239919	-5.100863
0.484953	-4.370231
0.546829	-4.039666
0.336068	-4.754824
0.128787	-5.221290
-0.020545	-5.307355
-0.180812	-5.137424
-0.406070	-4.529435
-0.567210	-3.988410
-0.416616	-4.614311
-0.180284	-5.211947
-0.015969	-5.359333
0.138419	-5.273204
0.359766	-4.795218
0.560553	-4.042930
0.457477	-4.351725
0.224052	-5.050070
0.051445	-5.295380
-0.093385	-5.262663
-0.284773	-4.900710
-0.514626	-4.147226
-0.528043	-4.195312
-0.291340	-4.981349
-0.092264	-5.321266
0.056214	-5.346116
0.237758	-5.105452
0.482739	-4.378892
0.548215	-4.034460
0.338378	-4.747831
0.130376	-5.219159
-0.019145	-5.307667
-0.179040	-5.140640
-0.404042	-4.535696
-0.566799	-3.989466
-0.418901	-4.606874
-0.181809	-5.209881
-0.017496	-5.359075
0.136671	-5.275458
0.357707	-4.800678
0.559973	-4.046106
0.459659	-4.343839
0.226043	-5.045588
0.052878	-5.294548
-0.091887	-5.264168
-0.282919	-4.905223
-0.513026	-4.152698
-0.529642	-4.188307
-0.293592	-4.975682
-0.093652	-5.320153
0.054736	-5.346905
0.235551	-5.110317
0.480811	-4.386029
0.549058	-4.032466
0.340656	-4.740786
0.131976	-5.216928
-0.017730	-5.307967
-0.177278	-5.143892
-0.401663	-4.544078
-0.566554	-3.989471
-0.421250	-4.598854
-0.183862	-5.206178
-0.018481	-5.358956
0.135435	-5.276636
0.355072	-4.809090
0.559218	-4.050297
0.461324	-4.338765
0.227526	-5.042814
0.053796	-5.294151
-0.090907	-5.264882
-0.280618	-4.911805
-0.511169	-4.159910
-0.530943	-4.182896
-0.295375	-4.971820
-0.095038	-5.318984
0.053258	-5.347698
0.233809	-5.113628
0.478732	-4.394134
0.550161	-4.028639
0.342898	-4.733700
0.133586	-5.214594
-0.016301	-5.308254
-0.175525	-5.147180
-0.399385	-4.552090
-0.566477	-3.988427
-0.423666	-4.590229
-0.185403	-5.203845
-0.019999	-5.358647
0.133657	-5.279061
0.352825	-4.815788
0.558695	-4.053012
0.463336	-4.331389
0.229508	-5.038091
0.055260	-5.293216
-0.089393	-5.266455
-0.278853	-4.916210
-0.509885	-4.163750
-0.532367	-4.176571
-0.297686	-4.965516
-0.096421	-5.317758
0.052314	-5.348029
0.231513	-5.119020
0.476946	-4.400691
0.551119	-4.025529
0.344630	-4.728954
0.134684	-5.213340
-0.015388	-5.308384
-0.174296	-5.149019
-0.397659	-4.557256
-0.566167	-3.988855
-0.425692	-4.583445
-0.186952	-5.201374
-0.020976	-5.358496
0.132394	-5.280420
0.350971	-4.820767
0.558001	-4.056736
0.465261	-4.324296
0.231483	-5.033244
0.056209	-5.292733
-0.088397	-5.267252
-0.277128	-4.920576
-0.508335	-4.169385
-0.533499	-4.171835
-0.299531	-4.961012
-0.097804	-5.316472
0.050835	-5.348836
0.230201	-5.121050
0.475019	-4.408171
0.551934	-4.023142
0.346797	-4.721827
0.136311	-5.210812
-0.014460	-5.308517
-0.172559	-5.152393
-0.395570	-4.564597
-0.566021	-3.988275
-0.427790	-4.576048
-0.189031	-5.197214
-0.022485	-5.358130
0.131118	-5.281863
0.349033	-4.826316
0.557546	-4.058955
0.467096	-4.317498
0.232948	-5.030149
0.057701	-5.291687
-0.086865	-5.268881
-0.275442	-4.924911
-0.506931	-4.174282
-0.534754	-4.166203
-0.301410	-4.956184
-0.099185	-5.315125
0.049891	-5.349197
0.228338	-5.125129
0.473398	-4.414045
0.552608	-4.021471
0.348453	-4.717070
0.137426	-5.209385
-0.012988	-5.308776
-0.171343	-5.154335
-0.394026	-4.569143
-0.565636	-3.989229
-0.429502	-4.570505
-0.190081	-5.196007
-0.023455	-5.357943
0.129830	-5.283384
0.347015	-4.832406
0.556932	-4.062134
0.468412	-4.313570
0.234405	-5.026958
0.058678	-5.291114
-0.085852	-5.269751
-0.273792	-4.929219
-0.505249	-4.181050
-0.535714	-4.162196
-0.303321	-4.951033
-0.100035	-5.314599
0.048948	-5.349573
0.226952	-5.127648
0.471649	-4.420768
0.553546	-4.017974
0.350070	-4.712321
0.139069	-5.206664
-0.012032	-5.308902
-0.169617	-5.157784
-0.392109	-4.575903
-0.565403	-3.989250
-0.431285	-4.564371
-0.191661	-5.193109
-0.024421	-5.357740
0.128531	-5.284976
0.345405	-4.836710
0.556163	-4.066235
0.470072	-4.307372
0.235854	-5.023677
0.059668	-5.290497
-0.084831	-5.270656
-0.272175	-4.933504
-0.504117	-4.184589
-0.536793	-4.157347
-0.304770	-4.947720
-0.101415	-5.313140
0.048005	-5.349963
0.225019	-5.132160
0.470220	-4.425803
0.553950	-4.017689
0.352119	-4.705196
0.140198	-5.205070
-0.011063	-5.309024
-0.168411	-5.159819
-0.390269	-4.582404
-0.565317	-3.988384
-0.433137	-4.557662
-0.193251	-5.190067
-0.025383	-5.357522
0.127223	-5.286631
0.343726	-4.841496
0.555656	-4.068723
0.471649	-4.301472
0.237295	-5.020309
0.060671	-5.289840
-0.083801	-5.271593
-0.270589	-4.937772
-0.502692	-4.190082
-0.537984	-4.151692
-0.306747	-4.941944
-0.102264	-5.312521
0.047064	-5.350363
0.224082	-5.133333
0.468678	-4.431598
0.554629	-4.015533
0.353659	-4.700474
0.141333	-5.203399
-0.010082	-5.309141
-0.167210	-5.161900
-0.388959	-4.586186
-0.564971	-3.989189
-0.434600	-4.552868
-0.194333	-5.188473
-0.026342	-5.357287
0.125905	-5.288342
0.341981	-4.846731
0.555011	-4.072045
0.473145	-4.295863
0.238727	-5.016861
0.061685	-5.289140
-0.082763	-5.272558
-0.269032	-4.942023
-0.501382	-4.195000
-0.538869	-4.147770
-0.308260	-4.938037
-0.103645	-5.310950
0.046122	-5.350773
0.222604	-5.136464
0.467029	-4.438103
0.555187	-4.014005
0.355163	-4.695772
0.142473	-5.201655
-0.009620	-5.309164
-0.166012	-5.164022
-0.387259	-4.592235
-0.564756	-3.989210
-0.436127	-4.547551
-0.195426	-5.186759
-0.027298	-5.357034
0.125109	-5.289025
0.340175	-4.852378
0.554236	-4.076150
0.474135	-4.293107
0.240150	-5.013335
0.062710	-5.288398
-0.081718	-5.273547
-0.267995	-4.944201
-0.500601	-4.196815
-0.539857	-4.143127
-0.309803	-4.933852
-0.104494	-5.310239
0.045182	-5.351189
0.221099	-5.139763
0.465725	-4.442779
0.555631	-4.013068
0.356633	-4.691094
0.143098	-5.201091
-0.008616	-5.309276
-0.165334	-5.164762
-0.386080	-4.595610
-0.564264	-3.991009
-0.437715	-4.541740
-0.197047	-5.183329
-0.028251	-5.356765
0.124304	-5.289766
0.338798	-4.856131
0.553750	-4.078494
0.475482	-4.288046
0.241063	-5.011653
0.063216	-5.288193
-0.081193	-5.273822
-0.266488	-4.948435
-0.499502	-4.200712
-0.540526	-4.140307
-0.310881	-4.931586
-0.105344	-5.309488
0.044243	-5.351610
0.220084	-5.141473
0.464331	-4.448066
0.556372	-4.010161
0.358069	-4.686440
0.144249	-5.199218
-0.007602	-5.309378
-0.164142	-5.166964
-0.384499	-4.601284
-0.564284	-3.989619
-0.438906	-4.537936
-0.198159	-5.181384
-0.028666	-5.356742
0.122965	-5.291626
0.337371	-4.860238
0.553152	-4.081516
0.476760	-4.283238
0.242470	-5.007996
0.064260	-5.287382
-0.080134	-5.274860
-0.265497	-4.950610
-0.498074	-4.206733
-0.541285	-4.136863
-0.312479	-4.926894
-0.106195	-5.308698
0.043304	-5.352033
0.219048	-5.143332
0.463298	-4.451426
0.556613	-4.010296
0.359005	-4.684220
0.145402	-5.197281
-0.007109	-5.309405
-0.162952	-5.169196
-0.383430	-4.604325
-0.564009	-3.990119
-0.440151	-4.533704
-0.198762	-5.180952
-0.029615	-5.356446
0.122148	-5.292461
0.336383	-4.862400
0.552453	-4.085161
0.477976	-4.278667
0.243368	-5.006204
0.064784	-5.287122
-0.079596	-5.275189
-0.264030	-4.954829
-0.497151	-4.209773
-0.542126	-4.132844
-0.313609	-4.924162
-0.107046	-5.307871
0.042366	-5.352457
0.217992	-5.145325
0.462190	-4.455299
0.557165	-4.008380
0.360382	-4.679616
0.146040	-5.196557
-0.006607	-5.309433
-0.162280	-5.170056
-0.381947	-4.609691
-0.563830	-3.990051
-0.441444	-4.529080
-0.199892	-5.178814
-0.030561	-5.356133
0.121326	-5.293338
0.334868	-4.867120
0.552069	-4.086882
0.478707	-4.276886
0.244760	-5.002431
0.065844	-5.286244
-0.078525	-5.276260
-0.263077	-4.957004
-0.496305	-4.212444
-0.542630	-4.130797
-0.314763	-4.921225
-0.107898	-5.307009
0.041964	-5.352508
0.216918	-5.147438
0.461013	-4.459636
0.557635	-4.006897
0.361732	-4.675034
0.147201	-5.194511
-0.005567	-5.309518
-0.161611	-5.170950
-0.380968	-4.612462
-0.563339	-3.991981
-0.442781	-4.524098
-0.201029	-5.176587
-0.030969	-5.356088
0.120500	-5.294250
0.333800	-4.869840
0.551601	-4.089116
0.479813	-4.272730
0.245645	-5.000546
0.066382	-5.285935
-0.077977	-5.276631
-0.262139	-4.959179
-0.495107	-4.217356
-0.543201	-4.128278
-0.315937	-4.918101
-0.108750	-5.306114
0.041027	-5.352938
0.215828	-5.149656
0.459773	-4.464390
0.558032	-4.005805
0.362592	-4.672890
0.147845	-5.193700
-0.005051	-5.309543
-0.160426	-5.173262
-0.379566	-4.617580
-0.562925	-3.993450
-0.443706	-4.521269
-0.202173	-5.174276
-0.031912	-5.355750
0.119669	-5.295193
0.332699	-4.872795
0.551059	-4.091811
0.480873	-4.268750
0.246524	-4.998622
0.066927	-5.285606
-0.077424	-5.277020
-0.261216	-4.961356
-0.494392	-4.219399
-0.543833	-4.125337
-0.317129	-4.914810
-0.109603	-5.305188
0.040626	-5.353004
0.214724	-5.151964
0.458479	-4.469513
0.558363	-4.005059
0.363897	-4.668347
0.148491	-5.192852
-0.004528	-5.309567
-0.159759	-5.174208
-0.378659	-4.620135
-0.562979	-3.991998
-0.444666	-4.518156
-0.202805	-5.173532
-0.032317	-5.355691
0.118834	-5.296162
0.331568	-4.875957
0.550449	-4.094912
0.481891	-4.264927
0.247398	-4.996663
0.068005	-5.284644
-0.076339	-5.278123
-0.260305	-4.963532
-0.493309	-4.223754
-0.544518	-4.122026
-0.318337	-4.911370
-0.110456	-5.304235
0.039691	-5.353434
0.213608	-5.154349
0.457583	-4.472475
0.558636	-4.004615
0.364718	-4.666241
0.149140	-5.191973
-0.003999	-5.309590
-0.159093	-5.175177
-0.377782	-4.622602
-0.562694	-3.992701
-0.446108	-4.512320
-0.203960	-5.171087
-0.033257	-5.355329
0.117996	-5.297151
0.330411	-4.879297
0.550192	-4.095872
0.482874	-4.261237
0.248768	-4.992716
0.068560	-5.284276
-0.075778	-5.278536
-0.258908	-4.967724
-0.492695	-4.225308
-0.544837	-4.120891
-0.319558	-4.907802
-0.110779	-5.304228
0.039291	-5.353510
0.212996	-5.155103
0.456645	-4.475718
0.558861	-4.004431
0.365990	-4.661722
0.150310	-5.189763
-0.003467	-5.309611
-0.157911	-5.177532
-0.376468	-4.627446
-0.562460	-3.993097
-0.447124	-4.508751
-0.204602	-5.170235
-0.033660	-5.355260
0.117684	-5.297139
0.329231	-4.882788
0.549475	-4.099627
0.483827	-4.257657
0.249634	-4.990692
0.069119	-5.283893
-0.075214	-5.278959
-0.258017	-4.969892
-0.491699	-4.229241
-0.545606	-4.116990
-0.320299	-4.906340
-0.111632	-5.303234
0.038892	-5.353590
0.211859	-5.157613
0.455672	-4.479198
0.559445	-4.001939
0.366783	-4.659636
0.150963	-5.188826
-0.002399	-5.309658
-0.157248	-5.178528
-0.375638	-4.629766
-0.562270	-3.993234
-0.448160	-4.505010
-0.205764	-5.167688
-0.034062	-5.355187
0.116841	-5.298165
0.328032	-4.886404
0.549126	-4.101137
0.484331	-4.256739
0.250498	-4.988643
0.069681	-5.283497
-0.074648	-5.279389
-0.257134	-4.972057
-0.491160	-4.230436
-0.545994	-4.115365
-0.321540	-4.902579
-0.112485	-5.302220
0.037957	-5.354017
0.211230	-5.158479
0.454669	-4.482873
0.559595	-4.002140
0.368032	-4.655123
0.151618	-5.187867
-0.001859	-5.309670
-0.156585	-5.179534
-0.374827	-4.632029
-0.561714	-3.995677
-0.448762	-4.503613
-0.206412	-5.166763
-0.034998	-5.354796
0.115995	-5.299200
0.327305	-4.887885
0.548745	-4.102846
0.485242	-4.253309
0.251360	-4.986571
0.070246	-5.283090
-0.074081	-5.279825
-0.256258	-4.974216
-0.490224	-4.234071
-0.546405	-4.113571
-0.322295	-4.900973
-0.112808	-5.302178
0.037558	-5.354100
0.210594	-5.159385
0.453641	-4.486702
0.560121	-3.999947
0.368809	-4.653038
0.152273	-5.186892
-0.001316	-5.309679
-0.155924	-5.180547
-0.373566	-4.636693
-0.561585	-3.995440
-0.449824	-4.499641
-0.207060	-5.165816
-0.035399	-5.354716
0.115677	-5.299236
0.326077	-4.891681
0.548338	-4.104702
0.486141	-4.249918
0.252222	-4.984480
0.070813	-5.282674
-0.073512	-5.280263
-0.255387	-4.976368
-0.489309	-4.237600
-0.546832	-4.111656
-0.323544	-4.897103
-0.113660	-5.301141
0.036624	-5.354515
0.209437	-5.162001
0.452595	-4.490644
0.560229	-4.000357
0.370048	-4.648508
0.152930	-5.185902
-0.000772	-5.309686
-0.155263	-5.181563
-0.372780	-4.638868
-0.561474	-3.995087
-0.450892	-4.495609
-0.208226	-5.163185
-0.035799	-5.354633
0.114828	-5.300283
0.325328	-4.893300
0.547913	-4.106656
0.487033	-4.246540
0.253084	-4.982372
0.071382	-5.282250
-0.072942	-5.280702
-0.254520	-4.978510
-0.488408	-4.241053
-0.547679	-4.107175
-0.324303	-4.895437
-0.114512	-5.300093
0.036225	-5.354599
0.208793	-5.162954
0.451985	-4.492177
0.560329	-4.000804
0.370822	-4.646400
0.153589	-5.184902
-0.000227	-5.309689
-0.154603	-5.182577
-0.371537	-4.643454
-0.560974	-3.997180
-0.451959	-4.491556
-0.208873	-5.162219
-0.036733	-5.354219
0.113977	-5.301327
0.324083	-4.897181
0.547479	-4.108658
0.487924	-4.243150
0.253947	-4.980248
0.071951	-5.281822
-0.072373	-5.281138
-0.253656	-4.980640
-0.487515	-4.244456
-0.548115	-4.105168
-0.325550	-4.891543
-0.114833	-5.300042
0.035825	-5.354683
0.208146	-5.163917
0.450919	-4.496226
0.560827	-3.998725
0.371599	-4.644270
0.154248	-5.183896
0.000318	-5.309689
-0.153945	-5.183586
-0.370763	-4.645571
-0.560876	-3.996730
-0.452572	-4.490004
-0.209519	-5.161259
-0.037133	-5.354133
0.113656	-5.301378
0.323324	-4.898847
0.546631	-4.113154
0.488397	-4.242295
0.254813	-4.978113
0.072521	-5.281391
-0.071804	-5.281571
-0.252794	-4.982757
-0.487049	-4.245261
-0.548544	-4.103188
-0.326301	-4.889905
-0.115682	-5.298990
0.034890	-5.355080
0.206981	-5.166546
0.449851	-4.500270
0.560932	-3.999113
0.372845	-4.639669
0.154908	-5.182887
0.000863	-5.309686
-0.153287	-5.184587
-0.369990	-4.647672
-0.560373	-3.998818
-0.453624	-4.486026
-0.210677	-5.158628
-0.037532	-5.354048
0.112804	-5.302415
0.322075	-4.902722
0.546199	-4.115105
0.489306	-4.238801
0.255682	-4.975967
0.073090	-5.280959
-0.071236	-5.281997
-0.251932	-4.984858
-0.486154	-4.248644
-0.548959	-4.101285
-0.327534	-4.886077
-0.116531	-5.297937
0.034490	-5.355159
0.206332	-5.167497
0.448785	-4.504271
0.561453	-3.996886
0.373638	-4.637474
0.156088	-5.180533
0.001406	-5.309680
-0.152631	-5.185576
-0.368750	-4.652199
-0.560255	-3.998451
-0.454659	-4.482144
-0.211315	-5.157706
-0.038466	-5.353618
0.111951	-5.303438
0.321317	-4.904346
0.545780	-4.116956
0.490233	-4.235214
0.256556	-4.973813
0.073658	-5.280529
-0.070670	-5.282415
-0.251071	-4.986940
-0.485249	-4.252055
-0.549352	-4.099508
-0.328266	-4.884557
-0.116847	-5.297908
0.034089	-5.355236
0.205167	-5.170083
0.447728	-4.508191
0.561596	-3.997033
0.374907	-4.632785
0.156750	-5.179526
0.001947	-5.309671
-0.151457	-5.187868
-0.367969	-4.654283
-0.559716	-4.000712
-0.455673	-4.478399
-0.212463	-5.155123
-0.038865	-5.353533
0.111628	-5.303476
0.320074	-4.908130
0.545381	-4.118657
0.491183	-4.231504
0.257436	-4.971652
0.074225	-5.280103
-0.069579	-5.283460
-0.250208	-4.989001
-0.484329	-4.255518
-0.549715	-4.097909
-0.329472	-4.880889
-0.117692	-5.296873
0.033152	-5.355609
0.204520	-5.170986
0.447135	-4.509514
0.561771	-3.996989
0.375728	-4.630491
0.157413	-5.178526
0.002485	-5.309660
-0.150804	-5.188816
-0.366715	-4.658800
-0.559547	-4.000605
-0.456660	-4.474832
-0.213087	-5.154283
-0.039264	-5.353451
0.110775	-5.304473
0.319328	-4.909626
0.544598	-4.122656
0.491742	-4.230217
0.258323	-4.969487
0.075318	-5.279004
-0.069018	-5.283851
-0.249343	-4.991038
-0.483387	-4.259059
-0.550450	-4.094044
-0.330172	-4.879584
-0.118534	-5.295848
0.032750	-5.355677
0.203877	-5.171854
0.446109	-4.513159
0.561986	-3.996706
0.376571	-4.628134
0.158077	-5.177540
0.003020	-5.309645
-0.150152	-5.189741
-0.365916	-4.660891
-0.559341	-4.000695
-0.457613	-4.471484
-0.214218	-5.151792
-0.040199	-5.353013
0.109921	-5.305448
0.318102	-4.913235
0.544263	-4.123910
0.492761	-4.226175
0.259220	-4.967319
0.075880	-5.278588
-0.068462	-5.284227
-0.248474	-4.993047
-0.482843	-4.260126
-0.550729	-4.092952
-0.331339	-4.876176
-0.119373	-5.294838
0.032346	-5.355742
0.202720	-5.174315
0.444656	-4.519085
0.562249	-3.996136
0.377899	-4.623249
0.158743	-5.176569
0.003550	-5.309629
-0.149503	-5.190639
-0.364636	-4.665420
-0.559089	-4.001024
-0.458527	-4.468399
-0.214824	-5.151077
-0.040599	-5.352939
0.109599	-5.305446
0.316887	-4.916724
0.543557	-4.127361
0.493401	-4.224491
0.260126	-4.965149
0.076439	-5.278184
-0.067910	-5.284587
-0.247602	-4.995026
-0.481841	-4.263891
-0.551363	-4.089698
-0.332481	-4.872935
-0.120209	-5.293848
0.031406	-5.356087
0.202085	-5.175082
0.443682	-4.522304
0.562568	-3.995230
0.378793	-4.620733
0.159409	-5.175619
0.004076	-5.309611
-0.148855	-5.191506
-0.363805	-4.667537
-0.558383	-4.004160
-0.459841	-4.463134
-0.215933	-5.148727
-0.041535	-5.352497
0.108746	-5.306378
0.316180	-4.917876
0.542902	-4.130463
0.494515	-4.219988
0.261044	-4.962978
0.076994	-5.277793
-0.067363	-5.284930
-0.246725	-4.996971
-0.480799	-4.267803
-0.551934	-4.086827
-0.333595	-4.869888
-0.120512	-5.293932
0.030999	-5.356140
0.200938	-5.177416
0.442742	-4.525255
0.562952	-3.993936
0.380182	-4.615662
0.160594	-5.173313
0.005126	-5.309550
-0.147691	-5.193629
-0.362488	-4.672095
-0.558015	-4.005102
-0.460658	-4.460707
-0.217029	-5.146462
-0.041936	-5.352434
0.107894	-5.307280
0.314998	-4.921069
0.542304	-4.133164
0.495266	-4.217777
0.261976	-4.960808
0.077544	-5.277419
-0.066293	-5.285861
