-0.160176	0.736310
-0.933301	-0.617829
-0.077775	0.877124
-1.060790	-0.543174
-0.135457	0.955262
-0.990855	-0.479845
-0.230647	0.863771
-0.840057	-0.406469
-0.235057	0.691944
-0.807115	-0.511042
-0.158913	0.737936
-0.935453	-0.617303
-0.077644	0.878860
-1.061053	-0.542137
-0.137004	0.955289
-0.988710	-0.478919
-0.231188	0.861410
-0.838864	-0.406763
-0.234444	0.691552
-0.808006	-0.513373
-0.157717	0.740100
-0.937486	-0.617002
-0.077554	0.880162
-1.061259	-0.541251
-0.138470	0.954864
-0.986671	-0.478444
-0.231683	0.859097
-0.837759	-0.406932
-0.233851	0.690706
-0.808879	-0.515749
-0.156586	0.741811
-0.939403	-0.616592
-0.077499	0.881499
-1.061414	-0.540231
-0.139857	0.954908
-0.984733	-0.477786
-0.232136	0.857296
-0.836733	-0.406985
-0.233278	0.690390
-0.809731	-0.517783
-0.155518	0.743556
-0.941212	-0.616386
-0.077474	0.882868
-1.061527	-0.539327
-0.141169	0.954496
-0.982895	-0.476947
-0.232550	0.855063
-0.835782	-0.407322
-0.232726	0.689612
-0.810560	-0.519476
-0.154510	0.745331
-0.942916	-0.616051
-0.077473	0.883785
-1.061605	-0.538523
-0.142408	0.954549
-0.981153	-0.476254
-0.232931	0.853334
-0.834898	-0.407559
-0.232196	0.689356
-0.811362	-0.521611
-0.153557	0.746638
-0.944523	-0.615578
-0.077493	0.885201
-1.061652	-0.537805
-0.143577	0.954143
-0.979502	-0.475714
-0.233280	0.851636
-0.834076	-0.407703
-0.231687	0.688630
-0.812138	-0.523018
-0.152657	0.747968
-0.946038	-0.615276
-0.077529	0.886157
-1.061675	-0.537160
-0.144682	0.953738
-0.977939	-0.475013
-0.233602	0.849963
-0.833310	-0.407762
-0.231199	0.688421
-0.812887	-0.524865
-0.151807	0.749809
-0.947466	-0.614815
-0.077579	0.887128
-1.061677	-0.536311
-0.145725	0.953795
-0.976458	-0.474481
-0.233899	0.848313
-0.832597	-0.408135
-0.230733	0.688231
-0.813607	-0.526373
-0.151003	0.750680
-0.948815	-0.614502
-0.077638	0.888109
-1.061663	-0.535782
-0.146711	0.953390
-0.975057	-0.474128
-0.234173	0.846684
-0.831930	-0.408437
-0.230287	0.688057
-0.814299	-0.527931
-0.150242	0.752057
-0.950088	-0.614327
-0.077705	0.889098
-1.061636	-0.535297
-0.147642	0.952984
-0.973729	-0.473636
-0.234428	0.845544
-0.831306	-0.408672
-0.229860	0.687402
-0.814963	-0.529148
-0.149522	0.753445
-0.951292	-0.613963
-0.077778	0.889618
-1.061599	-0.534581
-0.148523	0.953038
-0.972470	-0.473014
-0.234665	0.843947
-0.830720	-0.408846
-0.229453	0.687255
-0.815600	-0.530412
-0.148839	0.754350
-0.952431	-0.613402
-0.077854	0.890617
-1.061554	-0.534162
-0.149357	0.952628
-0.971276	-0.472597
-0.234887	0.842836
-0.830169	-0.408966
-0.229064	0.687118
-0.816211	-0.531720
-0.148191	0.755754
-0.953512	-0.613265
-0.077932	0.891144
-1.061504	-0.533768
-0.150147	0.952678
-0.970142	-0.472065
-0.235095	0.841264
-0.829649	-0.409430
-0.228692	0.686991
-0.816796	-0.532684
-0.147574	0.756672
-0.954538	-0.612912
-0.078012	0.892148
-1.061451	-0.533125
-0.150897	0.952263
-0.969064	-0.471756
-0.235290	0.840174
-0.829158	-0.409454
-0.228336	0.686872
-0.817357	-0.534073
-0.146986	0.757595
-0.955515	-0.612650
-0.078091	0.892677
-1.061395	-0.532765
-0.151611	0.951846
-0.968038	-0.471348
-0.235475	0.839093
-0.828691	-0.409833
-0.227995	0.686759
-0.817895	-0.534728
-0.146424	0.758522
-0.956446	-0.612470
-0.078169	0.893205
-1.061339	-0.532416
-0.152291	0.951888
-0.967058	-0.470850
-0.235651	0.838019
-0.828247	-0.410175
-0.227669	0.686652
-0.818411	-0.535805
-0.145886	0.759452
-0.957337	-0.612052
-0.078245	0.893733
-1.061283	-0.532075
-0.152940	0.951466
-0.966121	-0.470599
-0.235818	0.836951
-0.827821	-0.410090
-0.227357	0.686550
-0.818907	-0.536913
-0.145370	0.759892
-0.958190	-0.611700
-0.078319	0.894734
-1.061229	-0.531471
-0.153562	0.951503
-0.965224	-0.470273
-0.235979	0.835889
-0.827413	-0.410372
-0.227056	0.686452
-0.819383	-0.537668
-0.144872	0.760826
-0.959011	-0.611409
-0.078390	0.895258
-1.061177	-0.531138
-0.154159	0.951076
-0.964361	-0.469878
-0.236134	0.835305
-0.827020	-0.410629
-0.226767	0.686358
-0.819842	-0.538451
-0.144391	0.761761
-0.959803	-0.611169
-0.078458	0.895781
-1.061127	-0.530806
-0.154733	0.951108
-0.963530	-0.469421
-0.236284	0.834251
-0.826639	-0.410865
-0.226488	0.686266
-0.820284	-0.539259
-0.143925	0.762204
-0.960570	-0.610976
-0.078523	0.896301
-1.061081	-0.530472
-0.155288	0.951139
-0.962727	-0.469243
-0.236431	0.833200
-0.826268	-0.411084
-0.226218	0.686177
-0.820712	-0.540090
-0.143471	0.763140
-0.961315	-0.610821
-0.078583	0.896819
-1.061039	-0.530136
-0.155826	0.950706
-0.961948	-0.468683
-0.236574	0.832626
-0.825906	-0.411288
-0.225956	0.686090
-0.821127	-0.540942
-0.143028	0.763585
-0.962043	-0.610699
-0.078640	0.897335
-1.061000	-0.529795
-0.156350	0.950733
-0.961190	-0.468416
-0.236716	0.831579
-0.825550	-0.411481
-0.225701	0.686005
-0.821531	-0.541811
-0.142592	0.764520
-0.962755	-0.610292
-0.078693	0.897374
-1.060966	-0.529450
-0.156862	0.950297
-0.960449	-0.468113
-0.236856	0.830534
-0.825199	-0.411269
-0.225452	0.685425
-0.821924	-0.542696
-0.142163	0.764964
-0.963456	-0.610216
-0.078743	0.897886
-1.060936	-0.529098
-0.157363	0.950322
-0.959722	-0.467782
-0.236996	0.829965
-0.824851	-0.411448
-0.225208	0.685342
-0.822309	-0.543212
-0.141738	0.765898
-0.964149	-0.609845
-0.078788	0.898396
-1.060910	-0.529009
-0.157858	0.950346
-0.959006	-0.467428
-0.237136	0.828922
-0.824504	-0.411625
-0.224968	0.685259
-0.822688	-0.544120
-0.141316	0.766341
-0.964837	-0.609791
-0.078830	0.898904
-1.060890	-0.528642
-0.158347	0.949908
-0.958297	-0.467058
-0.237277	0.828355
-0.824156	-0.411803
-0.224731	0.685177
-0.823061	-0.544654
-0.140893	0.766782
-0.965523	-0.609740
-0.078867	0.899411
-1.060873	-0.528268
-0.158834	0.949931
-0.957592	-0.466678
-0.237419	0.827312
-0.823806	-0.411984
-0.224495	0.685094
-0.823431	-0.545575
-0.140470	0.767714
-0.966210	-0.609376
-0.078902	0.899917
-1.060862	-0.527885
-0.159319	0.949493
-0.956888	-0.466293
-0.237564	0.826744
-0.823453	-0.412171
-0.224261	0.685012
-0.823799	-0.546117
-0.140042	0.768153
-0.966902	-0.609311
-0.078933	0.900421
-1.060855	-0.527761
-0.159807	0.949515
-0.956181	-0.465910
-0.237712	0.825701
-0.823094	-0.412366
-0.224026	0.684928
-0.824168	-0.547041
-0.139609	0.768591
-0.967602	-0.608923
-0.078961	0.900925
-1.060852	-0.527359
-0.160298	0.949538
-0.955469	-0.465535
-0.237863	0.825132
-0.822728	-0.412573
-0.223790	0.684844
-0.824537	-0.547580
-0.139169	0.769519
-0.968312	-0.608822
-0.078986	0.901429
-1.060853	-0.526947
-0.160796	0.949100
-0.954748	-0.465174
-0.238018	0.824087
-0.822353	-0.412395
-0.223550	0.684263
-0.824911	-0.548494
-0.138719	0.769953
-0.969037	-0.608694
-0.079008	0.901932
-1.060858	-0.526526
-0.161301	0.949124
-0.954015	-0.464832
-0.238178	0.823515
-0.821969	-0.412632
-0.223307	0.684176
-0.825290	-0.549018
-0.138258	0.770877
-0.969778	-0.608532
-0.079029	0.902435
-1.060867	-0.526363
-0.161818	0.949148
-0.953267	-0.464517
-0.238343	0.822466
-0.821573	-0.412888
-0.223060	0.684087
-0.825677	-0.549910
-0.137783	0.771307
-0.970541	-0.608023
-0.079047	0.902939
-1.060879	-0.525922
-0.162347	0.948711
-0.952499	-0.463895
-0.238514	0.821414
-0.821165	-0.412767
-0.222805	0.683995
-0.826074	-0.550785
-0.137292	0.771735
-0.971327	-0.608082
-0.079065	0.903443
-1.060893	-0.525740
-0.162892	0.948736
-0.951709	-0.463651
-0.238691	0.820359
-0.820741	-0.413067
-0.222543	0.683901
-0.826482	-0.551641
-0.136784	0.772650
-0.972140	-0.607781
-0.079082	0.903948
-1.060910	-0.525280
-0.163455	0.948761
-0.950893	-0.463112
-0.238875	0.819777
-0.820302	-0.412996
-0.222272	0.683307
-0.826904	-0.552473
-0.136255	0.773072
-0.972984	-0.607420
-0.079098	0.904453
-1.060928	-0.524811
-0.164038	0.948324
-0.950046	-0.462625
-0.239066	0.818714
-0.819845	-0.413350
-0.221991	0.683204
-0.827344	-0.553277
-0.135704	0.773979
-0.973863	-0.607298
-0.079116	0.904960
-1.060947	-0.524334
-0.164643	0.948349
-0.949167	-0.462196
-0.239265	0.817647
-0.819369	-0.413337
-0.221697	0.683097
-0.827802	-0.554427
-0.135128	0.774882
-0.974780	-0.607101
-0.079135	0.905940
-1.060966	-0.524119
-0.165274	0.948372
-0.948249	-0.461491
-0.239472	0.816574
-0.818873	-0.413356
-0.221389	0.682983
-0.828282	-0.555160
-0.134524	0.775780
-0.975738	-0.606822
-0.079156	0.906449
-1.060983	-0.523628
-0.165934	0.947933
-0.947291	-0.461198
-0.239687	0.815017
-0.818355	-0.413808
-0.221066	0.682366
-0.828788	-0.556229
-0.133891	0.776181
-0.976742	-0.606453
-0.079182	0.906959
-1.060998	-0.523132
-0.166623	0.947953
-0.946286	-0.460301
-0.239912	0.813930
-0.817813	-0.413897
-0.220726	0.682238
-0.829322	-0.557248
-0.133225	0.777064
-0.977795	-0.606289
-0.079212	0.907943
-1.061009	-0.522634
-0.167347	0.947509
-0.945231	-0.459831
-0.240146	0.812834
-0.817247	-0.414023
-0.220366	0.682099
-0.829887	-0.558588
-0.132525	0.777939
-0.978902	-0.605715
-0.079250	0.908455
-1.061014	-0.522134
-0.168107	0.947522
-0.944121	-0.459112
-0.240389	0.811250
-0.816655	-0.414188
-0.219985	0.681949
-0.830488	-0.559488
-0.131786	0.779294
-0.980067	-0.605327
-0.079296	0.909440
-1.061010	-0.521637
-0.168906	0.947067
-0.942952	-0.458493
-0.240641	0.810132
-0.816037	-0.414392
-0.219580	0.681290
-0.831129	-0.560694
-0.131007	0.780146
-0.981293	-0.605116
-0.079352	0.910425
-1.060997	-0.521143
-0.169748	0.947067
-0.941719	-0.457637
-0.240903	0.808523
-0.815390	-0.414636
-0.219149	0.681112
-0.831813	-0.562197
-0.130184	0.780985
-0.982585	-0.604769
-0.079421	0.910938
-1.060970	-0.520388
-0.170636	0.946596
-0.940417	-0.456895
-0.241174	0.806898
-0.814715	-0.414919
-0.218689	0.680916
-0.832546	-0.563609
-0.129315	0.782298
-0.983947	-0.604276
-0.079506	0.911923
-1.060928	-0.519916
-0.171571	0.946113
-0.939041	-0.455930
-0.241454	0.805256
-0.814011	-0.415242
-0.218197	0.680701
-0.833333	-0.564922
-0.128396	0.783592
-0.985383	-0.603628
-0.079610	0.912906
-1.060865	-0.519192
-0.172559	0.946078
-0.937586	-0.455092
-0.241743	0.803115
-0.813277	-0.415601
-0.217670	0.680462
-0.834179	-0.566499
-0.127425	0.784865
-0.986897	-0.603114
-0.079736	0.913886
-1.060778	-0.518491
-0.173601	0.945563
-0.936047	-0.454390
-0.242039	0.801429
-0.812514	-0.415997
-0.217106	0.680196
-0.835089	-0.567952
-0.126399	0.786113
-0.988493	-0.602722
-0.079888	0.914863
-1.060662	-0.517820
-0.174700	0.945028
-0.934419	-0.453134
-0.242342	0.799238
-0.811721	-0.416425
-0.216500	0.679900
-0.836072	-0.569641
-0.125315	0.787334
-0.990175	-0.602142
-0.080071	0.916307
-1.060511	-0.517189
-0.175859	0.944467
-0.932696	-0.452024
-0.242650	0.797017
-0.810901	-0.416881
-0.215849	0.679570
-0.837132	-0.571178
-0.124171	0.789011
-0.991945	-0.601366
-0.080289	0.917274
-1.060320	-0.516334
-0.177082	0.944338
-0.930875	-0.451066
-0.242963	0.794763
-0.810053	-0.417360
-0.215149	0.679698
-0.838277	-0.572920
-0.122964	0.790162
-0.993807	-0.600679
-0.080549	0.918704
-1.060082	-0.515537
-0.178369	0.943712
-0.928951	-0.449912
-0.243278	0.792471
-0.809181	-0.418258
-0.214397	0.679286
-0.839515	-0.574848
-0.121693	0.792250
-0.995763	-0.599775
-0.080857	0.920123
-1.059788	-0.514810
-0.179724	0.943046
-0.926918	-0.448566
-0.243592	0.790137
-0.808286	-0.418763
-0.213587	0.679321
-0.840854	-0.576943
-0.120355	0.793803
-0.997814	-0.598942
-0.081219	0.921061
-1.059430	-0.513895
-0.181147	0.942333
-0.924775	-0.447025
-0.243904	0.787277
-0.807372	-0.419669
-0.212717	0.679302
-0.842302	-0.578815
-0.118950	0.795793
-0.999962	-0.598171
-0.081642	0.922455
-1.059000	-0.512805
-0.182639	0.941567
-0.922518	-0.445641
-0.244210	0.784364
-0.806444	-0.420564
-0.211780	0.679224
-0.843867	-0.580815
-0.117478	0.797725
-1.002205	-0.597161
-0.082136	0.924303
-1.058486	-0.512103
-0.184200	0.940279
-0.920145	-0.444057
-0.244507	0.781396
-0.805507	-0.421837
-0.210774	0.679577
-0.845557	-0.583289
-0.115938	0.799594
-1.004541	-0.595913
-0.082707	0.925663
-1.057879	-0.510986
-0.185830	0.939385
-0.917656	-0.442624
-0.244790	0.778366
-0.804566	-0.423073
-0.209695	0.679860
-0.847380	-0.585479
-0.114333	0.801883
-1.006968	-0.594716
-0.083364	0.927001
-1.057166	-0.510019
-0.187528	0.938417
-0.915051	-0.440976
-0.245056	0.774788
-0.803630	-0.424255
-0.208537	0.680067
-0.849344	-0.587733
-0.112664	0.804098
-1.009481	-0.593283
-0.084117	0.928785
-1.056337	-0.508948
-0.189289	0.936907
-0.912332	-0.439101
-0.245299	0.771622
-0.802707	-0.425770
-0.207298	0.680692
-0.851455	-0.590033
-0.110937	0.806723
-1.012071	-0.591910
-0.084974	0.930543
-1.055380	-0.507791
-0.191110	0.935770
-0.909503	-0.437344
-0.245515	0.767901
-0.801805	-0.427600
-0.205976	0.681233
-0.853719	-0.592361
-0.109156	0.809266
-1.014731	-0.590605
-0.085942	0.932274
-1.054284	-0.506844
-0.192985	0.934080
-0.906571	-0.435689
-0.245697	0.764104
-0.800936	-0.429324
-0.204568	0.682188
-0.856139	-0.594704
-0.107329	0.811726
-1.017449	-0.588815
-0.087030	0.933977
-1.053037	-0.505852
-0.194908	0.932756
-0.903544	-0.433753
-0.245842	0.760714
-0.800109	-0.431327
-0.203074	0.683059
-0.858718	-0.596691
-0.105464	0.814589
-1.020211	-0.587133
-0.088243	0.935650
-1.051632	-0.504550
-0.196869	0.930872
-0.900432	-0.431877
-0.245943	0.756765
-0.799337	-0.433590
-0.201493	0.683847
-0.861455	-0.599042
-0.103572	0.817370
-1.023001	-0.585302
-0.089585	0.937295
-1.050060	-0.503511
-0.198859	0.928891
-0.897249	-0.429669
-0.245996	0.752742
-0.798631	-0.436098
-0.199829	0.685056
-0.864345	-0.601394
-0.101665	0.820074
-1.025802	-0.583359
-0.091058	0.938912
-1.048317	-0.502468
-0.200867	0.926816
-0.894009	-0.427834
-0.245995	0.748652
-0.798002	-0.438835
-0.198084	0.686693
-0.867384	-0.603402
-0.099756	0.823195
-1.028594	-0.581341
-0.092664	0.940504
-1.046401	-0.501145
-0.202881	0.924191
-0.890730	-0.425979
-0.245938	0.744499
-0.797462	-0.441789
-0.196265	0.688269
-0.870559	-0.605440
-0.097860	0.826255
-1.031356	-0.579295
-0.094397	0.942074
-1.044312	-0.500106
-0.204887	0.921949
-0.887431	-0.423703
-0.245821	0.740782
-0.797021	-0.444951
-0.194378	0.690296
-0.873858	-0.607532
-0.095993	0.829267
-1.034066	-0.577268
-0.096253	0.943627
-1.042057	-0.498781
-0.206873	0.919177
-0.884131	-0.422090
-0.245642	0.736537
-0.796685	-0.447913
-0.192432	0.692290
-0.877264	-0.609356
-0.094170	0.832732
-1.036703	-0.575034
-0.098222	0.945167
-1.039643	-0.497725
-0.208824	0.916352
-0.880852	-0.420000
-0.245400	0.732751
-0.796463	-0.451479
-0.190438	0.694267
-0.880757	-0.610955
-0.092408	0.835696
-1.039247	-0.572922
-0.100292	0.946700
-1.037084	-0.496638
-0.210729	0.913489
-0.877614	-0.418527
-0.245097	0.728951
-0.796359	-0.455249
-0.188408	0.696743
-0.884315	-0.612722
-0.090720	0.838662
-1.041678	-0.570704
-0.102448	0.948233
-1.034396	-0.495494
-0.212575	0.910608
-0.874437	-0.416524
-0.244734	0.725153
-0.796374	-0.458828
-0.186353	0.698738
-0.887915	-0.614012
-0.089119	0.841647
-1.043979	-0.568430
-0.104675	0.949306
-1.031597	-0.494260
-0.214353	0.907260
-0.871340	-0.415103
-0.244313	0.721369
-0.796507	-0.462628
-0.184289	0.701266
-0.891531	-0.615224
-0.087618	0.845152
-1.046137	-0.566142
-0.106954	0.950390
-1.028711	-0.493195
-0.216053	0.904393
-0.868338	-0.413875
-0.243840	0.718104
-0.796756	-0.466262
-0.182227	0.704340
-0.895140	-0.616068
-0.086224	0.847745
-1.048141	-0.564143
-0.109267	0.951492
-1.025759	-0.491967
-0.217668	0.901093
-0.865446	-0.412447
-0.243318	0.714880
-0.797115	-0.470148
-0.180180	0.706979
-0.898719	-0.616937
-0.084944	0.850886
-1.049983	-0.561920
-0.111595	0.952150
-1.022765	-0.490830
-0.219193	0.897839
-0.862675	-0.411192
-0.242755	0.712199
-0.797576	-0.473904
-0.178160	0.709692
-0.902244	-0.617540
-0.083782	0.853624
-1.051662	-0.560032
-0.113920	0.952834
-1.019753	-0.489747
-0.220626	0.894644
-0.860035	-0.410107
-0.242156	0.709579
-0.798130	-0.477548
-0.176178	0.711990
-0.905698	-0.618255
-0.082738	0.856447
-1.053176	-0.557951
-0.116226	0.953546
-1.016745	-0.488677
-0.221966	0.891518
-0.857530	-0.409193
-0.241527	0.707027
-0.798768	-0.481101
-0.174244	0.714871
-0.909063	-0.618449
-0.081810	0.858880
-1.054530	-0.555948
-0.118498	0.954286
-1.013761	-0.487889
-0.223212	0.887999
-0.855164	-0.408452
-0.240875	0.704546
-0.799478	-0.484980
-0.172366	0.717841
-0.912325	-0.618824
-0.080996	0.861407
-1.055728	-0.554287
-0.120722	0.954592
-1.010820	-0.486742
-0.224366	0.885026
-0.852937	-0.407890
-0.240207	0.702630
-0.800248	-0.488408
-0.170549	0.720404
-0.915473	-0.618738
-0.080290	0.864028
-1.056778	-0.552423
-0.122887	0.954928
-1.007938	-0.485813
-0.225432	0.881667
-0.850849	-0.407512
-0.239529	0.700789
-0.801068	-0.491799
-0.168800	0.723055
-0.918498	-0.618877
-0.079685	0.866259
-1.057691	-0.550875
-0.124985	0.955290
-1.005129	-0.484771
-0.226414	0.878857
-0.848896	-0.407328
-0.238846	0.699020
-0.801926	-0.495170
-0.167121	0.725294
-0.921395	-0.618921
-0.079173	0.868578
-1.058475	-0.549358
-0.127008	0.955217
-1.002403	-0.483904
-0.227316	0.876125
-0.847075	-0.406956
-0.238163	0.697321
-0.802812	-0.498138
-0.165514	0.727613
-0.924160	-0.618551
-0.078747	0.870499
-1.059143	-0.547851
-0.128952	0.955629
-0.999770	-0.482884
-0.228142	0.873001
-0.845379	-0.406795
-0.237484	0.696182
-0.803717	-0.501112
-0.163981	0.730006
-0.926792	-0.618430
-0.078399	0.872495
-1.059706	-0.546598
-0.130814	0.955600
-0.997235	-0.482010
-0.228899	0.870417
-0.843802	-0.406464
-0.236814	0.694611
-0.804631	-0.504103
-0.162523	0.732467
-0.929292	-0.618228
-0.078119	0.874081
-1.060174	-0.545311
-0.132590	0.955590
-0.994803	-0.481274
-0.229590	0.867900
-0.842338	-0.406363
-0.236156	0.693592
-0.805547	-0.506725
-0.161137	0.734495
-0.931662	-0.617945
-0.077900	0.876206
-1.060558	-0.543965
-0.134282	0.955595
-0.992476	-0.480356
-0.230223	0.865445
-0.840980	-0.406503
-0.235513	0.692626
-0.806459	-0.509379
-0.159822	0.736579
-0.933904	-0.617575
-0.077735	0.877429
-1.060869	-0.542806
-0.135890	0.955152
-0.990256	-0.479567
-0.230800	0.863046
-0.839720	-0.406502
-0.234887	0.691708
-0.807361	-0.511679
-0.158578	0.738711
-0.936023	-0.617434
-0.077615	0.879178
-1.061115	-0.541813
-0.137415	0.955182
-0.988140	-0.478908
-0.231328	0.860698
-0.838553	-0.406761
-0.234279	0.691327
-0.808247	-0.514022
-0.157400	0.740394
-0.938023	-0.616870
-0.077536	0.880489
-1.061306	-0.540965
-0.138859	0.954759
-0.986129	-0.478063
-0.231811	0.858867
-0.837470	-0.406898
-0.233691	0.690491
-0.809115	-0.516411
-0.156287	0.742114
-0.939910	-0.616517
-0.077490	0.881836
-1.061449	-0.539979
-0.140225	0.954805
-0.984219	-0.477354
-0.232253	0.856607
-0.836465	-0.406919
-0.233124	0.690185
-0.809961	-0.518068
-0.155236	0.743868
-0.941689	-0.616364
-0.077472	0.883212
-1.061552	-0.539103
-0.141516	0.954394
-0.982407	-0.476787
-0.232658	0.854855
-0.835533	-0.407228
-0.232578	0.689415
-0.810782	-0.520166
-0.154243	0.745650
-0.943367	-0.615761
-0.077477	0.884136
-1.061621	-0.538324
-0.142735	0.954448
-0.980691	-0.476047
-0.233029	0.852663
-0.834666	-0.407439
-0.232054	0.689166
-0.811578	-0.521925
-0.153305	0.746964
-0.944948	-0.615655
-0.077502	0.885557
-1.061661	-0.537627
-0.143887	0.954042
-0.979064	-0.475462
-0.233371	0.850972
-0.833860	-0.407559
-0.231551	0.688941
-0.812346	-0.523735
-0.152419	0.748792
-0.946438	-0.615079
-0.077542	0.886517
-1.061677	-0.537001
-0.144974	0.953638
-0.977524	-0.475042
-0.233686	0.849306
-0.833110	-0.407989
-0.231069	0.688243
-0.813087	-0.525207
-0.151582	0.750145
-0.947844	-0.614660
-0.077594	0.887491
-1.061675	-0.536167
-0.146001	0.953695
-0.976066	-0.474469
-0.233976	0.847662
-0.832409	-0.408342
-0.230608	0.688057
-0.813799	-0.526729
-0.150790	0.751020
-0.949171	-0.614386
-0.077656	0.888474
-1.061657	-0.535651
-0.146971	0.953290
-0.974685	-0.474077
-0.234245	0.846510
-0.831755	-0.408625
-0.230168	0.687887
-0.814484	-0.528300
-0.150041	0.752400
-0.950425	-0.614247
-0.077725	0.888990
-1.061627	-0.535176
-0.147888	0.953345
-0.973377	-0.473550
-0.234495	0.844902
-0.831141	-0.408843
-0.229747	0.687731
-0.815141	-0.529530
-0.149331	0.753791
-0.951611	-0.613917
-0.077798	0.889987
-1.061587	-0.534469
-0.148756	0.952936
-0.972136	-0.472893
-0.234728	0.843782
-0.830565	-0.409002
-0.229344	0.687587
-0.815771	-0.530806
-0.148658	0.754698
-0.952734	-0.613386
-0.077875	0.890987
-1.061541	-0.534058
-0.149578	0.952526
-0.970959	-0.472443
-0.234945	0.842201
-0.830023	-0.409107
-0.228960	0.686958
-0.816374	-0.532126
-0.148018	0.755611
-0.953799	-0.613277
-0.077954	0.891514
-1.061490	-0.533669
-0.150357	0.952575
-0.969841	-0.471882
-0.235149	0.841104
-0.829512	-0.409559
-0.228592	0.686833
-0.816953	-0.533100
-0.147410	0.757023
-0.954811	-0.612950
-0.078034	0.892043
-1.061436	-0.533031
-0.151097	0.952159
-0.968778	-0.471544
-0.235342	0.840017
-0.829027	-0.409571
-0.228241	0.686715
-0.817507	-0.534114
-0.146829	0.757947
-0.955775	-0.612397
-0.078113	0.893047
-1.061380	-0.532674
-0.151801	0.952203
-0.967764	-0.471111
-0.235524	0.838938
-0.828567	-0.409939
-0.227905	0.686604
-0.818039	-0.535165
-0.146274	0.758383
-0.956694	-0.612239
-0.078190	0.893575
-1.061324	-0.532328
-0.152472	0.951783
-0.966797	-0.470919
-0.235697	0.837866
-0.828128	-0.409877
-0.227582	0.686499
-0.818549	-0.536250
-0.145743	0.759314
-0.957574	-0.612152
-0.078266	0.894103
-1.061268	-0.531721
-0.153114	0.951821
-0.965871	-0.470316
-0.235863	0.836800
-0.827708	-0.410179
-0.227273	0.686398
-0.819039	-0.536983
-0.145231	0.760246
-0.958419	-0.611818
-0.078339	0.894628
-1.061214	-0.531386
-0.153728	0.951396
-0.964984	-0.469970
-0.236022	0.835739
-0.827304	-0.410454
-0.226976	0.686301
-0.819510	-0.538130
-0.144739	0.761180
-0.959231	-0.611541
-0.078409	0.895152
-1.061163	-0.531053
-0.154319	0.951430
-0.964130	-0.469558
-0.236175	0.834682
-0.826914	-0.410705
-0.226689	0.686208
-0.819965	-0.538920
-0.144262	0.761624
-0.960016	-0.611315
-0.078476	0.895674
-1.061114	-0.530720
-0.154888	0.951000
-0.963307	-0.469417
-0.236325	0.834103
-0.826536	-0.410936
-0.226413	0.686117
-0.820403	-0.539734
-0.143799	0.762559
-0.960777	-0.611132
-0.078540	0.896194
-1.061069	-0.530386
-0.155438	0.951031
-0.962511	-0.468892
-0.236470	0.833053
-0.826168	-0.411150
-0.226145	0.686029
-0.820827	-0.540571
-0.143349	0.763495
-0.961517	-0.610676
-0.078599	0.896711
-1.061028	-0.530049
-0.155972	0.950597
-0.961738	-0.468654
-0.236613	0.832005
-0.825808	-0.411351
-0.225885	0.685942
-0.821239	-0.541428
-0.142907	0.763939
-0.962239	-0.610562
-0.078655	0.897226
-1.060990	-0.529707
-0.156492	0.950624
-0.960985	-0.468376
-0.236754	0.831433
-0.825454	-0.411541
-0.225632	0.685857
-0.821640	-0.541919
-0.142474	0.764383
-0.962948	-0.610472
-0.078707	0.897739
-1.060957	-0.529360
-0.157000	0.950188
-0.960248	-0.468065
-0.236895	0.830389
-0.825103	-0.411328
-0.225384	0.685773
-0.822031	-0.542808
-0.142046	0.765318
-0.963647	-0.610090
-0.078755	0.898251
-1.060928	-0.529007
-0.157500	0.950213
-0.959525	-0.467727
-0.237034	0.829820
-0.824756	-0.411506
-0.225142	0.685690
-0.822414	-0.543326
-0.141622	0.765761
-0.964338	-0.610031
-0.078800	0.898760
-1.060904	-0.528915
-0.157992	0.950237
-0.958811	-0.467368
-0.237175	0.828777
-0.824408	-0.411683
-0.224903	0.685112
-0.822791	-0.544237
-0.141200	0.766695
-0.965025	-0.609669
-0.078840	0.899268
-1.060885	-0.528547
-0.158481	0.949798
-0.958103	-0.466995
-0.237316	0.828210
-0.824060	-0.411861
-0.224666	0.685029
-0.823163	-0.544773
-0.140777	0.767136
-0.965711	-0.609617
-0.078877	0.899774
-1.060870	-0.528170
-0.158967	0.949821
-0.957399	-0.466613
-0.237459	0.827167
-0.823710	-0.412043
-0.224431	0.684947
-0.823532	-0.545695
-0.140353	0.767576
-0.966399	-0.609251
-0.078911	0.900280
-1.060859	-0.527784
-0.159453	0.949844
-0.956694	-0.466228
-0.237604	0.826599
-0.823355	-0.412232
-0.224196	0.684864
-0.823900	-0.546238
-0.139924	0.768506
-0.967093	-0.609183
-0.078941	0.900784
-1.060853	-0.527658
-0.159941	0.949406
-0.955987	-0.465847
-0.237753	0.825556
-0.822994	-0.412430
-0.223961	0.684781
-0.824269	-0.547161
-0.139489	0.768944
-0.967795	-0.608790
-0.078968	0.900814
-1.060852	-0.527253
-0.160434	0.949429
-0.955272	-0.465475
-0.237905	0.824987
-0.822626	-0.412243
-0.223724	0.684696
-0.824640	-0.548079
-0.139047	0.769380
-0.968509	-0.608682
-0.078992	0.901318
-1.060854	-0.526839
-0.160934	0.949452
-0.954548	-0.465118
-0.238061	0.823941
-0.822249	-0.412468
-0.223484	0.684610
-0.825015	-0.548610
-0.138594	0.770305
-0.969238	-0.608545
-0.079014	0.901821
-1.060860	-0.526684
-0.161442	0.949014
-0.953811	-0.464783
-0.238223	0.822893
-0.821862	-0.412709
-0.223240	0.684027
-0.825396	-0.549512
-0.138129	0.770737
-0.969985	-0.608373
-0.079034	0.902324
-1.060870	-0.526249
-0.161962	0.949038
-0.953058	-0.464476
-0.238389	0.822319
-0.821463	-0.412971
-0.222990	0.683937
-0.825785	-0.550399
-0.137650	0.771657
-0.970754	-0.608159
-0.079052	0.903301
-1.060882	-0.525805
-0.162495	0.949063
-0.952284	-0.463865
-0.238562	0.821266
-0.821050	-0.412856
-0.222734	0.683845
-0.826184	-0.550890
-0.137154	0.772084
-0.971547	-0.607898
-0.079069	0.903805
-1.060898	-0.525621
-0.163045	0.948626
-0.951487	-0.463293
-0.238740	0.820211
-0.820622	-0.413163
-0.222470	0.683750
-0.826596	-0.551739
-0.136641	0.772999
-0.972369	-0.607581
-0.079086	0.904310
-1.060915	-0.525158
-0.163613	0.948651
-0.950663	-0.463107
-0.238926	0.819151
-0.820178	-0.413099
-0.222196	0.683650
-0.827023	-0.552564
-0.136106	0.773419
-0.973222	-0.607509
-0.079103	0.904816
-1.060933	-0.524687
-0.164202	0.948215
-0.949809	-0.462635
-0.239119	0.818087
-0.819716	-0.413462
-0.221911	0.683050
-0.827467	-0.553739
-0.135548	0.774326
-0.974111	-0.607062
-0.079121	0.905323
-1.060952	-0.524207
-0.164814	0.948239
-0.948919	-0.461883
-0.239321	0.817018
-0.819235	-0.413458
-0.221614	0.682941
-0.827932	-0.554500
-0.134965	0.775227
-0.975038	-0.606843
-0.079140	0.905831
-1.060971	-0.523991
-0.165452	0.948262
-0.947991	-0.461537
-0.239530	0.815943
-0.818733	-0.413486
-0.221302	0.682826
-0.828419	-0.555600
-0.134353	0.775633
-0.976009	-0.606541
-0.079163	0.906813
-1.060988	-0.523499
-0.166120	0.947823
-0.947020	-0.460925
-0.239748	0.814861
-0.818208	-0.413549
-0.220975	0.682703
-0.828932	-0.556656
-0.133712	0.776522
-0.977026	-0.606449
-0.079190	0.907323
-1.061002	-0.523002
-0.166819	0.947842
-0.946001	-0.460392
-0.239975	0.813772
-0.817660	-0.414047
-0.220629	0.682076
-0.829474	-0.557660
-0.133037	0.777403
-0.978094	-0.605954
-0.079222	0.908307
-1.061011	-0.522503
-0.167552	0.947397
-0.944932	-0.459605
-0.240211	0.812196
-0.817087	-0.414183
-0.220264	0.681934
-0.830049	-0.558606
-0.132326	0.778275
-0.979216	-0.605651
-0.079261	0.908819
-1.061014	-0.522004
-0.168322	0.947408
-0.943806	-0.458913
-0.240457	0.811086
-0.816488	-0.414359
-0.219876	0.681781
-0.830660	-0.559865
-0.131576	0.779137
-0.980397	-0.605230
-0.079310	0.909804
-1.061008	-0.521507
-0.169133	0.946952
-0.942620	-0.458322
-0.240712	0.809487
-0.815862	-0.414574
-0.219464	0.681614
-0.831312	-0.561050
-0.130785	0.780476
-0.981641	-0.604982
-0.079370	0.910318
-1.060991	-0.521016
-0.169987	0.946949
-0.941369	-0.457497
-0.240976	0.807874
-0.815208	-0.414829
-0.219025	0.680935
-0.832009	-0.562529
-0.129950	0.781311
-0.982951	-0.604596
-0.079443	0.911303
-1.060960	-0.520264
-0.170887	0.946475
-0.940047	-0.456788
-0.241250	0.806245
-0.814525	-0.415123
-0.218557	0.680734
-0.832757	-0.563915
-0.129068	0.782619
-0.984333	-0.604062
-0.079533	0.912287
-1.060912	-0.519796
-0.171837	0.945989
-0.938650	-0.455857
-0.241532	0.804597
-0.813813	-0.415456
-0.218056	0.680512
-0.833559	-0.565199
-0.128135	0.783907
-0.985790	-0.603670
-0.079642	0.913269
-1.060843	-0.519077
-0.172839	0.945949
-0.937172	-0.455056
-0.241823	0.802928
-0.813071	-0.415826
-0.217519	0.680266
-0.834422	-0.566743
-0.127149	0.785174
-0.987327	-0.603108
-0.079775	0.914249
-1.060749	-0.518384
-0.173896	0.945429
-0.935609	-0.454046
-0.242121	0.800757
-0.812299	-0.416230
-0.216944	0.679993
-0.835352	-0.568534
-0.126108	0.786415
-0.988946	-0.602367
-0.079935	0.915225
-1.060624	-0.517723
-0.175012	0.944887
-0.933956	-0.452829
-0.242426	0.798558
-0.811499	-0.416666
-0.216326	0.679688
-0.836354	-0.570183
-0.125007	0.787626
-0.990651	-0.601735
-0.080127	0.916667
-1.060463	-0.516832
-0.176189	0.944318
-0.932207	-0.451760
-0.242736	0.796328
-0.810671	-0.417130
-0.215662	0.679845
-0.837437	-0.571675
-0.123846	0.789294
-0.992447	-0.601199
-0.080356	0.917632
-1.060260	-0.515992
-0.177429	0.944180
-0.930358	-0.450844
-0.243049	0.794064
-0.809816	-0.417614
-0.214948	0.679465
-0.838607	-0.573740
-0.122622	0.790924
-0.994334	-0.600454
-0.080629	0.919059
-1.060007	-0.515213
-0.178734	0.943544
-0.928404	-0.449383
-0.243364	0.791761
-0.808937	-0.418515
-0.214181	0.679536
-0.839873	-0.575613
-0.121333	0.792511
-0.996316	-0.599490
-0.080950	0.920476
-1.059696	-0.514508
-0.180107	0.942866
-0.926342	-0.448080
-0.243678	0.789415
-0.808037	-0.419021
-0.213355	0.679557
-0.841240	-0.577278
-0.119976	0.794538
-0.998394	-0.598594
-0.081328	0.921410
-1.059320	-0.513619
-0.181549	0.942139
-0.924167	-0.446935
-0.243989	0.786541
-0.807119	-0.419925
-0.212466	0.679523
-0.842719	-0.579456
-0.118553	0.796025
-1.000568	-0.597758
-0.081770	0.923270
-1.058867	-0.512559
-0.183060	0.941357
-0.921879	-0.445240
-0.244293	0.783613
-0.806188	-0.420815
-0.211511	0.679427
-0.844318	-0.581385
-0.117062	0.798428
-1.002837	-0.596684
-0.082284	0.924643
-1.058329	-0.511617
-0.184641	0.940051
-0.919474	-0.443699
-0.244586	0.780628
-0.805249	-0.422079
-0.210486	0.679761
-0.846043	-0.583784
-0.115504	0.800279
-1.005199	-0.595661
-0.082878	0.925997
-1.057694	-0.510813
-0.186290	0.939138
-0.916953	-0.442306
-0.244865	0.777581
-0.804309	-0.423302
-0.209385	0.680024
-0.847904	-0.585893
-0.113881	0.802548
-1.007650	-0.594398
-0.083561	0.927798
-1.056951	-0.509616
-0.188005	0.938148
-0.914316	-0.440337
-0.245125	0.773984
-0.803375	-0.424869
-0.208205	0.680209
-0.849908	-0.588062
-0.112196	0.804742
-1.010184	-0.592902
-0.084342	0.929106
-1.056088	-0.508595
-0.189783	0.936614
-0.911567	-0.438855
-0.245361	0.770799
-0.802457	-0.426362
-0.206944	0.680811
-0.852061	-0.590636
-0.110454	0.807345
-1.012795	-0.591468
-0.085228	0.930857
-1.055093	-0.507494
-0.191619	0.935453
-0.908709	-0.436768
-0.245568	0.767057
-0.801563	-0.428165
-0.205598	0.681330
-0.854367	-0.592870
-0.108659	0.809865
-1.015472	-0.590106
-0.086229	0.932581
-1.053957	-0.506609
-0.193508	0.933737
-0.905750	-0.435137
-0.245741	0.763239
-0.800704	-0.429857
-0.204167	0.682262
-0.856831	-0.595116
-0.106821	0.812302
-1.018203	-0.588549
-0.087350	0.934275
-1.052668	-0.505404
-0.195442	0.931924
-0.902698	-0.433220
-0.245874	0.759345
-0.799891	-0.432226
-0.202648	0.683109
-0.859453	-0.597367
-0.104947	0.815142
-1.020974	-0.586540
-0.088598	0.935941
-1.051218	-0.504173
-0.197413	0.930014
-0.899565	-0.431356
-0.245962	0.755375
-0.799136	-0.434447
-0.201045	0.684374
-0.862233	-0.599619
-0.103050	0.817902
-1.023770	-0.584956
-0.089976	0.937578
-1.049599	-0.503209
-0.199409	0.928006
-0.896364	-0.429152
-0.246001	0.751333
-0.798450	-0.436908
-0.199358	0.685563
-0.865165	-0.601876
-0.101141	0.821072
-1.026570	-0.582987
-0.091486	0.939188
-1.047809	-0.501962
-0.201420	0.925906
-0.893112	-0.427314
-0.245985	0.747710
-0.797845	-0.439595
-0.197592	0.687182
-0.868242	-0.604148
-0.099234	0.824175
-1.029356	-0.580957
-0.093127	0.941240
-1.045845	-0.500999
-0.203433	0.923721
-0.889826	-0.425448
-0.245912	0.743542
-0.797331	-0.442497
-0.195753	0.688744
-0.871453	-0.606100
-0.097344	0.827221
-1.032106	-0.578910
-0.094895	0.942805
-1.043710	-0.499755
-0.205435	0.920996
-0.886524	-0.423153
-0.245778	0.739326
-0.796918	-0.445604
-0.193849	0.690760
-0.874783	-0.608114
-0.095488	0.830223
-1.034798	-0.576620
-0.096782	0.944354
-1.041410	-0.498504
-0.207412	0.918671
-0.883228	-0.421514
-0.245582	0.735558
-0.796613	-0.448913
-0.191889	0.692748
-0.878215	-0.609872
-0.093680	0.833197
-1.037412	-0.574415
-0.098780	0.945891
-1.038955	-0.497522
-0.209352	0.915834
-0.879959	-0.419764
-0.245323	0.731768
-0.796423	-0.452424
-0.189884	0.694723
-0.881728	-0.611417
-0.091936	0.836643
-1.039926	-0.572344
-0.100875	0.946958
-1.036358	-0.496212
-0.211242	0.912501
-0.876736	-0.417876
-0.245003	0.727967
-0.796351	-0.456141
-0.187846	0.697202
-0.885300	-0.612796
-0.090271	0.839613
-1.042323	-0.570181
-0.103053	0.948491
-1.033638	-0.495126
-0.213070	0.909617
-0.873579	-0.416205
-0.244624	0.724171
-0.796398	-0.459669
-0.185787	0.699703
-0.888906	-0.614406
-0.088697	0.842607
-1.044586	-0.567702
-0.105296	0.949567
-1.030813	-0.493941
-0.214827	0.906736
-0.870506	-0.414734
-0.244188	0.720884
-0.796564	-0.463422
-0.183722	0.702242
-0.892523	-0.615262
-0.087224	0.845642
-1.046702	-0.565761
-0.107586	0.950656
-1.027906	-0.492916
-0.216505	0.903412
-0.867533	-0.413452
-0.243701	0.717139
-0.796844	-0.467415
-0.181663	0.704835
-0.896126	-0.616451
-0.085861	0.848734
-1.048663	-0.563576
-0.109905	0.951763
-1.024941	-0.491718
-0.218095	0.900123
-0.864673	-0.411967
-0.243168	0.714419
-0.797231	-0.471263
-0.179622	0.707494
-0.899692	-0.616995
-0.084613	0.851414
-1.050460	-0.561443
-0.112234	0.952428
-1.021940	-0.490600
-0.219596	0.896885
-0.861938	-0.411036
-0.242594	0.711263
-0.797719	-0.474986
-0.177612	0.710228
-0.903200	-0.617625
-0.083484	0.854655
-1.052094	-0.559380
-0.114556	0.953119
-1.018926	-0.489525
-0.221003	0.893707
-0.859334	-0.409894
-0.241986	0.708662
-0.798298	-0.478603
-0.175643	0.713046
-0.906631	-0.618379
-0.082472	0.857022
-1.053564	-0.557394
-0.116854	0.953838
-1.015922	-0.488453
-0.222317	0.890601
-0.856866	-0.409306
-0.241350	0.706128
-0.798956	-0.482135
-0.173723	0.715455
-0.909969	-0.618619
-0.081576	0.859962
-1.054874	-0.555486
-0.119113	0.954587
-1.012948	-0.487349
-0.223538	0.887103
-0.854539	-0.408509
-0.240693	0.704159
-0.799684	-0.485997
-0.171861	0.718450
-0.913200	-0.618715
-0.080792	0.862034
-1.056030	-0.553650
-0.121322	0.954901
-1.010022	-0.486485
-0.224668	0.884153
-0.852350	-0.407890
-0.240022	0.701772
-0.800469	-0.489413
-0.170062	0.721037
-0.916315	-0.619022
-0.080114	0.864680
-1.057042	-0.552141
-0.123470	0.955244
-1.007159	-0.485528
-0.225710	0.881284
-0.850300	-0.407459
-0.239342	0.699950
-0.801300	-0.492797
-0.168332	0.723711
-0.919306	-0.618893
-0.079535	0.866936
-1.057918	-0.550410
-0.125548	0.955151
-1.004372	-0.484451
-0.226669	0.878027
-0.848384	-0.407222
-0.238658	0.698200
-0.802167	-0.496165
-0.166672	0.725973
-0.922167	-0.618674
-0.079048	0.868798
-1.058670	-0.548971
-0.127550	0.955547
-1.001671	-0.483543
-0.227550	0.875317
-0.846597	-0.406800
-0.237976	0.697013
-0.803059	-0.499133
-0.165086	0.728313
-0.924895	-0.618700
-0.078644	0.871219
-1.059308	-0.547536
-0.129471	0.955503
-0.999064	-0.482791
-0.228356	0.872213
-0.844935	-0.406591
-0.237299	0.695398
-0.803967	-0.502111
-0.163574	0.730726
-0.927491	-0.618319
-0.078315	0.872756
-1.059843	-0.546083
-0.131310	0.955479
-0.996557	-0.481870
-0.229095	0.869647
-0.843389	-0.406606
-0.236632	0.694337
-0.804882	-0.504713
-0.162135	0.733204
-0.929955	-0.618185
-0.078053	0.874838
-1.060287	-0.544855
-0.133063	0.955473
-0.994154	-0.481084
-0.229770	0.867148
-0.841955	-0.406463
-0.235978	0.693333
-0.805798	-0.507343
-0.160769	0.735248
-0.932290	-0.617967
-0.077850	0.876500
-1.060650	-0.543829
-0.134732	0.955483
-0.991856	-0.480115
-0.230386	0.864709
-0.840625	-0.406564
-0.235340	0.692380
-0.806708	-0.510007
-0.159474	0.737345
-0.934498	-0.617661
-0.077698	0.878215
-1.060942	-0.542717
-0.136316	0.955043
-0.989665	-0.479274
-0.230950	0.862324
-0.839391	-0.406526
-0.234718	0.691475
-0.807606	-0.512319
-0.158248	0.738996
-0.936583	-0.617259
-0.077590	0.879498
-1.061173	-0.541499
-0.137819	0.955076
-0.987578	-0.478564
-0.231465	0.859990
-0.838247	-0.406750
-0.234116	0.691105
-0.808487	-0.514675
-0.157089	0.741183
-0.938552	-0.616754
-0.077520	0.880820
-1.061350	-0.540688
-0.139241	0.955117
-0.985595	-0.477988
-0.231936	0.858171
-0.837187	-0.406854
-0.233534	0.690280
-0.809349	-0.516686
-0.155993	0.742913
-0.940409	-0.616457
-0.077482	0.882175
-1.061481	-0.539734
-0.140586	0.954702
-0.983712	-0.477229
-0.232368	0.855921
-0.836202	-0.407239
-0.232972	0.689982
-0.810189	-0.518747
-0.154958	0.744675
-0.942160	-0.616037
-0.077471	0.883559
-1.061574	-0.538886
-0.141857	0.954292
-0.981927	-0.476615
-0.232763	0.854178
-0.835289	-0.407127
-0.232432	0.689219
-0.811003	-0.520859
-0.153980	0.745972
-0.943810	-0.615803
-0.077482	0.884489
-1.061634	-0.538131
-0.143058	0.954347
-0.980235	-0.476151
-0.233126	0.852466
-0.834439	-0.407706
-0.231914	0.688977
-0.811792	-0.522631
-0.153057	0.747785
-0.945365	-0.615426
-0.077511	0.885914
-1.061668	-0.537455
-0.144192	0.953942
-0.978633	-0.475522
-0.233460	0.850782
-0.833649	-0.407802
-0.231417	0.688759
-0.812552	-0.524066
-0.152184	0.749125
-0.946832	-0.615212
-0.077555	0.886878
-1.061678	-0.536846
-0.145262	0.953999
-0.977116	-0.474735
-0.233768	0.849123
-0.832913	-0.408210
-0.230941	0.688065
-0.813285	-0.525552
-0.151360	0.750482
-0.948216	-0.614833
-0.077610	0.887855
-1.061671	-0.536027
-0.146273	0.953594
-0.975680	-0.474447
-0.234052	0.847484
-0.832225	-0.408149
-0.230485	0.687884
-0.813990	-0.527088
-0.150580	0.751853
-0.949522	-0.614281
-0.077674	0.888365
-1.061650	-0.535523
-0.147228	0.953189
-0.974319	-0.473691
-0.234316	0.845865
-0.831582	-0.408413
-0.230050	0.687718
-0.814667	-0.528672
-0.149842	0.752744
-0.950757	-0.614177
-0.077744	0.889358
-1.061617	-0.535058
-0.148131	0.953243
-0.973030	-0.473453
-0.234561	0.844734
-0.830980	-0.408615
-0.229634	0.687566
-0.815316	-0.529915
-0.149143	0.754137
-0.951925	-0.613563
-0.077819	0.890356
-1.061575	-0.534360
-0.148986	0.952834
-0.971807	-0.472763
-0.234789	0.843144
-0.830414	-0.409153
-0.229237	0.687425
-0.815939	-0.531203
-0.148479	0.755046
-0.953032	-0.613378
-0.077897	0.890882
-1.061527	-0.533955
-0.149796	0.952423
-0.970647	-0.472282
-0.235003	0.842040
-0.829880	-0.409245
-0.228857	0.687293
-0.816535	-0.532148
-0.147848	0.755962
-0.954082	-0.612982
-0.077976	0.891885
-1.061475	-0.533304
-0.150564	0.952472
-0.969544	-0.472019
-0.235203	0.840946
-0.829376	-0.409288
-0.228494	0.687171
-0.817107	-0.533520
-0.147248	0.756883
-0.955080	-0.612680
-0.078055	0.892413
-1.061420	-0.532938
-0.151293	0.952056
-0.968495	-0.471655
-0.235393	0.839861
-0.828899	-0.409685
-0.228147	0.687055
-0.817655	-0.534544
-0.146675	0.757808
-0.956031	-0.612464
-0.078134	0.892942
-1.061364	-0.532585
-0.151988	0.952099
-0.967494	-0.471197
-0.235572	0.838784
-0.828444	-0.410043
-0.227815	0.686450
-0.818181	-0.535605
-0.146126	0.758736
-0.956940	-0.612326
-0.078211	0.893470
-1.061308	-0.532240
-0.152651	0.951677
-0.966539	-0.470652
-0.235743	0.837714
-0.828011	-0.409972
-0.227496	0.686346
-0.818685	-0.536314
-0.145600	0.759668
-0.957809	-0.611945
-0.078286	0.894472
-1.061253	-0.531635
-0.153285	0.951715
-0.965624	-0.470359
-0.235907	0.836649
-0.827596	-0.410266
-0.227190	0.686246
-0.819170	-0.537440
-0.145095	0.760601
-0.958645	-0.611627
-0.078359	0.894997
-1.061200	-0.531300
-0.153892	0.951290
-0.964746	-0.469994
-0.236065	0.835590
-0.827196	-0.410534
-0.226896	0.686151
-0.819637	-0.538210
-0.144606	0.761535
-0.959449	-0.611365
-0.078428	0.895520
-1.061149	-0.530968
-0.154477	0.951323
-0.963902	-0.469565
-0.236217	0.834534
-0.826810	-0.410779
-0.226612	0.686058
-0.820086	-0.539007
-0.144134	0.761978
-0.960227	-0.611152
-0.078494	0.896042
-1.061101	-0.530635
-0.155040	0.950893
-0.963086	-0.469077
-0.236365	0.833955
-0.826435	-0.411005
-0.226338	0.685968
-0.820521	-0.539828
-0.143675	0.762914
-0.960982	-0.610980
-0.078556	0.896561
-1.061057	-0.530300
-0.155586	0.950922
-0.962297	-0.468871
-0.236510	0.832906
-0.826069	-0.411215
-0.226073	0.685880
-0.820942	-0.540670
-0.143227	0.763358
-0.961717	-0.610844
-0.078615	0.897077
-1.061017	-0.529962
-0.156115	0.950489
-0.961530	-0.468621
-0.236652	0.831859
-0.825710	-0.411413
-0.225815	0.685794
-0.821350	-0.541532
-0.142788	0.764294
-0.962435	-0.610426
-0.078670	0.897592
-1.060981	-0.529619
-0.156632	0.950515
-0.960781	-0.468334
-0.236793	0.831288
-0.825357	-0.411204
-0.225563	0.685709
-0.821748	-0.542411
-0.142356	0.764738
-0.963141	-0.610342
-0.078721	0.898105
-1.060949	-0.529270
-0.157138	0.950540
-0.960049	-0.468015
-0.236933	0.830243
-0.825008	-0.411386
-0.225317	0.685626
-0.822136	-0.542920
-0.141929	0.765181
-0.963837	-0.609965
-0.078768	0.898141
-1.060921	-0.528915
-0.157635	0.950103
-0.959328	-0.467671
-0.237073	0.829675
-0.824660	-0.411564
-0.225076	0.685543
-0.822518	-0.543824
-0.141506	0.766116
-0.964527	-0.609908
-0.078811	0.898650
-1.060898	-0.528821
-0.158127	0.950127
-0.958616	-0.467308
-0.237213	0.828632
-0.824313	-0.411741
-0.224837	0.685460
-0.822893	-0.544355
-0.141084	0.766558
-0.965213	-0.609547
-0.078851	0.899158
-1.060880	-0.528450
-0.158614	0.949689
-0.957909	-0.466931
-0.237355	0.828065
-0.823964	-0.411920
-0.224601	0.685378
-0.823265	-0.545274
-0.140661	0.767490
-0.965900	-0.609494
-0.078887	0.899664
-1.060867	-0.528071
-0.159100	0.949711
-0.957205	-0.466548
-0.237499	0.827022
-0.823613	-0.412103
-0.224367	0.684799
-0.823633	-0.545816
-0.140236	0.767930
-0.966589	-0.609126
-0.078919	0.900169
-1.060857	-0.527682
-0.159587	0.949734
-0.956500	-0.466163
-0.237645	0.826454
-0.823256	-0.412295
-0.224132	0.684716
-0.824001	-0.546739
-0.139805	0.768368
-0.967285	-0.609054
-0.078949	0.900673
-1.060853	-0.527554
-0.160076	0.949296
-0.955791	-0.465784
-0.237794	0.825411
-0.822894	-0.412496
-0.223896	0.684633
-0.824370	-0.547280
-0.139369	0.769296
-0.967990	-0.608964
-0.078975	0.901177
-1.060852	-0.527147
-0.160570	0.949319
-0.955075	-0.465416
-0.237947	0.824366
-0.822523	-0.412312
-0.223659	0.684548
-0.824742	-0.548197
-0.138923	0.769732
-0.968708	-0.608541
-0.078999	0.901680
-1.060855	-0.526729
-0.161072	0.949342
-0.954348	-0.465064
-0.238105	0.823795
-0.822144	-0.412541
-0.223418	0.684462
-0.825118	-0.548726
-0.138467	0.770165
-0.969441	-0.608395
-0.079020	0.902183
-1.060863	-0.526572
-0.161583	0.948905
-0.953606	-0.464737
-0.238268	0.822747
-0.821753	-0.412788
-0.223172	0.684374
-0.825502	-0.549624
-0.137999	0.771088
-0.970194	-0.608212
-0.079039	0.902687
-1.060873	-0.526135
-0.162107	0.948929
-0.952848	-0.464100
-0.238436	0.822172
-0.821351	-0.412657
-0.222921	0.683787
-0.825894	-0.550507
-0.137516	0.771517
-0.970969	-0.607986
-0.079057	0.903191
-1.060886	-0.525688
-0.162644	0.948954
-0.952068	-0.463837
-0.238610	0.821118
-0.820934	-0.412947
-0.222662	0.683694
-0.826296	-0.551372
-0.137015	0.772433
-0.971770	-0.607710
-0.079074	0.903695
-1.060902	-0.525501
-0.163199	0.948517
-0.951264	-0.463278
-0.238791	0.820062
-0.820502	-0.413261
-0.222396	0.683598
-0.826712	-0.552215
-0.136496	0.772856
-0.972600	-0.607683
-0.079091	0.904200
-1.060920	-0.525036
-0.163772	0.948542
-0.950432	-0.462767
-0.238978	0.819001
-0.820053	-0.413205
-0.222119	0.683498
-0.827143	-0.553032
-0.135955	0.773766
-0.973462	-0.607286
-0.079108	0.904706
-1.060939	-0.524562
-0.164367	0.948567
-0.949568	-0.462310
-0.239174	0.817936
-0.819586	-0.413178
-0.221831	0.683392
-0.827593	-0.553819
-0.135391	0.774671
-0.974361	-0.607124
-0.079126	0.905686
-1.060958	-0.524081
-0.164986	0.948130
-0.948668	-0.461916
-0.239377	0.816865
-0.819099	-0.413580
-0.221530	0.682785
-0.828063	-0.554948
-0.134800	0.775081
-0.975300	-0.606884
-0.079146	0.906195
-1.060976	-0.523862
-0.165633	0.948153
-0.947729	-0.461249
-0.239589	0.815789
-0.818591	-0.413618
-0.221214	0.682668
-0.828557	-0.555659
-0.134180	0.775975
-0.976283	-0.606556
-0.079170	0.906704
-1.060992	-0.523369
-0.166308	0.947712
-0.946745	-0.460657
-0.239809	0.814705
-0.818060	-0.413691
-0.220882	0.682543
-0.829077	-0.556701
-0.133530	0.776862
-0.977314	-0.606134
-0.079198	0.907687
-1.061005	-0.522871
-0.167016	0.947731
-0.945713	-0.460148
-0.240039	0.813136
-0.817506	-0.413800
-0.220531	0.681913
-0.829628	-0.558068
-0.132845	0.777741
-0.978396	-0.605913
-0.079232	0.908199
-1.061012	-0.522372
-0.167759	0.947284
-0.944629	-0.459386
-0.240278	0.812034
-0.816926	-0.414346
-0.220160	0.681768
-0.830213	-0.558997
-0.132124	0.778610
-0.979534	-0.605579
-0.079274	0.909184
-1.061013	-0.521873
-0.168541	0.947294
-0.943487	-0.458721
-0.240526	0.810444
-0.816319	-0.414533
-0.219766	0.681612
-0.830835	-0.560236
-0.131363	0.779469
-0.980732	-0.605123
-0.079325	0.909697
-1.061004	-0.521377
-0.169363	0.946836
-0.942284	-0.458159
-0.240784	0.809319
-0.815685	-0.414759
-0.219347	0.681441
-0.831499	-0.561399
-0.130561	0.780804
-0.981993	-0.604839
-0.079388	0.910682
-1.060984	-0.520618
-0.170229	0.946831
-0.941013	-0.457365
-0.241051	0.807701
-0.815023	-0.415024
-0.218900	0.681254
-0.832209	-0.562854
-0.129713	0.781635
-0.983323	-0.604413
-0.079466	0.911667
-1.060949	-0.520140
-0.171143	0.946354
-0.939671	-0.456345
-0.241327	0.806067
-0.814332	-0.415329
-0.218423	0.681047
-0.832971	-0.564213
-0.128817	0.782938
-0.984725	-0.603837
-0.079560	0.912651
-1.060896	-0.519406
-0.172107	0.946325
-0.938253	-0.455449
-0.241611	0.803936
-0.813612	-0.415673
-0.217912	0.680322
-0.833789	-0.565842
-0.127870	0.784220
-0.986204	-0.603399
-0.079676	0.913632
-1.060820	-0.518964
-0.173124	0.945819
-0.936752	-0.454684
-0.241904	0.802261
-0.812862	-0.415652
-0.217365	0.680069
-0.834670	-0.567352
-0.126869	0.785480
-0.987762	-0.602789
-0.079816	0.914611
-1.060718	-0.518279
-0.174197	0.945293
-0.935165	-0.453712
-0.242204	0.800082
-0.812083	-0.416466
-0.216779	0.680285
-0.835619	-0.568731
-0.125812	0.786714
-0.989405	-0.602296
-0.079984	0.915586
-1.060584	-0.517358
-0.175329	0.944744
-0.933485	-0.452536
-0.242511	0.798354
-0.811274	-0.416910
-0.216148	0.679971
-0.836643	-0.570339
-0.124695	0.787917
-0.991135	-0.601610
-0.080186	0.917027
-1.060412	-0.516752
-0.176522	0.944168
-0.931709	-0.451508
-0.242822	0.796116
-0.810439	-0.417380
-0.215471	0.679620
-0.837749	-0.572159
-0.123517	0.789574
-0.992956	-0.601017
-0.080426	0.917989
-1.060196	-0.515927
-0.177780	0.944020
-0.929832	-0.450284
-0.243136	0.793362
-0.809577	-0.417869
-0.214743	0.679725
-0.838945	-0.574173
-0.122275	0.791193
-0.994869	-0.600212
-0.080712	0.919414
-1.059928	-0.515167
-0.179104	0.943373
-0.927849	-0.449217
-0.243451	0.791048
-0.808692	-0.418773
-0.213960	0.679285
-0.840237	-0.575991
-0.120967	0.792767
-0.996877	-0.599481
-0.081048	0.920827
-1.059600	-0.514213
-0.180496	0.942682
-0.925756	-0.447958
-0.243764	0.788689
-0.807786	-0.419279
-0.213117	0.679292
-0.841635	-0.577966
-0.119592	0.794781
-0.998981	-0.598522
-0.081443	0.922228
-1.059204	-0.513350
-0.181957	0.941941
-0.923551	-0.446504
-0.244073	0.785801
-0.806864	-0.420180
-0.212211	0.679241
-0.843146	-0.580078
-0.118150	0.796740
-1.001181	-0.597620
-0.081904	0.923613
-1.058729	-0.512321
-0.183487	0.940681
-0.921230	-0.444852
-0.244375	0.782858
-0.805930	-0.421466
-0.211237	0.679625
-0.844778	-0.582304
-0.116641	0.798638
-1.003476	-0.596480
-0.082439	0.924981
-1.058165	-0.511415
-0.185087	0.939818
-0.918794	-0.443351
-0.244664	0.779856
-0.804991	-0.422318
-0.210191	0.679940
-0.846540	-0.584257
-0.115065	0.800959
-1.005863	-0.595391
-0.083056	0.926329
-1.057501	-0.510378
-0.186754	0.938885
-0.916241	-0.441641
-0.244939	0.776309
-0.804052	-0.423929
-0.209069	0.680182
-0.848440	-0.586650
-0.113425	0.803207
-1.008337	-0.594063
-0.083765	0.928124
-1.056726	-0.509502
-0.188487	0.937873
-0.913573	-0.440067
-0.245192	0.773175
-0.803121	-0.425075
-0.207867	0.680345
-0.850484	-0.588732
-0.111723	0.805380
-1.010893	-0.592503
-0.084574	0.929895
-1.055828	-0.508257
-0.190281	0.936315
-0.910793	-0.438259
-0.245421	0.769488
-0.802209	-0.426947
-0.206583	0.680925
-0.852678	-0.591214
-0.109966	0.807961
-1.013523	-0.591295
-0.085491	0.931169
-1.054796	-0.507213
-0.192133	0.935129
-0.907907	-0.436560
-0.245619	0.766208
-0.801323	-0.428722
-0.205214	0.681420
-0.855028	-0.593353
-0.108159	0.810458
-1.016216	-0.589592
-0.086524	0.932885
-1.053619	-0.506113
-0.194035	0.933386
-0.904921	-0.434590
-0.245782	0.762369
-0.800476	-0.430379
-0.203758	0.682329
-0.857535	-0.595864
-0.106310	0.813359
-1.018960	-0.587987
-0.087680	0.934572
-1.052286	-0.504976
-0.195980	0.931547
-0.901846	-0.432690
-0.245903	0.758454
-0.799678	-0.432709
-0.202217	0.683652
-0.860201	-0.598015
-0.104428	0.816176
-1.021740	-0.586219
-0.088963	0.936229
-1.050790	-0.504096
-0.197958	0.929609
-0.898693	-0.430836
-0.245978	0.754464
-0.798941	-0.435291
-0.200590	0.684895
-0.863023	-0.600528
-0.102526	0.818915
-1.024538	-0.584321
-0.090377	0.938326
-1.049125	-0.502927
-0.199960	0.927576
-0.895476	-0.428635
-0.246002	0.750403
-0.798276	-0.437705
-0.198881	0.686064
-0.865995	-0.602688
-0.100616	0.822065
-1.027337	-0.582331
-0.091923	0.939929
-1.047287	-0.501758
-0.201973	0.925452
-0.892213	-0.426792
-0.245971	0.746278
-0.797694	-0.440341
-0.197094	0.687666
-0.869110	-0.604515
-0.098713	0.824666
-1.030115	-0.580292
-0.093600	0.941509
-1.045276	-0.500591
-0.203984	0.922782
-0.888920	-0.424913
-0.245881	0.742582
-0.797207	-0.443592
-0.195237	0.689215
-0.872355	-0.606738
-0.096831	0.828183
-1.032851	-0.578250
-0.095401	0.943069
-1.043095	-0.499424
-0.205980	0.920501
-0.885618	-0.422969
-0.245730	0.738354
-0.796823	-0.446645
-0.193316	0.691222
-0.875715	-0.608677
-0.094986	0.831176
-1.035524	-0.575978
-0.097320	0.944614
-1.040751	-0.498248
-0.207949	0.917698
-0.882328	-0.420930
-0.245517	0.734579
-0.796549	-0.449898
-0.191343	0.693204
-0.879172	-0.610372
-0.093195	0.834145
-1.038112	-0.573805
-0.099346	0.946149
-1.038255	-0.497049
-0.209876	0.914850
-0.879069	-0.419144
-0.245242	0.730784
-0.796391	-0.453355
-0.189327	0.695677
-0.882703	-0.611866
-0.091471	0.837591
-1.040596	-0.571779
-0.101466	0.947681
-1.035623	-0.495802
-0.211750	0.911975
-0.875862	-0.417590
-0.244905	0.726983
-0.796352	-0.457019
-0.187282	0.697663
-0.886287	-0.613208
-0.089830	0.840566
-1.042958	-0.569402
-0.103663	0.948751
-1.032872	-0.494772
-0.213560	0.908626
-0.872726	-0.415872
-0.244510	0.723191
-0.796432	-0.460899
-0.185221	0.700173
-0.889899	-0.614450
-0.088282	0.843569
-1.045182	-0.567265
-0.105921	0.949829
-1.030023	-0.493635
-0.215296	0.905750
-0.869679	-0.414350
-0.244059	0.719911
-0.796629	-0.464606
-0.183156	0.702726
-0.893514	-0.615643
-0.086839	0.846619
-1.047256	-0.565131
-0.108221	0.950923
-1.027097	-0.492647
-0.216950	0.902433
-0.866736	-0.413013
-0.243559	0.716668
-0.796939	-0.468157
-0.181100	0.705335
-0.897109	-0.616496
-0.085507	0.849728
-1.049172	-0.563033
-0.110544	0.952035
-1.024120	-0.491475
-0.218516	0.899157
-0.863910	-0.411853
-0.243014	0.713472
-0.797355	-0.471969
-0.179067	0.708014
-0.900662	-0.617399
-0.084292	0.852429
-1.050925	-0.560723
-0.112873	0.952707
-1.021113	-0.490373
-0.219991	0.895934
-0.861210	-0.410865
-0.242430	0.710823
-0.797869	-0.476061
-0.177067	0.710771
-0.904150	-0.618058
-0.083194	0.855213
-1.052513	-0.558754
-0.115189	0.953406
-1.018100	-0.489303
-0.221373	0.892776
-0.858643	-0.409664
-0.241814	0.707749
-0.798471	-0.479652
-0.175111	0.713613
-0.907557	-0.618179
-0.082215	0.858085
-1.053939	-0.556863
-0.117478	0.954133
-1.015103	-0.488227
-0.222661	0.889689
-0.856214	-0.409018
-0.241172	0.705727
-0.799149	-0.483163
-0.173206	0.716542
-0.910867	-0.618470
-0.081350	0.860570
-1.055206	-0.555049
-0.119725	0.954426
-1.012140	-0.487108
-0.223857	0.886214
-0.853924	-0.408163
-0.240510	0.703286
-0.799894	-0.487011
-0.171361	0.719065
-0.914067	-0.618955
-0.080596	0.863148
-1.056322	-0.553304
-0.121918	0.954749
-1.009230	-0.486221
-0.224962	0.883285
-0.851774	-0.407876
-0.239836	0.701411
-0.800693	-0.490416
-0.169581	0.721677
-0.917149	-0.618990
-0.079946	0.865339
-1.057295	-0.551616
-0.124047	0.955099
-1.006386	-0.485233
-0.225981	0.880438
-0.849761	-0.407391
-0.239154	0.699609
-0.801535	-0.493794
-0.167869	0.724374
-0.920104	-0.618926
-0.079393	0.867619
-1.058136	-0.549967
-0.126105	0.955477
-1.003622	-0.484429
-0.226918	0.877204
-0.847881	-0.407102
-0.238470	0.697879
-0.802409	-0.496763
-0.166230	0.726658
-0.922929	-0.618774
-0.078929	0.869504
-1.058856	-0.548604
-0.128085	0.955416
-1.000946	-0.483481
-0.227778	0.874514
-0.846129	-0.406631
-0.237789	0.696710
-0.803307	-0.499734
-0.164664	0.729019
-0.925621	-0.618540
-0.078547	0.871467
-1.059464	-0.547240
-0.129984	0.955378
-0.998366	-0.482372
-0.228566	0.871899
-0.844499	-0.406766
-0.237115	0.695112
-0.804218	-0.502716
-0.163172	0.731450
-0.928181	-0.618554
-0.078237	0.873501
-1.059974	-0.545851
-0.131799	0.955360
-0.995887	-0.481716
-0.229286	0.868883
-0.842985	-0.406346
-0.236452	0.694067
-0.805134	-0.505719
-0.161753	0.733451
-0.930609	-0.618160
-0.077992	0.875122
-1.060394	-0.544680
-0.133530	0.955358
-0.993513	-0.480881
-0.229944	0.866400
-0.841580	-0.406552
-0.235801	0.693078
-0.806049	-0.508357
-0.160407	0.735510
-0.932908	-0.617683
-0.077803	0.876799
-1.060737	-0.543439
-0.135175	0.955372
-0.991244	-0.479860
-0.230546	0.863977
-0.840277	-0.406614
-0.235167	0.692139
-0.806955	-0.510639
-0.159131	0.737621
-0.935082	-0.617441
-0.077664	0.878527
-1.061011	-0.542374
-0.136737	0.955397
-0.989082	-0.479286
-0.231096	0.861607
-0.839069	-0.406539
-0.234551	0.691739
-0.807849	-0.512963
-0.157923	0.739778
-0.937135	-0.617100
-0.077567	0.879821
-1.061226	-0.541463
-0.138217	0.954970
-0.987024	-0.478525
-0.231599	0.859755
-0.837948	-0.406730
-0.233954	0.690886
-0.808726	-0.515331
-0.156782	0.741482
-0.939073	-0.616653
-0.077507	0.881153
-1.061390	-0.540421
-0.139618	0.955013
-0.985068	-0.477899
-0.232059	0.857477
-0.836909	-0.406802
-0.233377	0.690070
-0.809582	-0.517356
-0.155703	0.743222
-0.940900	-0.616412
-0.077476	0.882517
-1.061510	-0.539497
-0.140942	0.954600
-0.983213	-0.477091
-0.232480	0.855708
-0.835945	-0.407158
-0.232822	0.689781
-0.810415	-0.519430
-0.154684	0.744992
-0.942622	-0.616044
-0.077472	0.883907
-1.061594	-0.538677
-0.142194	0.954191
-0.981454	-0.476429
-0.232866	0.853503
-0.835049	-0.407412
-0.232288	0.689026
-0.811222	-0.521166
-0.153721	0.746295
-0.944246	-0.615540
-0.077488	0.884842
-1.061646	-0.537944
-0.143376	0.954246
-0.979787	-0.475919
-0.233220	0.851799
-0.834217	-0.407572
-0.231775	0.688791
-0.812003	-0.522953
-0.152812	0.748114
-0.945776	-0.615209
-0.077522	0.885796
-1.061673	-0.537287
-0.144492	0.953841
-0.978209	-0.475246
-0.233547	0.850122
-0.833442	-0.408039
-0.231284	0.688578
-0.812756	-0.524402
-0.151953	0.749459
-0.947220	-0.615038
-0.077569	0.886764
-1.061678	-0.536428
-0.145545	0.953898
-0.976714	-0.474741
-0.233848	0.848469
-0.832719	-0.408032
-0.230814	0.688384
-0.813481	-0.525902
-0.151142	0.750820
-0.948582	-0.614700
-0.077627	0.887744
-1.061667	-0.535890
-0.146541	0.953494
-0.975299	-0.474088
-0.234126	0.846836
-0.832044	-0.408346
-0.230364	0.687713
-0.814179	-0.527451
-0.150374	0.751702
-0.949868	-0.614185
-0.077693	0.888732
-1.061642	-0.535398
-0.147481	0.953088
-0.973958	-0.473620
-0.234385	0.845693
-0.831413	-0.408592
-0.229934	0.687551
-0.814848	-0.529048
-0.149647	0.753088
-0.951084	-0.613799
-0.077765	0.889726
-1.061606	-0.534676
-0.148371	0.953142
-0.972688	-0.473020
-0.234625	0.844094
-0.830821	-0.408777
-0.229524	0.687401
-0.815490	-0.530304
-0.148957	0.754484
-0.952235	-0.613534
-0.077840	0.890250
-1.061563	-0.534252
-0.149212	0.952732
-0.971483	-0.472624
-0.234849	0.842981
-0.830264	-0.408906
-0.229131	0.687263
-0.816105	-0.531604
-0.148303	0.755395
-0.953325	-0.613378
-0.077919	0.891251
-1.061513	-0.533854
-0.150010	0.952321
-0.970339	-0.472112
-0.235059	0.841879
-0.829739	-0.409379
-0.228756	0.687134
-0.816695	-0.532560
-0.147681	0.756312
-0.954361	-0.613008
-0.077998	0.891780
-1.061460	-0.533208
-0.150768	0.952368
-0.969251	-0.471820
-0.235256	0.840315
-0.829243	-0.409410
-0.228398	0.687013
-0.817260	-0.533557
-0.147088	0.757234
-0.955346	-0.612730
-0.078077	0.892784
-1.061405	-0.532846
-0.151487	0.951951
-0.968215	-0.471430
-0.235443	0.839232
-0.828772	-0.409796
-0.228055	0.686900
-0.817802	-0.534591
-0.146522	0.758160
-0.956285	-0.612537
-0.078155	0.893312
-1.061349	-0.532495
-0.152173	0.951994
-0.967228	-0.470947
-0.235620	0.838157
-0.828324	-0.410144
-0.227726	0.686792
-0.818321	-0.535661
-0.145980	0.759090
-0.957182	-0.612105
-0.078232	0.893840
-1.061293	-0.532153
-0.152828	0.951572
-0.966284	-0.470710
-0.235789	0.837088
-0.827895	-0.410064
-0.227411	0.686689
-0.818820	-0.536765
-0.145460	0.760022
-0.958042	-0.611743
-0.078306	0.894367
-1.061238	-0.531549
-0.153454	0.951609
-0.965380	-0.470066
-0.235951	0.836499
-0.827484	-0.410351
-0.227108	0.686591
-0.819300	-0.537514
-0.144959	0.760955
-0.958868	-0.611753
-0.078378	0.894891
-1.061186	-0.531215
-0.154055	0.951183
-0.964511	-0.470013
-0.236107	0.835440
-0.827089	-0.410612
-0.226817	0.686496
-0.819762	-0.538292
-0.144475	0.761398
-0.959665	-0.611505
-0.078446	0.895414
-1.061136	-0.530883
-0.154633	0.951216
-0.963675	-0.469568
-0.236258	0.834386
-0.826706	-0.410852
-0.226536	0.685908
-0.820207	-0.539479
-0.144007	0.762333
-0.960436	-0.610992
-0.078512	0.895935
-1.061089	-0.530549
-0.155192	0.950785
-0.962867	-0.469066
-0.236405	0.833334
-0.826333	-0.411073
-0.226265	0.685819
-0.820638	-0.540307
-0.143551	0.762777
-0.961185	-0.610831
-0.078573	0.896453
-1.061046	-0.530214
-0.155733	0.950814
-0.962084	-0.468847
-0.236549	0.832759
-0.825970	-0.411280
-0.226001	0.685731
-0.821055	-0.540771
-0.143105	0.763713
-0.961915	-0.610703
-0.078631	0.896969
-1.061006	-0.529874
-0.156258	0.950380
-0.961323	-0.468586
-0.236691	0.831713
-0.825613	-0.411475
-0.225745	0.685646
-0.821460	-0.541638
-0.142669	0.764157
-0.962630	-0.610293
-0.078684	0.897483
-1.060971	-0.529530
-0.156772	0.950406
-0.960579	-0.467956
-0.236831	0.831142
-0.825261	-0.411264
-0.225495	0.685561
-0.821855	-0.542520
-0.142239	0.765093
-0.963333	-0.610214
-0.078734	0.897996
-1.060941	-0.529179
-0.157275	0.950431
-0.959850	-0.467629
-0.236971	0.830098
-0.824912	-0.411444
-0.225251	0.685478
-0.822242	-0.543034
-0.141813	0.765536
-0.964027	-0.610150
-0.078780	0.898506
-1.060915	-0.528822
-0.157771	0.949994
-0.959132	-0.467279
-0.237111	0.829055
-0.824565	-0.411621
-0.225010	0.685395
-0.822621	-0.543940
-0.141390	0.765978
-0.964715	-0.609785
-0.078822	0.899014
-1.060893	-0.528726
-0.158261	0.950017
-0.958422	-0.467246
-0.237252	0.828487
-0.824218	-0.411798
-0.224773	0.685313
-0.822995	-0.544473
-0.140968	0.766911
-0.965401	-0.609734
-0.078861	0.899521
-1.060876	-0.528353
-0.158748	0.950040
-0.957716	-0.466867
-0.237394	0.827445
-0.823868	-0.411979
-0.224537	0.685230
-0.823366	-0.545394
-0.140545	0.767352
-0.966088	-0.609371
-0.078896	0.900027
-1.060864	-0.527971
-0.159233	0.949602
-0.957012	-0.466483
-0.237538	0.826877
-0.823515	-0.412164
-0.224302	0.685148
-0.823734	-0.545936
-0.140118	0.768283
-0.966779	-0.609309
-0.078928	0.900532
-1.060856	-0.527580
-0.159720	0.949624
-0.956306	-0.466099
-0.237685	0.825834
-0.823157	-0.412358
-0.224068	0.685065
-0.824102	-0.546859
-0.139686	0.768721
-0.967477	-0.608924
-0.078956	0.901036
-1.060852	-0.527449
-0.160211	0.949647
-0.955596	-0.465722
-0.237836	0.825265
-0.822793	-0.412562
-0.223831	0.684485
-0.824472	-0.547399
-0.139247	0.769158
-0.968186	-0.608827
-0.078982	0.901539
-1.060852	-0.527039
-0.160707	0.949209
-0.954877	-0.465358
-0.237990	0.824220
-0.822420	-0.412383
-0.223593	0.684399
-0.824845	-0.548315
-0.138799	0.770084
-0.968907	-0.608704
-0.079005	0.902043
-1.060857	-0.526619
-0.161211	0.949233
-0.954146	-0.465013
-0.238149	0.823649
-0.822038	-0.412616
-0.223351	0.684313
-0.825223	-0.549221
-0.138340	0.770517
-0.969646	-0.608548
-0.079025	0.902546
-1.060865	-0.526459
-0.161726	0.949257
-0.953400	-0.464355
-0.238313	0.822600
-0.821644	-0.412868
-0.223104	0.684224
-0.825608	-0.549735
-0.137868	0.770947
-0.970404	-0.608354
-0.079044	0.903049
-1.060876	-0.526019
-0.162253	0.948820
-0.952636	-0.464065
-0.238483	0.821549
-0.821238	-0.412743
-0.222851	0.684133
-0.826003	-0.550614
-0.137380	0.771866
-0.971186	-0.608114
-0.079062	0.903553
-1.060890	-0.525570
-0.162795	0.948844
-0.951850	-0.463813
-0.238659	0.820970
-0.820817	-0.413039
-0.222590	0.683543
-0.826409	-0.551473
-0.136875	0.772292
-0.971994	-0.607823
-0.079079	0.904058
-1.060907	-0.525380
-0.163354	0.948869
-0.951039	-0.463266
-0.238842	0.819913
-0.820381	-0.412963
-0.222321	0.683446
-0.826829	-0.552310
-0.136350	0.773204
-0.972833	-0.607474
-0.079095	0.904563
-1.060925	-0.524913
-0.163933	0.948433
-0.950198	-0.462770
-0.239031	0.818851
-0.819927	-0.413313
-0.222041	0.683344
-0.827265	-0.553119
-0.135803	0.774113
-0.973705	-0.607364
-0.079112	0.905070
-1.060944	-0.524437
-0.164535	0.948457
-0.949325	-0.462330
-0.239229	0.817784
-0.819455	-0.413294
-0.221750	0.683238
-0.827720	-0.554275
-0.135231	0.774526
-0.974615	-0.607181
-0.079131	0.905577
-1.060963	-0.524223
-0.165161	0.948020
-0.948414	-0.461613
-0.239434	0.816712
-0.818962	-0.413706
-0.221445	0.682629
-0.828196	-0.555015
-0.134633	0.775425
-0.975565	-0.606917
-0.079152	0.906558
-1.060980	-0.523733
-0.165815	0.948042
-0.947463	-0.461307
-0.239649	0.815634
-0.818448	-0.413753
-0.221125	0.682510
-0.828697	-0.556092
-0.134005	0.776317
-0.976561	-0.606565
-0.079177	0.907068
-1.060996	-0.523239
-0.166499	0.947602
-0.946467	-0.460738
-0.239872	0.814071
-0.817911	-0.413835
-0.220788	0.682383
-0.829225	-0.557120
-0.133345	0.777202
-0.977605	-0.606115
-0.079207	0.907579
-1.061007	-0.522741
-0.167217	0.947619
-0.945421	-0.459911
-0.240104	0.812976
-0.817349	-0.413955
-0.220431	0.682246
-0.829785	-0.558093
-0.132651	0.778078
-0.978702	-0.605863
-0.079243	0.908563
-1.061013	-0.522241
-0.167970	0.947633
-0.944321	-0.459174
-0.240345	0.811395
-0.816762	-0.414113
-0.220054	0.681602
-0.830379	-0.559382
-0.131919	0.778945
-0.979856	-0.605497
-0.079287	0.909076
-1.061012	-0.521743
-0.168762	0.947179
-0.943163	-0.458537
-0.240596	0.810279
-0.816148	-0.414310
-0.219653	0.681441
-0.831013	-0.560601
-0.131147	0.779800
-0.981071	-0.605007
-0.079341	0.910061
-1.061000	-0.521249
-0.169596	0.946719
-0.941942	-0.458005
-0.240856	0.808672
-0.815507	-0.414547
-0.219227	0.681266
-0.831689	-0.561742
-0.130333	0.781131
-0.982351	-0.604684
-0.079408	0.911047
-1.060976	-0.520492
-0.170475	0.946711
-0.940652	-0.457243
-0.241125	0.807050
-0.814837	-0.414823
-0.218772	0.681074
-0.832413	-0.563172
-0.129472	0.781957
-0.983701	-0.604218
-0.079490	0.912031
-1.060936	-0.520017
-0.171402	0.946231
-0.939290	-0.456256
-0.241404	0.805411
-0.814138	-0.415138
-0.218286	0.680862
-0.833190	-0.564503
-0.128562	0.783255
-0.985123	-0.603899
-0.079590	0.913014
-1.060877	-0.519289
-0.172380	0.946198
-0.937849	-0.455396
-0.241691	0.803752
-0.813409	-0.415492
-0.217766	0.680627
-0.834025	-0.566101
-0.127601	0.784532
-0.986623	-0.603414
-0.079712	0.913995
-1.060795	-0.518583
-0.173412	0.945687
-0.936325	-0.454323
-0.241986	0.801592
-0.812651	-0.415881
-0.217208	0.680367
-0.834923	-0.567577
-0.126585	0.785785
-0.988205	-0.602756
-0.079859	0.914973
-1.060685	-0.517907
-0.174501	0.945155
-0.934713	-0.453389
-0.242288	0.799885
-0.811864	-0.416303
-0.216610	0.680077
-0.835893	-0.569292
-0.125511	0.787010
-0.989871	-0.602210
-0.080036	0.915947
-1.060541	-0.517267
-0.175650	0.944599
-0.933008	-0.452253
-0.242596	0.797670
-0.811048	-0.416755
-0.215967	0.679753
-0.836938	-0.570857
-0.124378	0.788693
-0.991626	-0.601469
-0.080248	0.917385
-1.060357	-0.516403
-0.176861	0.944476
-0.931204	-0.451267
-0.242908	0.795422
-0.810205	-0.417632
-0.215277	0.679889
-0.838068	-0.572629
-0.123182	0.790341
-0.993471	-0.600819
-0.080500	0.918346
-1.060128	-0.515595
-0.178137	0.943857
-0.929298	-0.450086
-0.243222	0.793137
-0.809336	-0.418126
-0.214534	0.679484
-0.839290	-0.574592
-0.121922	0.791948
-0.995411	-0.599955
-0.080799	0.919767
-1.059844	-0.514855
-0.179479	0.943198
-0.927286	-0.448712
-0.243537	0.790331
-0.808445	-0.418630
-0.213735	0.679528
-0.840610	-0.576353
-0.120597	0.793509
-0.997445	-0.599162
-0.081150	0.921178
-1.059498	-0.513924
-0.180890	0.942494
-0.925162	-0.447495
-0.243849	0.787479
-0.807535	-0.419537
-0.212875	0.679520
-0.842038	-0.578637
-0.119203	0.795508
-0.999575	-0.598138
-0.081563	0.922575
-1.059082	-0.513089
-0.182370	0.941738
-0.922926	-0.446084
-0.244157	0.785057
-0.806609	-0.420434
-0.211951	0.679452
-0.843581	-0.580680
-0.117743	0.797451
-1.001802	-0.597172
-0.082043	0.923955
-1.058583	-0.512092
-0.183919	0.940461
-0.920573	-0.444474
-0.244455	0.782098
-0.805673	-0.421713
-0.210957	0.679320
-0.845249	-0.582833
-0.116215	0.799332
-1.004122	-0.595967
-0.082600	0.925318
-1.057993	-0.511224
-0.185537	0.939580
-0.918105	-0.443015
-0.244741	0.778598
-0.804733	-0.422956
-0.209891	0.679615
-0.847048	-0.585075
-0.114621	0.801633
-1.006533	-0.594813
-0.083241	0.926660
-1.057300	-0.510229
-0.187223	0.938626
-0.915520	-0.441344
-0.245010	0.775514
-0.803795	-0.424149
-0.208747	0.680334
-0.848986	-0.587018
-0.112964	0.803861
-1.009031	-0.593710
-0.083977	0.928449
-1.056493	-0.509126
-0.188973	0.937130
-0.912821	-0.439447
-0.245258	0.772361
-0.802869	-0.425678
-0.207523	0.680475
-0.851071	-0.589377
-0.111246	0.806012
-1.011608	-0.592375
-0.084815	0.930212
-1.055559	-0.508210
-0.190784	0.936009
-0.910011	-0.437670
-0.245479	0.768653
-0.801963	-0.427122
-0.206216	0.681032
-0.853307	-0.591766
-0.109475	0.808570
-1.014256	-0.590821
-0.085763	0.931948
-1.054488	-0.506949
-0.192650	0.934336
-0.907097	-0.435998
-0.245668	0.764870
-0.801087	-0.429269
-0.204823	0.682002
-0.855700	-0.594172
-0.107655	0.811045
-1.016965	-0.589065
-0.086829	0.933655
-1.053269	-0.505913
-0.194565	0.933029
-0.904086	-0.434049
-0.245819	0.761009
-0.800252	-0.431296
-0.203344	0.682887
-0.858251	-0.596584
-0.105796	0.813923
-1.019720	-0.587412
-0.088019	0.935334
-1.051892	-0.504845
-0.196520	0.931162
-0.900988	-0.432164
-0.245928	0.757073
-0.799469	-0.433182
-0.201779	0.683690
-0.860960	-0.598637
-0.103908	0.816718
-1.022507	-0.585606
-0.089338	0.936983
-1.050351	-0.503759
-0.198506	0.929198
-0.897816	-0.429952
-0.245990	0.753548
-0.798750	-0.435719
-0.200129	0.684912
-0.863824	-0.601052
-0.102002	0.819922
-1.025307	-0.583679
-0.090788	0.938605
-1.048638	-0.502667
-0.200512	0.927140
-0.894585	-0.428117
-0.245999	0.749469
-0.798107	-0.438488
-0.198398	0.686560
-0.866836	-0.603119
-0.100093	0.822568
-1.028102	-0.581951
-0.092371	0.940202
-1.046752	-0.501294
-0.202525	0.924529
-0.891311	-0.426268
-0.245952	0.745327
-0.797551	-0.441072
-0.196591	0.688147
-0.869988	-0.605212
-0.098194	0.825638
-1.030871	-0.579628
-0.094082	0.941776
-1.044694	-0.500204
-0.204534	0.922300
-0.888014	-0.424374
-0.245846	0.741131
-0.797091	-0.444270
-0.194716	0.689683
-0.873267	-0.607354
-0.096320	0.828658
-1.033592	-0.577594
-0.095916	0.943331
-1.042467	-0.499114
-0.206524	0.919539
-0.884713	-0.422406
-0.245678	0.737379
-0.796737	-0.447670
-0.192779	0.691682
-0.876655	-0.609222
-0.094489	0.832127
-1.036244	-0.575344
-0.097866	0.944873
-1.040081	-0.498013
-0.208482	0.916722
-0.881429	-0.420336
-0.245448	0.733110
-0.796494	-0.450868
-0.190793	0.693661
-0.880134	-0.610856
-0.092714	0.835093
-1.038805	-0.573207
-0.099919	0.946407
-1.037546	-0.496882
-0.210396	0.913865
-0.878183	-0.418512
-0.245155	0.729311
-0.796369	-0.454270
-0.188768	0.696135
-0.883683	-0.612304
-0.091012	0.838057
-1.041257	-0.570957
-0.102062	0.947939
-1.034879	-0.495699
-0.212254	0.910985
-0.874994	-0.416915
-0.244802	0.726000
-0.796362	-0.457882
-0.186718	0.698623
-0.887277	-0.613613
-0.089395	0.841521
-1.043583	-0.568914
-0.104277	0.949011
-1.032099	-0.494432
-0.214044	0.908101
-0.871881	-0.415526
-0.244391	0.722213
-0.796475	-0.461714
-0.184654	0.701143
-0.890892	-0.614836
-0.087876	0.844535
-1.045766	-0.566577
-0.106548	0.950093
-1.029226	-0.493339
-0.215758	0.904765
-0.868861	-0.413952
-0.243927	0.718942
-0.796704	-0.465377
-0.182590	0.703710
-0.894504	-0.616024
-0.086462	0.847600
-1.047798	-0.564525
-0.108857	0.951191
-1.026284	-0.492386
-0.217389	0.901458
-0.865949	-0.412559
-0.243414	0.715710
-0.797043	-0.469288
-0.180540	0.706338
-0.898089	-0.616885
-0.085162	0.850247
-1.049670	-0.562245
-0.111183	0.952310
-1.023296	-0.491238
-0.218930	0.898195
-0.863156	-0.411341
-0.242857	0.712529
-0.797487	-0.473065
-0.178515	0.709037
-0.901626	-0.617471
-0.083979	0.852969
-1.051377	-0.560297
-0.113510	0.952989
-1.020286	-0.490149
-0.220380	0.894989
-0.860492	-0.410294
-0.242264	0.709897
-0.798026	-0.477128
-0.176525	0.711817
-0.905094	-0.618164
-0.082914	0.855777
-1.052921	-0.558154
-0.115821	0.953695
-1.017275	-0.489081
-0.221736	0.891849
-0.857962	-0.409418
-0.241640	0.707333
-0.798650	-0.480695
-0.174582	0.714682
-0.908476	-0.618328
-0.081966	0.858675
-1.054302	-0.556358
-0.118099	0.953967
-1.014285	-0.487997
-0.222998	0.888784
-0.855571	-0.408715
-0.240992	0.704839
-0.799348	-0.484187
-0.172694	0.717140
-0.911756	-0.618670
-0.081132	0.861185
-1.055527	-0.554638
-0.120333	0.954731
-1.011335	-0.486862
-0.224169	0.885330
-0.853320	-0.408189
-0.240326	0.702910
-0.800108	-0.487623
-0.170866	0.719688
-0.914925	-0.618879
-0.080407	0.863789
-1.056603	-0.552716
-0.122509	0.955061
-1.008442	-0.485950
-0.225250	0.882424
-0.851208	-0.407459
-0.239649	0.701056
-0.800920	-0.491417
-0.169104	0.722323
-0.917972	-0.618976
-0.079785	0.866005
-1.057539	-0.551114
-0.124619	0.955419
-1.005619	-0.484930
-0.226247	0.879599
-0.849232	-0.407308
-0.238966	0.699274
-0.801772	-0.494394
-0.167412	0.725044
-0.920892	-0.618978
-0.079257	0.867829
-1.058345	-0.549545
-0.126656	0.955341
-1.002878	-0.484088
-0.227162	0.876386
-0.847387	-0.406969
-0.238283	0.697563
-0.802654	-0.497758
-0.165793	0.727349
-0.923681	-0.618893
-0.078817	0.870215
-1.059033	-0.547991
-0.128615	0.955287
-1.000228	-0.483096
-0.228001	0.873717
-0.845670	-0.406839
-0.237604	0.696412
-0.803556	-0.500730
-0.164247	0.729729
-0.926337	-0.618399
-0.078455	0.872198
-1.059614	-0.546695
-0.130491	0.955717
-0.997676	-0.482253
-0.228770	0.871121
-0.844072	-0.406537
-0.236932	0.694831
-0.804469	-0.503717
-0.162775	0.732179
-0.928860	-0.618480
-0.078164	0.873773
-1.060097	-0.545368
-0.132283	0.955704
-0.995225	-0.481234
-0.229473	0.868123
-0.842589	-0.406464
-0.236272	0.693802
-0.805385	-0.506333
-0.161376	0.734196
-0.931252	-0.618153
-0.077935	0.875887
-1.060496	-0.544254
-0.133990	0.955244
-0.992880	-0.480663
-0.230115	0.865657
-0.841213	-0.406630
-0.235626	0.692826
-0.806299	-0.508981
-0.160050	0.736270
-0.933517	-0.617741
-0.077760	0.877102
-1.060819	-0.543064
-0.135612	0.955261
-0.990640	-0.479908
-0.230702	0.863249
-0.839936	-0.406654
-0.234996	0.691900
-0.807202	-0.511274
-0.158793	0.738395
-0.935657	-0.617561
-0.077633	0.878842
-1.061076	-0.542042
-0.137151	0.955290
-0.988507	-0.478965
-0.231239	0.861363
-0.838753	-0.406543
-0.234385	0.691512
-0.808092	-0.513609
-0.157604	0.740070
-0.937678	-0.616958
-0.077547	0.880148
-1.061276	-0.541170
-0.138609	0.954865
-0.986477	-0.478153
-0.231729	0.859054
-0.837655	-0.406701
-0.233794	0.690670
-0.808963	-0.515990
-0.156479	0.741784
-0.939585	-0.616568
-0.077495	0.881489
-1.061427	-0.540162
-0.139989	0.954910
-0.984549	-0.477476
-0.232178	0.856786
-0.836637	-0.407135
-0.233223	0.689863
-0.809813	-0.518029
-0.155417	0.743532
-0.941383	-0.616381
-0.077473	0.882860
-1.061536	-0.539269
-0.141293	0.954498
-0.982721	-0.476940
-0.232589	0.855027
-0.835692	-0.407069
-0.232673	0.689582
-0.810639	-0.519727
-0.154414	0.745310
-0.943077	-0.616064
-0.077475	0.884257
-1.061611	-0.538473
-0.142525	0.954551
-0.980987	-0.476230
-0.232966	0.853302
-0.834815	-0.407296
-0.232145	0.689329
-0.811439	-0.521477
-0.153467	0.747113
-0.944675	-0.615609
-0.077496	0.885197
-1.061656	-0.537763
-0.143688	0.954145
-0.979345	-0.475675
-0.233313	0.851606
-0.833999	-0.407825
-0.231638	0.688606
-0.812213	-0.523278
-0.152572	0.748444
-0.946181	-0.615322
-0.077534	0.886155
-1.061676	-0.537125
-0.144787	0.953741
-0.977790	-0.474958
-0.233632	0.849936
-0.833238	-0.407876
-0.231153	0.688398
-0.812958	-0.525130
-0.151726	0.749794
