0.486330	1.631485
0.479193	0.208276
0.465086	-0.077828
0.470008	-0.119305
0.511974	-0.051753
0.707797	0.316520
-0.871368	1.576966
0.862797	2.341033
-0.661495	0.530594
-0.547471	1.321928
0.420902	2.425062
0.524437	0.451274
0.639724	0.284807
-0.902616	2.266032
0.893475	1.399460
-0.690953	-0.029854
-0.355071	-1.754041
0.656753	-3.663055
0.182659	-3.404189
-1.310504	0.153218
0.972124	-0.073587
-0.542417	-2.442355
-0.191516	-5.209984
0.633789	-1.678944
-0.901179	-0.047284
1.262998	1.048139
-0.209636	-3.138858
-0.368395	-4.442384
0.297044	-2.197124
0.661154	-0.160289
-0.923160	1.581498
0.934784	1.878335
-0.643904	-0.016385
-0.400615	-1.248400
0.057573	-3.535825
0.615297	-0.578067
-0.976823	1.514445
0.979686	1.545252
-0.613651	-0.553637
-0.074938	-3.468500
0.354972	-1.445278
0.487572	-0.328099
0.683917	0.217247
-0.891272	1.754609
0.893688	1.993456
-0.669276	0.302216
-0.520510	0.234133
-0.507253	1.363510
0.426396	2.117526
0.415993	0.189609
0.165520	-0.632830
-0.270860	-0.072869
-0.410385	1.872300
0.461783	1.357425
0.329276	-0.091518
-0.039049	-1.058660
-0.351474	-0.251273
-0.462708	0.328920
-0.399053	2.415343
0.531700	1.225360
0.606335	0.378168
0.867645	1.017852
-0.718054	-0.044197
-0.322800	-2.069426
0.424050	-4.341710
0.217905	-3.209675
-1.301233	0.327263
0.978373	-0.012111
-0.538717	-2.423340
-0.174926	-5.227897
0.619745	-1.723941
-0.916780	0.068494
1.237367	1.202386
-0.273433	-2.744630
-0.042118	-4.940678
0.282585	-2.629615
0.885715	0.062674
-0.659502	-1.355074
0.417902	-4.692507
0.458801	-2.998758
-1.033971	-0.152354
1.298928	-0.349070
-0.151497	-3.668630
0.468586	-1.242798
-1.123846	1.686390
0.944561	0.520483
-0.608447	-1.488442
0.371519	-4.793707
0.448270	-2.943554
-1.054417	-0.013154
1.289612	0.012207
-0.227614	-3.292680
-0.494361	-4.192854
0.356645	-1.905046
0.795492	0.099808
-0.781320	0.003825
-0.305877	-2.296592
0.268271	-4.687735
0.242335	-3.039372
-1.291118	0.531140
0.967997	0.031949
-0.554108	-2.282800
-0.109928	-5.303394
0.604268	-1.844806
-0.929814	0.089262
1.249052	1.073168
-0.281130	-2.712409
-0.023811	-4.955866
0.286127	-2.647802
-1.218277	1.346837
0.912490	0.087087
-0.626373	-1.649075
0.219879	-5.154941
0.524198	-2.531692
-0.989341	-0.024270
1.303344	0.216624
-0.210525	-3.272784
-0.489882	-4.170705
0.333951	-1.969992
0.713188	-0.036387
-0.872479	1.102781
-0.615184	0.396219
-0.533981	1.221814
0.397571	2.439096
0.469433	0.343127
0.382609	-0.195495
0.118086	-0.852167
-0.297280	-0.019382
-0.409676	1.953057
0.472808	1.329256
0.371345	-0.031654
0.056571	-0.942280
-0.333445	0.153923
-0.317631	2.569366
0.487464	0.927783
0.411637	-0.038810
0.190763	-0.636822
-0.237606	-0.404494
-0.445240	0.556058
0.067564	3.227657
0.419373	0.442131
0.146691	-0.604060
-0.291387	0.211486
-0.142939	2.944322
0.391390	0.529597
0.055163	-0.750647
-0.344564	0.619005
0.211636	2.461250
0.109472	-0.037223
-0.249899	1.459383
0.268573	1.081718
-0.143161	-0.076859
-0.272004	2.367316
0.402472	0.780241
0.079292	-0.629860
-0.331268	0.770064
0.247604	2.085296
0.015600	-0.153286
-0.246526	1.968812
0.316005	0.805688
-0.104650	-0.519174
-0.408989	1.013171
0.326798	1.999676
0.099166	-0.224239
-0.281655	1.347423
0.288173	1.233678
-0.106792	-0.256399
-0.348342	1.883321
0.414154	1.120139
0.127133	-0.454598
-0.304193	0.713334
0.224347	2.099729
0.000974	-0.102134
-0.224214	2.092860
0.303487	0.715639
-0.128246	-0.445936
-0.413830	1.142608
0.352126	1.855962
0.106854	-0.265619
-0.289331	1.221630
0.281411	1.361836
-0.097477	-0.223270
-0.325021	2.004449
0.408074	1.005647
0.101233	-0.526796
-0.317540	0.821972
0.250098	1.947375
-0.017764	-0.161570
-0.251526	2.079839
0.335620	0.780820
-0.071070	-0.646620
-0.399349	0.770366
0.268248	2.377159
0.141653	-0.074654
-0.267791	1.102470
0.251394	1.435345
-0.112015	-0.037755
-0.213979	2.462275
0.347884	0.622508
-0.048670	-0.757561
-0.388965	0.541115
0.153618	2.904711
0.276736	0.185931
-0.171205	-0.455064
-0.431313	0.840832
0.292713	2.399401
0.192697	-0.037250
-0.259908	0.501613
0.152308	2.411642
0.058280	0.026332
-0.202488	1.886482
0.253437	0.753147
-0.183816	0.104407
-0.134442	2.748416
0.319338	0.461228
-0.102936	-0.693248
-0.405871	0.436877
-0.031386	3.210578
0.419919	0.491037
0.144478	-0.595458
-0.293607	0.254709
-0.078098	2.998254
0.352017	0.426577
-0.034393	-0.851858
-0.378469	0.332314
-0.154059	3.076759
0.449140	0.619967
0.248564	-0.372871
-0.174620	-0.726009
-0.395722	-0.241745
-0.454128	-0.035119
-0.489741	0.546116
-0.168346	3.244831
0.520954	0.773473
0.577976	0.227921
0.850430	0.794537
-0.734561	-0.028503
-0.319878	-2.117078
0.388772	-4.431281
0.224435	-3.174785
-1.299242	0.346332
0.981321	0.001373
-0.535862	-2.434261
-0.177289	-5.222871
0.617478	-1.725018
-0.919596	0.095355
1.230598	1.240554
-0.287954	-2.646506
0.020635	-4.959801
0.282851	-2.708999
-1.252645	1.028438
0.934844	0.093446
-0.598634	-1.886649
0.085341	-5.323321
0.559065	-2.235377
-0.964557	0.049051
1.286377	0.603667
-0.251818	-2.971831
-0.214749	-4.780147
0.301486	-2.375512
0.811603	0.027411
-0.756740	-0.343044
-0.087897	-3.582101
0.413131	-1.275836
0.730619	0.119997
-0.856311	1.042759
-0.611815	0.515172
-0.517846	1.772867
0.500334	1.928661
0.589580	0.496477
0.831314	0.836093
-0.757197	0.289077
-0.476434	-0.654338
-0.167310	-2.847301
-0.125089	-4.686442
0.195188	-2.605946
0.423157	-0.713661
0.487594	-0.198777
0.636782	0.155325
-0.923374	2.129252
0.905967	1.415632
-0.678701	-0.140844
-0.293697	-2.247150
0.330646	-4.528140
0.215298	-3.103568
-1.257330	1.096449
0.900994	-0.039553
-0.634770	-1.661795
0.200268	-5.195587
0.538846	-2.466652
-0.974932	-0.070751
1.310147	0.141789
-0.183891	-3.402037
-0.653846	-3.673346
0.355253	-1.757300
0.693942	-0.026049
-0.890663	1.368286
0.897324	2.321386
-0.637656	0.311650
-0.529404	0.594907
-0.273689	3.077549
0.555959	0.963378
0.696653	0.527959
-0.863137	1.930921
0.861934	2.044042
-0.689412	0.558704
-0.556436	1.141806
0.365577	2.727190
0.525237	0.514172
0.632214	0.282725
-0.900462	2.345683
0.892396	1.314772
-0.692648	-0.082160
-0.319414	-2.060845
0.440166	-4.290763
0.211113	-3.220110
-1.301864	0.412158
0.959822	-0.025299
-0.560950	-2.272858
-0.113596	-5.306211
0.614210	-1.820248
-0.918494	0.002591
1.268767	0.946529
-0.234282	-3.010396
-0.244785	-4.706280
0.291203	-2.356971
0.744425	-0.062759
-0.838451	0.602647
-0.541965	-0.131837
-0.416857	-0.893283
-0.100549	-3.108700
-0.629057	-3.494397
0.224356	-2.160420
0.269318	-1.006295
-0.001137	-1.430072
-0.269714	-1.010616
-0.222052	-2.176973
0.599164	-3.592646
0.101109	-3.099878
0.412961	-0.902113
0.522566	-0.168845
0.784997	0.453545
-0.803934	0.596420
-0.552600	0.163706
-0.512964	0.672129
0.006196	3.414943
0.512091	0.663940
0.549091	0.154228
0.795258	0.567085
-0.794179	0.560883
-0.547612	0.138503
-0.509707	0.590490
-0.177083	3.266832
0.534859	0.814033
0.633182	0.347218
-0.884265	2.437644
0.886112	1.304945
-0.699029	-0.022407
-0.352343	-1.790653
0.622581	-3.775924
0.189099	-3.384361
-1.308519	0.133375
0.982226	-0.063037
-0.530439	-2.517059
-0.220159	-5.159285
0.634471	-1.639208
-0.902506	-0.000159
1.240029	1.226961
-0.237963	-2.961860
-0.203338	-4.767140
0.284828	-2.420113
0.755138	-0.060198
-0.825809	0.438659
-0.498399	-0.589987
-0.181585	-2.791730
-0.058762	-4.745994
0.194631	-2.674657
0.470529	-0.622968
0.714872	0.217062
-0.869357	1.374994
0.838927	2.610313
-0.644295	0.541152
-0.538344	1.538331
0.465586	2.180401
0.556895	0.474739
0.758550	0.559347
-0.828819	1.115937
-0.623467	0.869675
-0.376281	2.950085
0.600971	1.286701
0.773182	0.954657
-0.807003	1.251893
-0.634961	1.187223
0.007846	3.760553
0.635165	1.184864
0.807327	1.252428
-0.772883	0.953086
-0.600560	1.286965
0.376525	2.947718
0.623137	0.864697
0.828750	1.111001
-0.758654	0.559203
-0.556467	0.466872
-0.469074	2.145885
0.535268	1.560773
0.637047	0.527002
-0.819124	2.751424
0.869118	1.296695
-0.716358	0.168319
-0.446644	-0.898375
-0.059596	-3.317583
0.291960	-1.663011
0.281004	-0.825417
-0.017587	-1.362723
-0.287661	-0.908350
-0.247166	-2.031461
0.099570	-3.189481
0.472893	-0.772787
0.788765	0.320460
-0.797149	0.383817
-0.492622	-0.571943
-0.199334	-2.674407
0.056437	-4.757208
0.186143	-2.793028
0.520939	-0.543742
0.883555	0.596783
-0.687336	-0.696118
0.102758	-3.942659
-1.273877	-0.772728
1.069872	-0.286102
-0.400002	-3.348333
-0.575940	-4.210216
0.694504	-1.142122
-0.851691	-0.134018
-0.172979	-3.284114
-0.558053	-3.913884
0.307675	-1.974792
0.561660	-0.290656
-0.974650	2.315731
0.912002	0.834670
-0.661607	-0.775413
0.131075	-3.920493
-1.261972	-0.735602
1.117777	-0.328120
-0.341546	-3.548573
-0.669662	-3.879109
0.674243	-1.078327
-0.881368	0.249293
-0.387474	-1.794431
0.519858	-4.158182
0.242904	-3.335784
-1.268933	-0.098006
1.112970	-0.039082
-0.384648	-3.187846
-0.461052	-4.510184
0.566740	-1.460416
-1.004325	0.935605
1.087010	1.436288
-0.532780	-1.028128
0.127969	-3.768422
-1.297315	-0.474507
1.028309	-0.192548
-0.462017	-3.009451
-0.429693	-4.664373
0.673527	-1.324897
-0.869161	-0.088424
-0.195106	-3.180533
-0.420650	-4.301139
0.295213	-2.142721
0.610419	-0.237236
-0.978611	1.876051
0.941673	1.301758
-0.642951	-0.567403
-0.033878	-3.648802
0.502991	-0.935225
-1.089802	1.813352
0.941961	0.633014
-0.617301	-1.327126
0.499792	-4.422218
0.396416	-3.234159
-1.091005	-0.125102
1.281760	-0.295471
-0.194269	-3.558824
-0.773480	-3.343852
0.432954	-1.456101
-1.041720	2.247079
0.908319	0.376053
-0.645887	-1.260935
0.521666	-4.367541
0.401767	-3.261431
-1.079999	-0.180359
1.284214	-0.442796
-0.162665	-3.698751
0.493855	-1.193159
-1.129801	1.440381
0.986761	0.685279
-0.569681	-1.659665
0.290084	-4.970012
0.455159	-2.799372
-1.059168	0.126092
1.270871	0.308059
-0.289419	-2.912492
-0.184653	-4.885934
0.332943	-2.349280
-1.223107	1.220434
0.939457	0.190198
-0.597853	-1.822822
0.131059	-5.274437
0.539217	-2.352001
-0.982681	0.083665
1.282850	0.566277
-0.268032	-2.896416
-0.159509	-4.870914
0.304532	-2.441368
0.868942	0.085823
-0.682717	-1.106605
0.626086	-4.035123
0.367599	-3.464748
-1.096542	-0.300821
1.268216	-0.745437
-0.120436	-3.922077
0.665148	-0.756658
-0.908339	0.818305
0.961130	2.394418
-0.560125	-0.280910
-0.313841	-1.920867
0.598791	-3.791751
0.167954	-3.314627
0.854012	-0.140238
-0.691177	-1.180051
0.541092	-4.324846
0.415953	-3.272234
-1.058685	-0.263885
1.279390	-0.723860
-0.105880	-3.912160
0.659160	-0.745834
-0.916177	0.907528
0.980876	2.232172
-0.572282	-0.229864
-0.335073	-1.755507
0.749440	-3.297788
0.153103	-3.399721
0.857833	-0.160361
-0.685125	-1.256300
0.474966	-4.533370
0.445710	-3.118255
-1.037652	-0.229245
1.289554	-0.619104
-0.111478	-3.854773
0.605977	-0.846863
-0.981625	1.306937
1.010166	1.586533
-0.591109	-0.633802
-0.046390	-3.547294
0.417021	-1.177035
0.697770	0.084487
-0.885774	1.447895
0.887842	2.308352
-0.646510	0.373127
-0.537815	0.803891
0.146404	3.336288
0.520039	0.630435
0.590614	0.224690
0.870271	0.910204
-0.713407	-0.182965
-0.234128	-2.726160
-0.000349	-4.858270
0.233926	-2.727203
0.713217	-0.184329
-0.870406	0.913504
-0.590888	0.227955
-0.520208	0.634927
-0.137413	3.349161
0.537064	0.794306
0.643866	0.365394
-0.888163	2.329353
0.886342	1.418500
-0.697775	0.062123
-0.403638	-1.310462
0.090305	-3.568148
0.754048	-0.343651
-0.815137	0.073912
-0.326618	-2.184187
0.320370	-4.611938
0.248655	-3.101036
-1.290010	0.253215
1.023597	0.044018
-0.488449	-2.696177
-0.272178	-5.035443
0.606139	-1.618447
-0.940135	0.376016
1.160811	1.555187
-0.417294	-1.670247
0.566232	-4.048055
0.248841	-3.396457
-1.253639	-0.165352
1.147357	-0.087089
-0.347293	-3.304951
-0.512636	-4.332688
0.540773	-1.452335
-1.046096	1.078854
1.071959	1.217383
-0.532569	-1.305165
0.675634	-3.782224
0.273537	-3.555160
-1.200907	-0.287473
1.223086	-0.329246
-0.249434	-3.583230
-0.711843	-3.638355
0.511083	-1.320323
-1.106794	1.248123
1.033504	0.891297
-0.537585	-1.671867
0.330924	-4.847831
0.416935	-2.939946
-1.097502	0.130963
1.257477	0.225271
-0.298895	-2.947916
-0.219081	-4.861345
0.351867	-2.259452
-1.231564	1.061253
0.966725	0.247077
-0.567887	-2.019910
0.037492	-5.332420
0.551512	-2.174051
-0.978423	0.204393
1.250808	0.878954
-0.328826	-2.457748
0.109445	-4.974112
0.302695	-2.802467
-1.266859	0.407103
1.050183	0.159754
-0.467908	-2.709459
-0.253221	-5.047831
0.566878	-1.717313
-0.986768	0.642853
1.140185	1.407306
-0.483523	-1.270004
0.871420	-3.018521
0.186750	-3.658226
-1.271288	-0.415510
1.117520	-0.192598
-0.361393	-3.383853
-0.573621	-4.181325
0.615210	-1.255935
-0.948495	0.751682
1.074317	1.806945
-0.527570	-0.756937
-0.041284	-3.487677
0.385305	-1.260540
0.558360	-0.168106
0.883900	0.754352
-0.692841	-0.522708
-0.014240	-3.762645
0.630253	-0.660471
-0.955126	1.317014
0.989823	1.767702
-0.605401	-0.368803
-0.210036	-2.749436
-0.014070	-4.809341
0.212954	-2.719798
0.596915	-0.379480
-0.999789	1.803144
0.953679	1.228050
-0.629445	-0.743382
0.071529	-3.855192
-1.316892	-0.402714
0.930065	-0.255780
-0.585013	-2.245345
-0.127358	-5.313442
0.650937	-1.738173
-0.875679	-0.361261
1.308983	-0.658615
-0.007485	-3.983397
-1.317647	-0.536572
0.846198	-0.397903
-0.688501	-1.389561
0.354046	-4.883332
0.506002	-2.796813
-0.990229	-0.239223
1.299287	-0.607486
-0.086689	-3.880782
0.640505	-0.749272
-0.939235	1.115880
0.998741	1.942588
-0.591000	-0.280270
-0.284543	-2.200291
0.388994	-4.365331
0.192427	-3.147130
0.833282	-0.119047
-0.720062	-0.859029
0.864211	-3.175254
0.254307	-3.847944
-1.169348	-0.548721
1.232344	-0.876809
-0.132127	-4.049986
-1.127021	-2.042176
0.788786	-0.609124
-0.754665	-0.828406
0.855013	-3.220307
0.268868	-3.853635
-1.151421	-0.555563
1.229675	-1.037397
-0.094376	-4.141565
-1.171048	-1.803078
0.887931	-0.492244
-0.626757	-2.049685
-0.055640	-5.383636
0.657361	-1.831543
-0.861325	-0.586880
1.069167	-2.333141
0.160182	-4.113499
-1.199074	-0.876640
1.202459	-0.910151
-0.150323	-4.128200
-1.086173	-2.251720
0.872859	-0.570319
-0.642629	-1.956574
-0.013581	-5.398630
0.649891	-1.906432
-0.866405	-0.593033
1.058048	-2.385261
0.167122	-4.114553
-1.193562	-0.865159
1.204135	-0.973029
-0.133512	-4.166369
-1.109246	-2.135352
0.905847	-0.538570
-0.598030	-2.324861
-0.190545	-5.251115
0.707525	-1.576292
-0.809360	-0.942538
0.676507	-3.896946
0.394668	-3.527987
-1.045672	-0.513825
1.175431	-1.707809
0.053899	-4.286087
-1.204270	-1.272051
1.157470	-0.724394
-0.229040	-4.025644
-0.958207	-2.822519
0.850151	-0.680252
-0.667155	-1.799416
0.065957	-5.382142
0.629335	-2.065618
-0.883114	-0.549290
1.103737	-2.164968
0.138181	-4.143290
-1.206957	-0.943170
1.194161	-0.828390
-0.175706	-4.083019
-1.043355	-2.451829
0.842211	-0.619805
-0.681876	-1.611747
0.184796	-5.248330
0.580963	-2.352602
-0.927207	-0.364247
1.268694	-1.090151
0.004396	-4.068484
-1.268871	-1.075044
0.944006	-0.353396
-0.559156	-2.509897
-0.253345	-5.126998
0.696610	-1.505686
-0.828832	-0.678188
0.972838	-2.759037
0.216111	-4.025662
-1.170985	-0.728419
1.211574	-1.125079
-0.088527	-4.223392
-1.158948	-1.852477
0.969125	-0.487527
-0.509652	-2.928345
-0.435792	-4.682570
0.763825	-1.221581
-0.753866	-1.283354
0.387182	-4.820502
0.528469	-2.809532
-0.956200	-0.486675
1.155804	-1.875154
0.092982	-4.212515
-1.212801	-1.102451
1.172268	-0.726130
-0.216169	-4.019309
-0.971970	-2.761962
0.823145	-0.685042
-0.704139	-1.430201
0.304644	-5.015158
0.538979	-2.644253
-0.959366	-0.335064
1.273046	-1.018169
-0.018209	-4.054641
-1.274277	-1.059261
0.890745	-0.392231
-0.629195	-1.959724
-0.000283	-5.389045
0.629081	-1.961761
-0.890712	-0.389242
1.274086	-1.061139
0.018258	-4.054937
-1.273093	-1.017104
0.959918	-0.335922
-0.538564	-2.645948
-0.307268	-5.008593
0.704385	-1.429041
-0.822923	-0.683561
0.970733	-2.767153
0.216571	-4.019239
-1.172022	-0.722318
1.212763	-1.105511
-0.092559	-4.212838
-1.156409	-1.871390
0.957045	-0.488575
-0.527418	-2.815478
-0.391035	-4.809308
0.754401	-1.280468
-0.763296	-1.223819
0.432795	-4.691775
0.510388	-2.924351
-0.968510	-0.486119
1.158837	-1.853414
0.088102	-4.223558
-1.211899	-1.122877
1.170714	-0.728339
-0.217264	-4.021230
-0.971854	-2.763019
0.827839	-0.681959
-0.697837	-1.493766
0.260426	-5.112830
0.556091	-2.531361
-0.946220	-0.349310
1.269652	-1.065464
-0.006728	-4.066152
-1.269702	-1.084794
0.921226	-0.369114
-0.589212	-2.287897
-0.158217	-5.285622
0.674709	-1.661912
-0.848726	-0.583793
1.081637	-2.273418
0.152639	-4.105301
-1.206450	-0.883033
1.198922	-0.823529
-0.172978	-4.071882
-1.046784	-2.435051
0.828075	-0.627270
-0.700623	-1.425503
0.311979	-4.996117
0.533241	-2.668447
-0.965115	-0.311397
1.282581	-0.905665
-0.034469	-4.018551
-1.298996	-0.817232
0.830405	-0.445906
-0.707152	-1.228813
0.476115	-4.539237
0.457327	-3.098404
-1.023728	-0.284127
1.279804	-0.830772
-0.073045	-3.978620
0.744112	-0.579350
-0.816268	-0.098261
-0.216357	-2.977771
-0.219952	-4.702678
0.266615	-2.431613
0.663104	-0.203878
-0.921742	1.515216
0.937860	1.931297
-0.639030	-0.001536
-0.412356	-1.118967
0.012029	-3.478091
0.453008	-0.970009
0.781394	0.265055
-0.804437	0.433950
-0.507199	-0.423123
-0.277524	-2.141462
0.462011	-4.150108
0.169284	-3.186483
0.759815	-0.224627
-0.813260	0.144345
-0.369636	-1.822921
0.537945	-4.077258
0.224435	-3.342383
-1.286217	-0.054945
1.069236	-0.032128
-0.430527	-3.031524
-0.408059	-4.689204
0.603883	-1.456221
-0.952334	0.614874
1.111458	1.683868
-0.492654	-1.062610
0.092286	-3.706126
-1.318823	0.426988
0.875719	-0.240940
-0.657417	-1.589600
0.228226	-5.157431
0.542908	-2.505474
-0.966415	-0.166965
1.315821	-0.192004
-0.127143	-3.677706
0.468706	-1.191690
-1.097046	1.877319
0.928716	0.497724
-0.626520	-1.348426
0.466311	-4.530876
0.417354	-3.149028
-1.073310	-0.111861
1.287926	-0.260747
-0.190460	-3.542383
-0.770441	-3.342740
0.421781	-1.486920
0.878598	0.317267
-0.681335	-0.956459
0.797730	-3.416108
0.277165	-3.751314
-1.162250	-0.458606
1.241618	-0.777751
-0.145713	-3.969535
-1.107009	-2.125137
0.711658	-0.721410
-0.851472	0.206074
-0.380716	-1.795541
0.536456	-4.097421
0.232724	-3.349913
-1.277177	-0.093093
1.094364	-0.038756
-0.403103	-3.135942
-0.444362	-4.572326
0.585384	-1.444688
-0.978320	0.807914
1.095991	1.571631
-0.524116	-0.932022
0.060615	-3.717207
0.782854	-0.355388
-0.776127	-0.398573
-0.033388	-3.800450
0.630260	-0.687335
-0.954393	1.285816
0.993200	1.781397
-0.602685	-0.367203
-0.213411	-2.724112
0.008410	-4.811582
0.211164	-2.745128
0.607898	-0.364945
-0.986452	1.761450
0.955213	1.340495
-0.631006	-0.629294
-0.004425	-3.719690
0.612700	-0.674616
-0.978202	1.435793
0.990333	1.569198
-0.605695	-0.576035
-0.068611	-3.483685
0.365212	-1.391196
0.515966	-0.266197
0.788737	0.436444
-0.799665	0.519343
-0.535296	-0.054951
-0.456883	-0.376736
-0.354615	-1.398340
0.056351	-3.451847
0.541179	-0.709261
-1.068220	1.747732
0.958811	0.846150
-0.608493	-1.234078
0.604860	-4.072915
0.342591	-3.448013
-1.132650	-0.218906
1.264732	-0.441812
-0.190437	-3.676607
-0.876521	-3.011974
0.499280	-1.232094
-1.126301	1.361185
1.003897	0.747172
-0.555779	-1.700289
0.279542	-4.982865
0.449380	-2.793176
-1.067738	0.160297
1.262987	0.348624
-0.304611	-2.832144
-0.136067	-4.958328
0.336296	-2.409463
-1.247204	0.893468
0.981596	0.222282
-0.549068	-2.176506
-0.037481	-5.329947
0.564624	-2.029751
-0.970250	0.268605
1.228032	1.069740
-0.360377	-2.201256
0.245992	-4.825757
0.299283	-2.985811
-1.252464	0.187073
1.111725	0.121175
-0.403229	-2.984966
-0.347060	-4.797031
0.525533	-1.679250
-1.052162	0.940543
1.100185	1.160350
-0.510086	-1.437118
0.584669	-4.076177
0.298918	-3.434509
-1.189880	-0.177330
1.228301	-0.225473
-0.262013	-3.466405
-0.617176	-3.930166
0.466446	-1.503254
-1.159450	1.215145
1.012807	0.621418
-0.538670	-1.921217
0.146188	-5.207597
0.484174	-2.502824
-1.045187	0.310530
1.237691	0.680400
-0.361405	-2.378435
0.117037	-5.021697
0.332797	-2.769233
-1.236885	0.343178
1.111210	0.223696
-0.414002	-2.852005
-0.272448	-4.953651
0.504456	-1.821232
-1.074370	0.888026
1.111269	1.033263
-0.492798	-1.649515
0.425094	-4.557165
0.350407	-3.179436
-1.160013	0.026519
1.235458	0.012173
-0.291576	-3.185489
-0.397017	-4.533039
0.400585	-1.905859
-1.204681	1.170379
0.978844	0.370686
-0.560582	-1.979075
0.074833	-5.302524
0.529768	-2.281410
-1.000000	0.257538
1.244797	0.834041
-0.348322	-2.360041
0.150231	-4.960724
0.311878	-2.845719
-1.253695	0.309109
1.090975	0.171502
-0.427417	-2.865135
-0.297663	-4.924059
0.534101	-1.725221
-1.034548	0.859225
1.113988	1.228854
-0.505275	-1.355943
0.682053	-3.739525
0.257607	-3.553245
-1.219158	-0.294854
1.204538	-0.272133
-0.273560	-3.532883
-0.661811	-3.821261
0.519822	-1.347060
-1.090413	1.213861
1.044427	0.981426
-0.535318	-1.584513
0.404383	-4.651838
0.387302	-3.100558
-1.120005	0.046443
1.257651	0.053172
-0.277206	-3.147458
-0.363426	-4.579788
0.371143	-2.022461
-1.174921	1.547994
0.926303	0.257515
-0.617400	-1.606478
0.265096	-5.058381
0.498902	-2.662915
-1.012393	0.010313
1.296389	0.208657
-0.230537	-3.192897
-0.404346	-4.408591
0.330546	-2.074911
0.764580	0.021884
-0.817190	0.396139
-0.487065	-0.691023
-0.132102	-3.052505
-0.404715	-4.190278
0.221401	-2.311689
0.342751	-0.836524
0.147064	-0.972559
-0.246749	-0.569732
-0.411513	-0.262080
-0.440195	-0.309162
-0.403252	-0.854771
-0.137998	-2.906900
-0.228162	-4.518267
0.188660	-2.507180
0.331895	-0.927029
0.138787	-1.027417
-0.247504	-0.605724
-0.400345	-0.431204
-0.373880	-1.105092
-0.046796	-3.254794
0.271968	-1.713711
0.226232	-1.000731
-0.097462	-1.349849
-0.266846	-1.395349
-0.069269	-2.975550
0.182373	-2.248064
0.187283	-1.360870
-0.080229	-1.561037
-0.218368	-1.700839
-0.033098	-2.969193
0.182539	-2.105099
0.136167	-1.531775
-0.121292	-1.557675
-0.188783	-2.022087
0.018607	-2.976854
0.208932	-1.791310
0.088376	-1.576049
-0.174000	-1.420016
-0.177846	-2.239690
0.061452	-2.961205
0.248707	-1.485398
0.081282	-1.449507
-0.217523	-1.134524
-0.229624	-2.013912
0.070577	-3.140896
0.357096	-1.102450
0.308225	-0.623430
0.002122	-1.263243
-0.307360	-0.610696
-0.362521	-1.042583
-0.092495	-3.061302
-0.601248	-3.553124
0.209355	-2.208599
0.243070	-1.113529
-0.032117	-1.492269
-0.254444	-1.262700
-0.136075	-2.658669
0.042033	-4.619492
0.126522	-2.721408
0.261737	-1.264066
0.048413	-1.451121
-0.244421	-1.037584
-0.238296	-2.010768
0.081871	-3.168008
0.402920	-0.962060
0.493895	-0.230090
0.680104	0.229547
-0.892911	1.808985
0.894595	1.931672
-0.672471	0.274187
-0.511729	0.067142
-0.501345	0.554348
-0.210054	3.185969
0.534326	0.838656
0.628767	0.341773
-0.878832	2.498891
0.885231	1.257230
-0.700123	-0.051394
-0.333939	-1.950744
0.507168	-4.118514
0.205406	-3.288322
-1.304838	0.240133
0.980805	-0.033599
-0.534270	-2.469956
-0.197302	-5.195364
0.626320	-1.682889
-0.910584	0.043929
1.236486	1.228415
-0.260990	-2.820585
-0.093910	-4.902344
0.282198	-2.563069
0.840818	0.024185
-0.717256	-0.786485
0.972278	-2.738751
0.200217	-3.933923
-1.206307	-0.667770
1.212652	-0.701179
-0.188364	-3.952974
-1.000476	-2.620420
0.723202	-0.763490
-0.834224	-0.030527
-0.250223	-2.779296
-0.054449	-4.892923
0.262232	-2.638208
0.793432	-0.052554
-0.777210	-0.160421
-0.199147	-3.033491
-0.278378	-4.583747
0.263276	-2.368259
0.595797	-0.306934
-0.997000	1.885204
0.944651	1.178593
-0.636950	-0.724512
0.067613	-3.858931
-1.318640	-0.380754
0.921892	-0.262427
-0.595338	-2.165901
-0.091090	-5.347097
0.642247	-1.805423
-0.883030	-0.338934
1.314667	-0.554864
-0.020954	-3.956946
0.795607	-0.456619
-0.753559	-0.729084
0.992610	-2.662123
0.195231	-3.977200
-1.201502	-0.710952
1.212910	-0.780185
-0.171355	-4.015841
-1.045090	-2.434568
0.770728	-0.678516
-0.775304	-0.647704
1.084185	-2.253156
0.152091	-4.033164
-1.223318	-0.823866
1.187798	-0.625982
-0.224503	-3.911423
-0.928364	-2.923482
0.730216	-0.801921
-0.822909	-0.192977
-0.148373	-3.379712
-0.752186	-3.270423
0.325473	-1.787673
0.536225	-0.301341
0.862967	0.618661
-0.714340	-0.392332
-0.087018	-3.536018
0.386569	-1.361932
0.627651	-0.065616
-0.951604	1.947913
0.926993	1.410838
-0.658425	-0.337064
-0.178219	-3.011060
-0.275619	-4.542746
0.240986	-2.407486
0.502698	-0.490032
0.808606	0.424691
-0.776207	0.195031
-0.420865	-1.284366
0.103205	-3.602248
0.828823	-0.254395
-0.719168	-0.964291
0.734483	-3.663052
0.324395	-3.664439
-1.119592	-0.419369
1.247547	-0.958909
-0.094252	-4.068211
-1.197922	-1.644797
0.815159	-0.535229
-0.723004	-1.123572
0.560007	-4.274551
0.422082	-3.294563
-1.046502	-0.330853
1.263308	-0.986969
-0.059669	-4.055873
-1.254440	-1.248276
0.832258	-0.477508
-0.703057	-1.294366
0.420370	-4.705520
0.482682	-2.957331
-1.005202	-0.273840
1.286009	-0.787783
-0.070122	-3.961716
0.730555	-0.592636
-0.833441	0.096907
-0.329092	-2.193577
0.308342	-4.643700
0.253876	-3.087711
-1.287113	0.237110
1.033530	0.052906
-0.477912	-2.745374
-0.288795	-4.994705
0.600599	-1.606014
-0.948105	0.453877
1.149433	1.566925
-0.443745	-1.466237
0.719224	-3.552985
0.214696	-3.541459
-1.265573	-0.298745
1.130372	-0.147604
-0.354835	-3.355154
-0.550852	-4.238175
0.583141	-1.333321
-0.988456	0.955319
1.073997	1.545842
-0.543981	-0.867660
0.047117	-3.723458
0.747528	-0.411921
-0.820326	0.083136
-0.329107	-2.172285
0.324404	-4.606776
0.249596	-3.107056
-1.288925	0.232196
1.029654	0.043576
-0.481590	-2.732661
-0.285365	-5.004788
0.604013	-1.605097
-0.943654	0.418036
1.153370	1.571899
-0.432362	-1.551085
0.651299	-3.779968
0.230089	-3.483765
-1.259626	-0.244337
1.140631	-0.127550
-0.347866	-3.347118
-0.540930	-4.257557
0.562823	-1.381652
-1.015791	1.041904
1.071600	1.385318
-0.542195	-1.059135
0.158480	-3.770221
-1.273724	-0.540024
1.105112	-0.234203
-0.368479	-3.403278
-0.590338	-4.140385
0.645029	-1.194948
-0.912832	0.481561
1.041346	2.195275
-0.470443	-1.127768
0.096931	-3.676558
-1.303630	0.698928
0.867085	-0.238569
-0.668840	-1.476315
0.305055	-4.997066
0.516097	-2.693279
-0.986439	-0.179075
1.309878	-0.333997
-0.122268	-3.728937
0.503676	-1.089692
-1.118056	1.508914
0.980159	0.713580
-0.578327	-1.573984
0.345402	-4.842137
0.439464	-2.919096
-1.068849	0.063130
1.277019	0.155688
-0.265181	-3.092320
-0.315587	-4.650753
0.342892	-2.152812
0.874801	0.158114
-0.678589	-1.097231
0.640500	-3.983239
0.358153	-3.495294
-1.104389	-0.307022
1.266307	-0.736199
-0.125353	-3.916894
0.659096	-0.774081
-0.915095	0.871772
0.981671	2.254376
-0.566695	-0.266275
-0.317289	-1.901010
0.610454	-3.758939
0.167910	-3.325104
0.861588	-0.136547
-0.681388	-1.276766
0.460953	-4.574499
0.450752	-3.085215
-1.034791	-0.216230
1.292156	-0.574682
-0.116825	-3.827812
0.581923	-0.902059
-1.015285	1.389369
1.011499	1.357260
-0.583616	-0.927521
0.135357	-3.831276
-1.278418	-0.611435
1.082841	-0.242389
-0.391269	-3.343781
-0.567527	-4.227205
0.667781	-1.185966
-0.884002	0.189318
-0.354678	-2.073905
0.353888	-4.578494
0.265026	-3.140729
-1.271671	0.090113
1.088761	0.046214
-0.417769	-3.011571
-0.380264	-4.741109
0.565980	-1.556322
-0.998838	0.836439
1.104571	1.436971
-0.518972	-1.075321
0.136609	-3.748341
-1.295027	-0.461618
1.039624	-0.185261
-0.448593	-3.071276
-0.451643	-4.596471
0.668499	-1.307584
-0.876590	0.007028
-0.252577	-2.825240
-0.093425	-4.885812
0.273546	-2.576013
0.806743	-0.021710
-0.760924	-0.329031
-0.093504	-3.563148
0.400222	-1.329953
0.689148	0.042516
-0.893696	1.506350
0.901967	2.178201
-0.648877	0.290981
-0.523303	0.382181
-0.464162	2.083161
0.524017	1.545972
0.600897	0.435465
0.854787	0.951680
-0.731901	0.065629
-0.380055	-1.593200
0.789853	-3.216768
0.167530	-3.490119
-1.312771	0.040468
0.974777	-0.099803
-0.537409	-2.495257
-0.217355	-5.169069
0.642057	-1.630838
-0.893214	-0.087284
1.268485	1.021078
-0.186369	-3.265280
-0.514166	-4.058856
0.311573	-2.005498
0.606859	-0.217219
-0.980739	1.917972
0.938492	1.251794
-0.645095	-0.592567
-0.014880	-3.707811
0.581899	-0.743487
-1.021245	1.528985
0.992057	1.268274
-0.595706	-0.949860
1.039768	-2.390786
0.165021	-3.833145
-1.256134	-0.614638
1.144871	-0.326278
-0.315644	-3.586742
-0.690416	-3.790190
0.638700	-1.109851
-0.925413	0.675441
1.044037	2.057400
-0.521412	-0.705710
-0.081235	-3.331091
0.293386	-1.724072
0.320111	-0.740045
0.056698	-1.206405
-0.294350	-0.487548
-0.416850	-0.332258
-0.408129	-0.750455
-0.191369	-2.608480
0.121452	-4.681258
0.163584	-2.842564
0.457122	-0.699480
0.678475	0.138315
-0.898864	1.730084
0.902607	1.955267
-0.664812	0.224748
-0.498818	-0.111764
-0.453469	-0.336292
-0.379434	-1.142564
-0.021533	-3.342220
0.324800	-1.419653
0.306688	-0.699037
0.014505	-1.278452
-0.300764	-0.626399
-0.360937	-1.045462
-0.093184	-3.055846
-0.583978	-3.609323
0.208110	-2.217750
0.243480	-1.116037
-0.030582	-1.493395
-0.254385	-1.257472
-0.138153	-2.648015
0.056045	-4.615569
0.125398	-2.732094
0.264331	-1.257751
0.052580	-1.437034
-0.245110	-1.015199
-0.247082	-1.947801
0.077740	-3.197077
0.411278	-0.948960
0.537692	-0.150683
0.830346	0.571922
-0.753669	0.028335
-0.341624	-1.965687
0.473043	-4.232892
0.220632	-3.266799
-1.297708	0.121527
1.019932	-0.011010
-0.488586	-2.736560
-0.297584	-4.987525
0.621326	-1.560773
-0.923663	0.275745
1.162213	1.623963
-0.380112	-1.943265
0.407484	-4.476919
0.271296	-3.206293
-1.256339	0.003788
1.127900	0.018563
-0.377246	-3.148370
-0.428347	-4.582107
0.533530	-1.563240
-1.048992	1.010312
1.085578	1.193337
-0.521893	-1.366147
0.633343	-3.921082
0.285457	-3.501784
-1.195562	-0.237069
1.226140	-0.284424
-0.254167	-3.533835
-0.672111	-3.761709
0.489610	-1.401547
-1.134491	1.230189
1.025489	0.750117
-0.535000	-1.824482
0.219623	-5.087371
0.455257	-2.686728
-1.069409	0.253180
1.245957	0.499322
-0.339226	-2.601514
-0.007097	-5.060581
0.340605	-2.580951
-1.245916	0.521662
1.065281	0.256378
-0.460226	-2.659051
-0.211887	-5.102946
0.536752	-1.835214
-1.021800	0.732155
1.137892	1.237960
-0.487388	-1.396825
0.679789	-3.733136
0.249695	-3.541756
-1.229713	-0.291649
1.191272	-0.234682
-0.290061	-3.494949
-0.631246	-3.932077
0.527345	-1.358969
-1.076606	1.190431
1.050983	1.056186
-0.535634	-1.498738
0.478551	-4.434757
0.357757	-3.248204
-1.141114	-0.043027
1.254348	-0.100919
-0.258511	-3.321345
-0.503048	-4.227783
0.401003	-1.781139
-1.154727	1.637802
0.928700	0.323989
-0.617788	-1.554175
0.305503	-4.967132
0.482170	-2.766995
-1.025664	-0.002171
1.295717	0.122190
-0.226272	-3.243930
-0.452322	-4.291730
0.340477	-1.994651
0.765807	0.040054
-0.816294	0.399076
-0.488718	-0.669562
-0.142801	-2.999046
-0.319399	-4.387501
0.213965	-2.399488
0.366261	-0.798203
0.223182	-0.752366
-0.160670	-0.991401
-0.328955	-1.026226
-0.143355	-2.762168
-0.063166	-4.656711
0.157272	-2.659041
0.312912	-1.040627
0.114986	-1.144884
-0.253618	-0.660012
-0.379327	-0.723687
-0.239026	-2.245876
0.441627	-4.127369
0.139861	-3.105890
0.561571	-0.544759
-1.042167	1.816419
0.953835	0.952866
-0.618955	-1.061712
0.780732	-3.453079
0.263765	-3.707004
-1.185859	-0.420257
1.234756	-0.570830
-0.195973	-3.810681
-0.936952	-2.838784
0.603574	-0.984132
-0.978779	1.180548
1.027767	1.626048
-0.578700	-0.645150
-0.053596	-3.507906
0.387569	-1.280420
0.584225	-0.126448
-0.965796	2.260644
0.913359	0.975379
-0.664869	-0.636595
0.036716	-3.845837
0.825975	-0.351332
-0.718055	-1.044759
0.645589	-3.980405
0.373210	-3.492238
-1.084084	-0.356169
1.257915	-0.953374
-0.080510	-4.048994
-1.233521	-1.406817
0.805680	-0.525252
-0.736241	-0.972944
0.705144	-3.774739
0.347870	-3.607714
-1.098563	-0.413576
1.245291	-1.060906
-0.068582	-4.113462
-1.213204	-1.542756
0.878637	-0.462548
-0.641351	-1.896912
0.027294	-5.388780
0.626228	-2.009152
-0.891396	-0.421852
1.243831	-1.320085
0.042179	-4.096126
-1.256152	-1.079915
1.039290	-0.352552
-0.428856	-3.277446
-0.557361	-4.286416
0.732532	-1.119575
-0.802668	-0.670572
1.010115	-2.595733
0.191172	-4.031350
-1.193083	-0.760462
1.212073	-0.908659
-0.142903	-4.108413
-1.099290	-2.187466
0.849969	-0.573058
-0.673848	-1.660162
0.158403	-5.285003
0.587995	-2.292383
-0.922497	-0.359524
1.274827	-1.033916
0.000498	-4.054575
-1.274861	-1.031974
0.924566	-0.358968
-0.585428	-2.311396
-0.168159	-5.271474
0.675962	-1.646817
-0.847943	-0.580719
1.087484	-2.245210
0.149297	-4.105572
-1.208657	-0.890367
1.197047	-0.798642
-0.180055	-4.055252
-1.033208	-2.495407
0.817322	-0.644306
-0.714240	-1.295124
0.409605	-4.741436
0.494502	-2.915136
-0.993301	-0.314749
1.274080	-0.962543
-0.040732	-4.037974
-1.280565	-1.015826
0.840202	-0.446902
-0.693924	-1.368255
0.366963	-4.851510
0.503183	-2.824833
-0.991202	-0.256082
1.294935	-0.683651
-0.076884	-3.918080
0.682420	-0.668464
-0.890738	0.707059
-0.544869	-0.332871
-0.296103	-2.045833
0.512672	-4.034677
0.173457	-3.243741
0.823419	-0.156269
-0.731535	-0.759267
0.987268	-2.679374
0.194966	-3.955685
-1.206375	-0.692156
1.211313	-0.719244
-0.185954	-3.968778
-1.009417	-2.585462
0.737067	-0.740445
-0.817102	-0.212275
-0.138263	-3.423665
0.337832	-1.694868
0.547448	-0.265125
0.881344	0.698119
-0.694057	-0.552019
0.006791	-3.817730
0.725633	-0.491976
-0.844692	0.312992
-0.437349	-1.265992
0.118725	-3.630825
-1.321454	0.246091
0.905519	-0.189012
-0.621024	-1.893517
0.053533	-5.362679
0.593739	-2.113290
-0.927348	-0.163600
1.321065	0.117827
-0.130359	-3.606902
0.424459	-1.335071
0.818589	0.253359
-0.757557	-0.167249
-0.209001	-2.947071
-0.193986	-4.718258
0.253088	-2.482351
0.626465	-0.275983
-0.962460	1.740811
0.948361	1.505886
-0.639397	-0.410270
-0.146235	-3.167037
-0.497361	-4.005978
0.258422	-2.156893
0.414860	-0.619948
0.395112	-0.350603
0.200201	-0.694704
-0.214044	-0.630799
-0.406535	-0.223886
-0.455502	-0.046298
-0.487818	0.474020
-0.295519	2.927286
0.539078	0.954425
0.638960	0.389006
-0.878839	2.427679
0.883167	1.355467
-0.701622	0.048764
-0.393435	-1.417092
0.120322	-3.554155
0.852069	-0.212578
-0.690105	-1.242401
0.482657	-4.511723
0.444841	-3.130973
-1.037288	-0.243028
1.287211	-0.668119
-0.103723	-3.885500
0.635477	-0.782737
-0.944401	1.127144
1.003906	1.894621
-0.589893	-0.326207
-0.255046	-2.420826
0.243130	-4.636324
0.198709	-2.998104
0.747670	-0.194967
-0.829914	0.375942
-0.472946	-0.875175
-0.038589	-3.426369
0.353457	-1.359208
0.426237	-0.431110
0.379572	-0.345026
0.140094	-0.841325
-0.276293	-0.211053
-0.454607	1.166236
0.372960	2.023074
0.213703	-0.111657
-0.246041	0.112362
-0.205716	2.759493
0.404778	0.624765
0.088712	-0.663178
-0.327431	0.635661
0.214213	2.347484
0.068948	-0.068427
-0.235892	1.753590
0.280548	0.877049
-0.149711	-0.186806
-0.351905	1.992581
0.432237	1.097448
0.184413	-0.370588
-0.267753	0.153459
-0.185839	2.837585
0.403673	0.593411
0.086559	-0.676134
-0.328644	0.621642
0.210210	2.384282
0.078862	-0.056806
-0.237890	1.693085
0.277129	0.913153
-0.150597	-0.150158
-0.331451	2.119589
0.430324	0.997645
0.171381	-0.416045
-0.277832	0.253445
-0.053066	2.970530
0.321525	0.375239
-0.096062	-0.756723
-0.398733	0.276928
-0.309201	2.718510
0.507404	0.926627
0.505803	0.123506
0.628006	0.198387
-0.917003	2.268852
0.899901	1.298861
-0.684961	-0.177391
-0.263723	-2.481402
0.179910	-4.761257
0.222057	-2.936745
0.813029	-0.093532
-0.748846	-0.520323
0.034360	-3.931982
-1.316910	-0.493826
0.893940	-0.317391
-0.629241	-1.908523
0.033194	-5.378774
0.611487	-2.046344
-0.908458	-0.284555
1.318611	-0.422719
-0.052995	-3.892498
0.685404	-0.629864
-0.888677	0.717736
-0.548190	-0.290875
-0.319762	-1.853693
0.664353	-3.578522
0.158806	-3.348444
0.841743	-0.163941
-0.706440	-1.036019
0.670299	-3.889367
0.354529	-3.546829
-1.100500	-0.357989
1.258153	-0.891238
-0.097601	-4.018221
-1.226904	-1.446743
0.763919	-0.589240
-0.789255	-0.421054
-0.007658	-3.886431
0.756260	-0.476640
-0.805469	-0.146919
-0.190003	-3.125126
-0.373290	-4.391316
0.277042	-2.236328
0.574419	-0.317839
-1.007643	2.031139
0.931867	0.965536
-0.643656	-0.839715
1.089856	-2.180976
0.153896	-3.894278
-1.251967	-0.689685
1.148463	-0.371966
-0.305215	-3.641411
-0.725745	-3.671027
0.655849	-1.053551
-0.906230	0.535646
-0.491421	-0.911772
0.005681	-3.575943
0.514208	-0.844261
-1.080706	1.830805
0.943082	0.680099
-0.618238	-1.283652
0.540031	-4.293604
0.378464	-3.317317
-1.104109	-0.161259
1.276794	-0.370556
-0.187958	-3.621150
-0.841273	-3.116570
0.462119	-1.341141
-1.143417	1.542468
0.958041	0.519274
-0.592638	-1.618289
0.289224	-4.988379
0.471659	-2.762913
-1.040163	0.074868
1.282845	0.262189
-0.264802	-3.031350
-0.266403	-4.732652
0.328555	-2.250254
0.865175	0.124409
-0.689658	-1.007815
0.723485	-3.692676
0.319117	-3.643908
-1.130358	-0.386929
1.252937	-0.821945
-0.122552	-3.984125
-1.178986	-1.740204
0.723204	-0.673565
-0.838913	0.096029
-0.326102	-2.226086
0.288009	-4.683002
0.256295	-3.062752
-1.286966	0.270346
1.028854	0.058207
-0.483517	-2.711652
-0.274851	-5.025913
0.600625	-1.625623
-0.946929	0.427351
1.155116	1.548831
-0.434982	-1.537511
0.659328	-3.755029
0.228984	-3.491990
-1.259449	-0.251953
1.141353	-0.131925
-0.346574	-3.354024
-0.544977	-4.245013
0.563701	-1.375246
-1.014919	1.042459
1.071078	1.390896
-0.542821	-1.049592
0.154517	-3.772736
-1.276342	-0.540967
1.097323	-0.227323
-0.377245	-3.375638
-0.577045	-4.187280
0.649848	-1.201290
-0.906260	0.411566
-0.447214	-1.322164
0.158301	-3.629883
-1.300398	-0.292638
1.031158	-0.137729
-0.463812	-2.962193
-0.402138	-4.735213
0.655150	-1.381834
-0.889832	0.086732
-0.294791	-2.547433
0.089160	-4.930485
0.274061	-2.805732
-1.271685	0.793523
0.955184	0.086281
-0.572936	-2.100882
-0.020723	-5.350956
0.582116	-2.020038
-0.948124	0.100709
1.263309	0.894268
-0.282329	-2.735835
-0.042096	-4.958160
0.291858	-2.615237
-1.223715	1.293829
0.917658	0.100263
-0.620362	-1.694338
0.194863	-5.195937
0.530196	-2.478447
-0.985376	-0.003661
1.300492	0.300673
-0.221174	-3.201961
-0.417682	-4.360884
0.323913	-2.075437
0.728377	-0.032394
-0.856961	0.887822
-0.590800	0.321808
-0.527804	1.112282
0.368372	2.541261
0.442237	0.313803
0.254456	-0.428394
-0.154937	-0.866034
-0.367865	-0.561991
-0.335832	-1.427923
0.040942	-3.395601
0.456045	-0.911612
0.769577	0.256564
-0.817710	0.610117
-0.551341	0.078403
-0.495955	0.225002
-0.494538	1.551116
0.456302	1.907349
0.441463	0.193468
0.272697	-0.419761
-0.117647	-1.029034
-0.342217	-0.736552
-0.271937	-1.937721
0.110836	-3.261602
0.571271	-0.571689
-1.035723	1.730102
0.965376	1.062438
-0.611704	-1.027596
0.843600	-3.212393
0.233511	-3.763017
-1.208028	-0.488033
1.217780	-0.519737
-0.220104	-3.782313
-0.875640	-3.086759
0.608925	-1.012454
-0.969860	1.106273
1.032927	1.694081
-0.574490	-0.589005
-0.094163	-3.341519
0.297030	-1.749137
0.351940	-0.670052
0.129916	-0.969928
-0.268865	-0.393954
-0.446456	0.346790
-0.342585	2.670002
0.528476	1.034863
0.593959	0.311451
0.862503	0.917210
-0.722575	-0.073672
-0.300664	-2.253231
0.312293	-4.583717
0.226273	-3.088638
-1.287287	0.703925
0.935952	-0.005296
-0.591973	-2.013738
0.009588	-5.361470
0.586980	-2.057106
-0.939653	-0.005319
1.290252	0.655915
-0.224656	-3.104827
-0.329469	-4.548190
0.302818	-2.229669
0.717696	-0.077282
-0.867451	0.986808
-0.601959	0.344016
-0.530624	1.109703
0.366832	2.566647
0.451033	0.333744
0.292000	-0.355581
-0.085333	-1.099701
-0.337194	-0.666636
-0.312166	-1.591329
0.065821	-3.370458
0.504197	-0.765932
0.899034	0.563497
-0.666426	-0.928863
0.862949	-3.161775
0.240691	-3.814332
-1.190851	-0.525785
1.228130	-0.680145
-0.179749	-3.913037
-1.010451	-2.562023
0.677807	-0.820128
-0.889791	0.560598
-0.507455	-0.700062
-0.101119	-3.227676
0.259157	-1.970514
0.303577	-0.847776
0.040642	-1.289434
-0.287159	-0.653150
-0.359859	-1.026945
-0.103451	-3.008879
-0.451633	-4.004658
0.198397	-2.310634
0.258062	-1.097783
-0.003264	-1.473272
-0.259232	-1.112409
-0.190845	-2.360417
0.395269	-4.143989
0.106005	-2.976606
0.347419	-1.056234
0.242122	-0.770134
-0.117207	-1.185179
-0.300489	-1.166689
-0.116135	-2.847662
-0.211929	-4.484574
0.162321	-2.526399
0.257942	-1.186352
0.019352	-1.482196
-0.251235	-1.092906
-0.208386	-2.231864
0.549134	-3.726199
0.096657	-3.053446
0.369173	-1.017283
0.329181	-0.559191
0.040083	-1.174534
-0.310119	-0.376196
-0.443238	0.066995
-0.492272	1.207409
0.391694	2.183189
0.334714	0.077970
-0.046525	-0.984435
-0.364213	-0.090842
-0.476652	1.066569
0.357755	2.269163
0.277744	0.018988
-0.160286	-0.618228
-0.418232	0.286170
-0.344877	2.606657
0.519319	1.031279
0.556078	0.237046
0.798947	0.602992
-0.790588	0.542182
-0.544391	0.109400
-0.504713	0.461277
-0.365515	2.682825
0.549038	1.127345
0.666634	0.493560
-0.870491	2.237851
0.874344	1.648865
-0.702605	0.325765
-0.516329	0.034553
-0.493818	0.324505
-0.454050	2.088246
0.519419	1.495988
0.580036	0.378357
0.830964	0.774802
-0.756951	0.233890
-0.452072	-0.925014
-0.037240	-3.402561
0.342192	-1.395579
0.383768	-0.523015
0.204029	-0.729346
-0.201476	-0.739213
-0.381716	-0.540727
-0.334176	-1.467958
0.053349	-3.408241
0.498110	-0.799146
0.891222	0.531464
-0.674901	-0.868264
0.934151	-2.882169
0.210206	-3.875385
-1.209142	-0.606119
1.213415	-0.626399
-0.203203	-3.885908
-0.951916	-2.809943
0.676614	-0.855843
-0.889591	0.527679
-0.497281	-0.799959
-0.052245	-3.411574
0.336613	-1.456161
0.387844	-0.527630
0.222447	-0.686548
-0.174935	-0.881633
-0.353435	-0.804569
-0.224964	-2.304311
0.404416	-4.198819
0.134705	-3.061029
0.504354	-0.654925
0.866573	0.514280
-0.705703	-0.563213
0.025669	-3.870569
0.819411	-0.370966
-0.725808	-0.975825
0.713429	-3.741550
0.338848	-3.625805
-1.107524	-0.408307
1.248106	-0.998616
-0.082474	-4.084725
-1.208575	-1.577403
0.838620	-0.503921
-0.693100	-1.416310
0.326873	-4.955568
0.521524	-2.718373
-0.976539	-0.268681
1.295326	-0.713593
-0.064791	-3.939959
0.715011	-0.605837
-0.852863	0.317719
-0.435054	-1.306354
0.133637	-3.624467
-1.318843	-0.040700
0.951161	-0.156180
-0.563642	-2.345209
-0.160502	-5.264503
0.643362	-1.706435
-0.887306	-0.211167
1.319168	0.382775
-0.107334	-3.658108
0.455788	-1.190059
0.885577	0.405953
-0.676390	-0.943637
0.823080	-3.318497
0.262938	-3.779282
-1.173316	-0.484570
1.237075	-0.746237
-0.157219	-3.953205
-1.074294	-2.280323
0.700220	-0.754197
-0.864545	0.331214
-0.435173	-1.331371
0.145452	-3.618281
-1.312199	-0.164806
0.985007	-0.139721
-0.521434	-2.630250
-0.276360	-5.056579
0.656671	-1.530810
-0.879879	-0.144019
1.269019	1.048350
-0.154491	-3.422234
-0.775609	-3.215813
0.344570	-1.714209
0.601255	-0.173696
-0.980713	2.005181
0.931292	1.170102
-0.650542	-0.613922
0.005565	-3.766124
0.675634	-0.561068
-0.902920	0.940066
0.932665	2.454633
-0.583012	-0.061371
-0.422466	-0.906714
-0.085650	-3.180949
0.242574	-2.001751
0.254997	-1.000547
-0.034543	-1.440960
-0.267399	-1.162660
-0.160099	-2.557974
0.173494	-4.540419
0.121599	-2.827111
0.303434	-1.146329
0.119092	-1.170634
-0.243152	-0.749627
-0.353791	-0.989454
-0.129932	-2.872800
-0.208633	-4.522324
0.175818	-2.528974
0.299648	-1.035779
0.077870	-1.264592
-0.266107	-0.704560
-0.354885	-1.032745
-0.107259	-2.983707
-0.404182	-4.125753
0.193224	-2.352019
0.262410	-1.097769
0.006422	-1.462291
-0.260217	-1.065617
-0.209079	-2.245540
0.523126	-3.812469
0.100696	-3.052737
0.380185	-0.981754
0.371072	-0.465702
0.140429	-0.876954
-0.270987	-0.292616
-0.456359	0.815406
0.281660	2.604813
0.277310	0.095099
-0.165975	-0.542089
-0.426784	0.535600
0.085617	3.161179
0.386857	0.379533
0.052579	-0.806732
-0.344694	0.494694
0.147757	2.784449
0.208287	0.113833
-0.246104	0.432232
0.121046	2.527690
0.091020	0.073244
-0.214360	1.682491
0.249274	0.877515
-0.176505	0.147279
-0.082521	2.755467
0.266877	0.367067
-0.188022	-0.196019
-0.391251	1.797865
0.437678	1.307018
0.227187	-0.257028
-0.223244	-0.278750
-0.439219	1.231336
0.378940	1.877214
0.178481	-0.187893
-0.272188	0.511222
0.159193	2.431015
0.066626	0.015357
-0.211327	1.827334
0.258547	0.795894
-0.176798	0.046947
-0.190603	2.656258
0.360796	0.571524
-0.020156	-0.799557
-0.377449	0.524595
0.150448	2.879996
0.260589	0.168585
-0.195491	-0.260929
-0.419512	1.485154
0.410347	1.582379
0.187284	-0.249499
-0.267566	0.302917
0.021850	2.891110
0.246661	0.248390
-0.212986	-0.003403
-0.288397	2.457911
0.436719	0.826213
0.190702	-0.425777
-0.258497	-0.025688
-0.368057	2.165181
0.470644	1.118169
0.340202	-0.121449
-0.009416	-1.070140
-0.345506	-0.159665
-0.473087	0.861001
0.295925	2.612216
0.309913	0.133034
-0.105594	-0.831125
-0.388101	-0.029908
-0.480345	1.182468
0.383883	2.141794
0.293299	0.012716
-0.129498	-0.787849
-0.392983	-0.075887
-0.483266	0.895017
0.305896	2.611531
0.330774	0.157842
-0.063085	-0.930012
-0.373450	-0.034297
-0.474486	1.288439
0.402788	1.999589
0.292673	-0.017369
-0.127965	-0.808567
-0.389305	-0.132635
-0.478892	0.619013
0.065878	3.303776
0.461150	0.522996
0.312751	-0.282072
-0.049823	-1.127887
-0.338080	-0.494571
-0.390485	-0.792875
-0.187683	-2.605323
0.125390	-4.668435
0.159226	-2.840988
0.437816	-0.745503
0.591022	-0.021641
-0.939602	2.379067
0.905193	0.999249
-0.674897	-0.519470
-0.034156	-3.684334
0.530606	-0.875113
-1.087828	1.603529
0.975831	0.834355
-0.589715	-1.388317
0.486321	-4.448122
0.386719	-3.226674
-1.105098	-0.083645
1.275120	-0.194605
-0.220606	-3.445408
-0.632217	-3.814574
0.405193	-1.638689
0.880294	0.282938
-0.677453	-1.020403
0.728686	-3.669207
0.311534	-3.652150
-1.138574	-0.384229
1.252410	-0.773304
-0.134889	-3.952397
-1.152223	-1.880828
0.692736	-0.733353
-0.875057	0.469523
-0.484848	-0.878795
-0.022238	-3.493464
0.409428	-1.148103
0.637851	-0.010851
-0.939093	1.934133
0.922478	1.503466
-0.662632	-0.215656
-0.257713	-2.495792
0.174829	-4.756392
0.217273	-2.930196
0.785103	-0.127939
-0.784647	-0.128740
-0.215575	-2.940521
-0.185860	-4.740878
0.257949	-2.485063
0.655628	-0.227218
-0.929618	1.562664
0.942061	1.842895
-0.639603	-0.082295
-0.365240	-1.583465
0.141823	-3.485479
-1.281772	0.927720
0.879135	-0.165683
-0.656761	-1.542797
0.264964	-5.082113
0.525810	-2.605517
-0.981071	-0.142717
1.313042	-0.163282
-0.142739	-3.625563
0.438619	-1.315436
0.871276	0.346617
-0.692219	-0.825009
0.964240	-2.764403
0.200160	-3.907191
-1.211907	-0.645819
1.209552	-0.636250
-0.204660	-3.898452
-0.954911	-2.802618
0.690768	-0.835270
-0.872592	0.356515
-0.441731	-1.288958
0.135245	-3.635074
-1.316650	-0.112117
0.963748	-0.153635
-0.547707	-2.460238
-0.209164	-5.189828
0.651511	-1.626411
-0.881253	-0.209149
1.312450	0.532326
-0.111191	-3.633187
0.439185	-1.245900
0.843207	0.312697
-0.727788	-0.465780
-0.023726	-3.774948
0.623676	-0.684901
-0.962973	1.345534
0.992517	1.702627
-0.604341	-0.441031
-0.161233	-3.042893
-0.331858	-4.407748
0.236227	-2.356139
0.440598	-0.610328
0.542135	-0.083390
0.827549	0.584296
