0.627725	1.803280
0.758681	1.435824
-0.782002	1.722547
-0.669739	1.513128
-0.389684	3.265813
0.651780	1.636390
0.773157	1.580015
-0.770217	1.551043
-0.646982	1.669849
0.421241	3.141437
0.674050	1.483644
0.783949	1.757350
-0.755512	1.413828
-0.622793	1.837478
0.506017	2.706354
0.692595	1.367530
-0.718435	2.790257
0.789286	1.945364
-0.740273	1.322839
-0.599626	1.999611
0.545245	2.426460
0.707795	1.296711
-0.766992	2.440525
0.787328	2.137576
-0.726015	1.280400
-0.577989	2.161389
0.570196	2.223882
0.721228	1.275045
-0.784257	2.211628
0.775660	2.347838
-0.712647	1.284761
-0.555009	2.347175
0.591891	2.056096
0.734987	1.300977
-0.789306	2.016149
0.742847	2.636494
-0.698383	1.337099
-0.522751	2.593579
0.614372	1.895893
0.749957	1.374303
-0.786378	1.827386
-0.681073	1.438296
-0.461734	2.955480
0.638363	1.729512
0.765223	1.494427
-0.777361	1.644493
-0.660123	1.578843
-0.213604	3.743340
0.277471	3.606256
0.661937	1.565999
0.778486	1.654690
-0.764007	1.485665
-0.636490	1.742596
0.468228	2.922598
0.682599	1.428015
-0.624204	3.236786
0.786917	1.840197
-0.748722	1.368706
-0.612479	1.909039
0.525956	2.571596
0.699576	1.330766
-0.746288	2.611604
0.789440	2.028607
-0.733851	1.298656
-0.589967	2.069850
0.556981	2.331535
0.713764	1.281181
-0.776678	2.332692
0.783860	2.224545
-0.720147	1.276379
-0.568425	2.237786
0.579695	2.148382
0.727233	1.279273
-0.787593	2.124341
0.765104	2.459288
-0.706609	1.302110
-0.542774	2.444964
0.601407	1.987026
0.741457	1.326625
-0.788790	1.933895
0.712137	2.826155
-0.691264	1.375675
-0.501785	2.732285
0.624771	1.823727
0.756763	1.420813
-0.783217	1.744857
-0.672380	1.495299
-0.410736	3.184562
0.648864	1.656591
0.771351	1.561130
-0.771898	1.570937
-0.649905	1.649622
0.402493	3.217255
0.671447	1.501147
0.782787	1.734880
-0.757431	1.428443
-0.625726	1.817200
0.499090	2.749503
0.690552	1.378967
-0.706593	2.856123
0.788881	1.922402
-0.742096	1.331978
-0.602372	1.980002
0.541294	2.456938
0.705959	1.303764
-0.763381	2.474579
0.788190	2.112191
-0.727810	1.282148
-0.580568	2.141084
0.567508	2.245958
0.719577	1.275048
-0.783117	2.236369
0.777760	2.319787
-0.714353	1.281236
-0.558230	2.321154
0.589074	2.076835
0.733251	1.294659
-0.789175	2.039799
0.748947	2.592646
-0.700169	1.329194
-0.527689	2.558269
0.611437	1.916355
0.748059	1.362348
-0.787160	1.850457
0.643354	3.157299
-0.683554	1.422073
-0.472509	2.900095
0.635302	1.750781
0.763369	1.477055
-0.778885	1.665483
-0.662940	1.559442
-0.303393	3.539550
0.659106	1.585540
0.776925	1.633892
-0.765847	1.503311
-0.639389	1.722594
0.457300	2.978115
0.680232	1.443149
0.786275	1.815847
-0.750625	1.380944
-0.615437	1.888468
0.520935	2.607291
0.697632	1.340494
-0.739862	2.656679
0.789535	2.004878
-0.735726	1.303842
-0.592795	2.049141
0.553954	2.356695
0.712048	1.285079
-0.774311	2.361942
0.784970	2.199744
-0.721796	1.276727
-0.571096	2.215948
0.577113	2.168836
0.725442	1.277859
-0.786911	2.148396
0.768675	2.425233
-0.708299	1.296888
-0.546422	2.416038
0.598680	2.006589
0.739642	1.317779
-0.789154	1.956806
0.722725	2.765173
-0.693278	1.364612
-0.508334	2.690591
0.621675	1.845197
0.754841	1.406479
-0.784162	1.768745
-0.674959	1.478053
-0.427974	3.112535
0.645942	1.676833
0.769645	1.541490
-0.773676	1.590068
-0.652981	1.628105
0.379513	3.302864
0.668783	1.519210
0.781704	1.711365
-0.759344	1.443734
-0.628880	1.795331
0.491330	2.795599
0.688301	1.392691
-0.692378	2.930608
0.788388	1.899358
-0.743939	1.341813
-0.605163	1.960242
0.537432	2.487140
0.704207	1.310284
-0.759178	2.511072
0.788556	2.089119
-0.729490	1.286128
-0.583356	2.119841
0.564539	2.269837
0.717920	1.275897
-0.781462	2.263456
0.779788	2.291671
-0.716037	1.278589
-0.561127	2.297077
0.586484	2.096430
0.731535	1.289085
-0.788758	2.064523
0.754393	2.551254
-0.702163	1.319327
-0.532426	2.523858
0.608550	1.936561
0.746175	1.351073
-0.787661	1.874856
0.672009	3.029702
-0.685820	1.408043
-0.481773	2.849477
0.632263	1.771852
0.761489	1.460353
-0.780158	1.688250
-0.665714	1.540409
-0.346714	3.412878
0.656242	1.605354
0.775450	1.612244
-0.767650	1.521617
-0.642475	1.701125
0.444481	3.039172
0.677794	1.459016
0.785354	1.792901
-0.752537	1.393860
-0.618254	1.868910
0.515170	2.646146
0.695624	1.351127
-0.732206	2.706637
0.789545	1.980978
-0.737493	1.311197
-0.595447	2.029707
0.550581	2.383850
0.710304	1.289868
-0.771633	2.392374
0.786231	2.173554
-0.723574	1.276454
-0.573949	2.193404
0.574296	2.190901
0.723787	1.275796
-0.785943	2.173521
0.771674	2.393604
-0.710080	1.291124
-0.549933	2.387980
0.595993	2.026066
0.737720	1.311079
-0.789235	1.980867
0.731681	2.710317
-0.695360	1.353006
-0.514627	2.649694
0.618807	1.865071
0.752920	1.392822
-0.785186	1.791521
-0.677473	1.461444
-0.442821	3.046310
0.642851	1.698400
0.768040	1.521102
-0.775230	1.611133
-0.655875	1.608075
0.350006	3.402526
0.666064	1.537773
0.780357	1.689512
-0.761244	1.459702
-0.631887	1.774515
0.482991	2.843440
0.686115	1.405836
-0.673526	3.022329
0.787990	1.874971
-0.745937	1.350911
-0.608001	1.940291
0.533154	2.519416
0.702406	1.317719
-0.754621	2.548798
0.789056	2.064602
-0.731186	1.290877
-0.585934	2.100066
0.561730	2.293157
0.716253	1.277601
-0.779736	2.290434
0.781518	2.264698
-0.717706	1.276809
-0.564173	2.272500
0.583696	2.117432
0.729708	1.285714
-0.788470	2.087796
0.758958	2.513524
-0.703969	1.311813
-0.536725	2.491511
0.605712	1.956539
0.744308	1.340484
-0.788253	1.897950
0.691207	2.936741
-0.688012	1.394829
-0.490427	2.800489
0.629254	1.792693
0.759589	1.444325
-0.781340	1.711399
-0.668439	1.521809
-0.376995	3.311655
0.653351	1.625374
0.773901	1.591128
-0.769410	1.540569
-0.645398	1.680913
0.429684	3.105439
0.675287	1.475571
0.784513	1.768791
-0.754456	1.407452
-0.621306	1.847766
0.509167	2.685843
0.693685	1.361228
-0.723540	2.760279
0.789273	1.958199
-0.739282	1.319270
-0.598133	2.010242
0.547086	2.411841
0.708656	1.294108
-0.768637	2.424001
0.786986	2.149685
-0.725227	1.278445
-0.576552	2.172532
0.571669	2.212188
0.722137	1.274548
-0.784905	2.198480
0.774355	2.363172
-0.711827	1.286258
-0.553320	2.360761
0.593137	2.046762
0.735951	1.303659
-0.789228	2.004775
0.739350	2.660354
-0.697375	1.342296
-0.520152	2.611909
0.615800	1.885955
0.751004	1.379842
-0.785934	1.815760
-0.679918	1.445519
-0.455688	2.985273
0.639938	1.718546
0.766238	1.502732
-0.776710	1.632733
-0.658743	1.588244
0.308588	3.525541
0.663295	1.556775
0.779091	1.666708
-0.763126	1.476343
-0.634925	1.753466
0.473474	2.895123
0.683857	1.419798
-0.646202	3.144986
0.787310	1.851862
-0.747819	1.362124
-0.610887	1.920113
0.528438	2.553756
0.700550	1.326071
-0.749181	2.590186
0.789272	2.041150
-0.733030	1.294939
-0.588734	2.079219
0.558613	2.318374
0.714570	1.280173
-0.777710	2.318554
0.783177	2.237619
-0.719363	1.275887
-0.566923	2.249780
0.581123	2.137422
0.728026	1.281666
-0.787898	2.112133
0.763167	2.477029
-0.705725	1.305215
-0.540851	2.460069
0.602920	1.976321
0.742462	1.330584
-0.788753	1.920998
0.705742	2.861030
-0.690134	1.382458
-0.498215	2.754341
0.626280	1.813278
0.757676	1.428972
-0.782602	1.733554
-0.671109	1.503704
-0.400377	3.225239
0.650443	1.645532
0.772284	1.570578
-0.771119	1.560151
-0.648490	1.659328
0.412500	3.177540
0.672715	1.492766
0.783399	1.746196
-0.756518	1.420315
-0.624217	1.827633
0.502645	2.727476
0.691541	1.373646
-0.712974	2.821253
0.789108	1.934015
-0.741225	1.326618
-0.601058	1.989428
0.543454	2.440699
0.706841	1.300699
-0.765069	2.458054
0.787885	2.124393
-0.726889	1.281239
-0.579352	2.150823
0.568782	2.235199
0.720488	1.274126
-0.783798	2.223290
0.776725	2.333924
-0.713417	1.283732
-0.556593	2.334347
0.590514	2.066220
0.734203	1.296966
-0.789137	2.028513
0.746050	2.614067
-0.699325	1.332491
-0.525196	2.576145
0.612839	1.906554
0.749099	1.367539
-0.786764	1.838795
0.619640	3.255303
-0.682293	1.430322
-0.467247	2.927584
0.636867	1.739901
0.764399	1.485020
-0.778111	1.654830
-0.661579	1.568680
-0.270336	3.623369
0.228066	3.715536
0.660483	1.576150
0.777737	1.644329
-0.764981	1.493653
-0.637986	1.732216
0.463027	2.949400
0.681527	1.434548
0.786717	1.827481
-0.749716	1.374018
-0.613821	1.899682
0.523522	2.588996
0.698637	1.335335
-0.743089	2.634030
0.789409	2.017514
-0.734764	1.301192
-0.591344	2.059728
0.555402	2.344331
0.712867	1.283622
-0.775614	2.346608
0.784542	2.211649
-0.721014	1.275811
-0.569842	2.226446
0.578332	2.158935
0.726358	1.278400
-0.787252	2.136281
0.766784	2.442974
-0.707436	1.299530
-0.544573	2.430692
0.599973	1.997215
0.740504	1.322815
-0.788970	1.945245
0.717609	2.795156
-0.692321	1.369523
-0.505170	2.711135
0.623346	1.833588
0.755756	1.414296
-0.783595	1.757318
-0.673719	1.486153
-0.419504	3.148499
0.647357	1.667113
0.770606	1.550624
-0.772771	1.580344
-0.651409	1.639125
0.391834	3.257907
0.670231	1.509159
0.782363	1.722533
-0.758292	1.436666
-0.627352	1.805905
0.495307	2.772102
0.689464	1.385510
-0.700113	2.890811
0.788660	1.911009
-0.743058	1.336101
-0.603826	1.969749
0.539428	2.471615
0.705112	1.306755
-0.761411	2.492112
0.788287	2.101416
-0.728563	1.284822
-0.581928	2.130671
0.566068	2.257559
0.718835	1.274544
-0.782178	2.250438
0.778790	2.305843
-0.715112	1.280640
-0.559535	2.309895
0.587707	2.087000
0.732348	1.292456
-0.788966	2.052071
0.751819	2.571446
-0.701215	1.323598
-0.530034	2.541277
0.609927	1.926885
0.747206	1.355917
-0.787500	1.861888
0.659235	3.088022
-0.684595	1.415892
-0.477260	2.874553
0.633816	1.761077
0.762530	1.467975
-0.779428	1.677381
-0.664375	1.549450
-0.327095	3.472748
0.657634	1.595831
0.776301	1.622422
-0.766804	1.511627
-0.640893	1.712144
0.451016	3.008255
0.679125	1.450050
0.785844	1.804476
-0.751625	1.386591
-0.616803	1.878975
0.518135	2.626269
0.696662	1.345510
-0.736321	2.680336
0.789463	1.993701
-0.736519	1.308178
-0.593981	2.040290
0.552323	2.369883
0.711267	1.286509
-0.772975	2.377058
0.785618	2.186777
-0.722663	1.276568
-0.572492	2.204868
0.575743	2.179570
0.724699	1.275929
-0.786535	2.160250
0.770070	2.410133
-0.709236	1.293307
-0.548152	2.402196
0.597266	2.016727
0.738701	1.314317
-0.789094	1.969373
0.727509	2.736635
-0.694301	1.358894
-0.511590	2.669825
0.620272	1.854915
0.753835	1.400296
-0.784668	1.779994
-0.676266	1.469212
-0.435537	3.079314
0.644434	1.687352
0.768873	1.531288
-0.774359	1.601121
-0.654313	1.619022
0.366151	3.349393
0.667541	1.527479
0.781062	1.700501
-0.760199	1.452288
-0.630342	1.785218
0.487403	2.818521
0.687316	1.398230
-0.683922	2.972674
0.788311	1.886645
-0.744912	1.346278
-0.606638	1.949897
0.535237	2.503428
0.703337	1.313725
-0.756908	2.529826
0.788826	2.076998
-0.730379	1.287735
-0.584715	2.109547
0.563067	2.281748
0.717174	1.275812
-0.780714	2.276237
0.780783	2.277687
-0.716788	1.278421
-0.562622	2.284971
0.585124	2.106668
0.730641	1.287253
-0.788716	2.075441
0.756694	2.532491
-0.703048	1.315619
-0.534676	2.507309
0.607063	1.946972
0.745196	1.346405
-0.787953	1.886286
0.682142	2.981465
-0.686826	1.402262
-0.486077	2.825283
0.630792	1.782040
0.760638	1.451601
-0.780825	1.699006
-0.667125	1.530620
-0.362743	3.360717
0.654755	1.615753
0.774787	1.601028
-0.768588	1.530255
-0.643983	1.690625
0.437372	3.071425
0.676654	1.466263
0.784875	1.781598
-0.753542	1.399841
-0.619831	1.857979
0.512254	2.665541
0.694621	1.356586
-0.728032	2.732738
0.789432	1.969724
-0.738427	1.314449
-0.596852	2.019589
0.548891	2.397445
0.709507	1.291739
-0.770259	2.407476
0.786626	2.161749
-0.724314	1.278147
-0.575327	2.182551
0.572912	2.201844
0.722920	1.275715
-0.785533	2.185292
0.773031	2.378496
-0.710871	1.289433
-0.551601	2.374555
0.594596	2.036178
0.736920	1.306530
-0.789330	1.992088
0.735811	2.684227
-0.696350	1.347727
-0.517233	2.631607
0.617240	1.875946
0.751916	1.386974
-0.785645	1.802853
-0.678745	1.452931
-0.449537	3.015104
0.641345	1.708884
0.767093	1.512591
-0.775876	1.622451
-0.657197	1.599084
0.331673	3.459245
0.664798	1.546268
0.779840	1.677495
-0.762090	1.468584
-0.633365	1.764284
0.478341	2.868847
0.684954	1.413198
-0.661703	3.076750
0.787677	1.863536
-0.746785	1.357141
-0.609499	1.929836
0.530868	2.536148
0.701510	1.321611
-0.752040	2.568777
0.789287	2.052384
-0.732083	1.292858
-0.587298	2.089864
0.560220	2.305404
0.715500	1.277942
-0.778725	2.304400
0.782252	2.251895
-0.718450	1.277065
-0.565632	2.260719
0.582337	2.127772
0.728951	1.282813
-0.788183	2.099877
0.761205	2.494773
-0.704829	1.308555
-0.538887	2.475406
0.604247	1.966847
0.743339	1.336156
-0.788500	1.909362
0.698967	2.897153
-0.689123	1.388039
-0.494297	2.777698
0.627800	1.802758
0.758730	1.435903
-0.781963	1.722326
-0.669671	1.513643
-0.389191	3.267570
0.651854	1.635846
0.773045	1.581546
-0.770325	1.549521
-0.646908	1.670393
0.421712	3.139630
0.674116	1.483142
0.783987	1.757579
-0.755462	1.413768
-0.622719	1.837992
0.506131	2.705642
0.692649	1.367125
-0.718428	2.790042
0.789118	1.946881
-0.740227	1.322872
-0.599557	2.000089
0.545331	2.425860
0.707841	1.296423
-0.766980	2.440316
0.787347	2.137796
-0.725972	1.280534
-0.577920	2.161878
0.570267	2.223373
0.721271	1.274872
-0.784462	2.210177
0.775439	2.349269
-0.712603	1.285007
-0.554930	2.347737
0.591754	2.056873
0.735032	1.300908
-0.789282	2.015916
0.742856	2.636707
-0.698332	1.337462
-0.522649	2.594252
0.614444	1.895394
0.750006	1.374328
-0.786344	1.827148
-0.681155	1.437358
-0.461595	2.956242
0.638438	1.728974
0.765272	1.494546
-0.777481	1.642951
-0.660051	1.579379
-0.210403	3.749246
0.278385	3.603971
0.662008	1.565465
0.778363	1.656234
-0.763958	1.485553
-0.636415	1.743132
0.468656	2.920751
0.682660	1.427551
-0.625172	3.232878
0.786950	1.840436
-0.748674	1.368687
-0.612407	1.909535
0.526056	2.570932
0.699626	1.330412
-0.746279	2.611392
0.789463	2.028839
-0.733807	1.298733
-0.589898	2.070325
0.557059	2.330980
0.713808	1.280944
-0.776664	2.332484
0.783877	2.224757
-0.720104	1.276560
-0.568353	2.238299
0.579764	2.147896
0.727148	1.280596
-0.787574	2.124120
0.765116	2.459497
-0.706563	1.302407
-0.542687	2.445573
0.601476	1.986546
0.741503	1.326598
-0.788763	1.933656
0.711861	2.827581
-0.691209	1.376088
-0.501668	2.733005
0.624845	1.823209
0.756813	1.420880
-0.783179	1.744630
-0.672314	1.495806
-0.410257	3.186354
0.648938	1.656046
0.771398	1.561288
-0.772008	1.569409
-0.649996	1.648813
0.402977	3.215475
0.671514	1.500636
0.782826	1.735104
-0.757382	1.428372
-0.625834	1.816409
0.499208	2.748778
0.690470	1.379973
-0.706871	2.854695
0.788910	1.922642
-0.742049	1.332000
-0.602302	1.980483
0.541383	2.456324
0.706005	1.303462
-0.763369	2.474370
0.787999	2.113664
-0.727767	1.282269
-0.580499	2.141568
0.567580	2.245440
0.719620	1.274862
-0.783101	2.236158
0.777773	2.319996
-0.714309	1.281467
-0.558153	2.321704
0.589143	2.076360
0.733295	1.294577
-0.789152	2.039568
0.748956	2.592858
-0.700252	1.328104
-0.527590	2.558928
0.611509	1.915862
0.748107	1.362362
-0.787128	1.850217
0.642726	3.159969
-0.683494	1.422532
-0.472376	2.900850
0.635376	1.750246
0.763418	1.477163
-0.778842	1.665279
-0.662869	1.559974
-0.302496	3.541965
0.659178	1.585002
0.776969	1.634084
-0.765798	1.503188
-0.639486	1.721798
0.457441	2.977350
0.680294	1.442674
0.786309	1.816085
-0.750714	1.379496
-0.615364	1.888968
0.521038	2.606612
0.697683	1.340125
-0.739853	2.656466
0.789559	2.005112
-0.735681	1.303906
-0.592727	2.049616
0.554033	2.356127
0.712092	1.284828
-0.774298	2.361734
0.784987	2.199958
-0.721753	1.276895
-0.571025	2.216454
0.577183	2.168345
0.725485	1.277719
-0.786893	2.148178
0.768444	2.426659
-0.708383	1.295723
-0.546337	2.416633
0.598749	2.006111
0.739688	1.317740
-0.789128	1.956568
0.722733	2.765389
-0.693361	1.363582
-0.508221	2.691299
0.621748	1.844685
0.754890	1.406534
-0.784125	1.768514
-0.674894	1.478551
-0.427820	3.113303
0.646016	1.676289
0.769693	1.541637
-0.773630	1.589895
-0.652908	1.628649
0.380013	3.301125
0.668851	1.518691
0.781744	1.711584
-0.759295	1.443652
-0.628805	1.795856
0.491454	2.794863
0.688358	1.392259
-0.692664	2.929178
0.788417	1.899598
-0.744026	1.340394
-0.605289	1.959451
0.537524	2.486511
0.704255	1.309967
-0.759168	2.510862
0.788577	2.089344
-0.729447	1.286236
-0.583287	2.120321
0.564613	2.269310
0.717964	1.275696
-0.781447	2.263245
0.779803	2.291881
-0.715994	1.278805
-0.561051	2.297615
0.586553	2.095953
0.731579	1.288991
-0.788943	2.063036
0.754404	2.551465
-0.702114	1.319661
-0.532331	2.524503
0.608621	1.936072
0.746222	1.351076
-0.787630	1.874616
0.671409	3.032356
-0.685761	1.408490
-0.481644	2.850224
0.632338	1.771322
0.761538	1.460449
-0.780117	1.688039
-0.665644	1.540935
-0.346194	3.414544
0.656314	1.604813
0.775495	1.612427
-0.767602	1.521482
-0.642400	1.701667
0.444628	3.038403
0.677857	1.458529
0.785389	1.793135
-0.752628	1.392403
-0.618368	1.868118
0.515278	2.645454
0.695676	1.350744
-0.732468	2.705214
0.789372	1.982486
-0.737447	1.311249
-0.595378	2.030182
0.550664	2.383269
0.710349	1.289603
-0.771620	2.392166
0.786031	2.175012
-0.723531	1.276608
-0.573878	2.193902
0.574366	2.190403
0.723830	1.275644
-0.785926	2.173304
0.771447	2.395031
-0.710035	1.291391
-0.549851	2.388561
0.595860	2.026849
0.737765	1.311028
-0.789210	1.980631
0.731690	2.710531
-0.695307	1.353391
-0.514519	2.650389
0.618880	1.864565
0.752969	1.392865
-0.785151	1.791287
-0.677409	1.461932
-0.442674	3.047078
0.642926	1.697857
0.767936	1.522616
-0.775185	1.610951
-0.655802	1.608617
0.350524	3.400851
0.666133	1.537247
0.780398	1.689725
-0.761195	1.459607
-0.631813	1.775045
0.483119	2.842694
0.686173	1.405390
-0.673822	3.020893
0.788021	1.875212
-0.745890	1.350910
-0.608124	1.939499
0.533249	2.518773
0.702454	1.317387
-0.754610	2.548587
0.789078	2.064829
-0.731142	1.290972
-0.585866	2.100544
0.561805	2.292619
0.716297	1.277386
-0.779721	2.290225
0.781533	2.264908
-0.717663	1.277012
-0.564099	2.273028
0.583765	2.116952
0.729752	1.285607
-0.788449	2.087571
0.758968	2.513735
-0.703921	1.312132
-0.536633	2.492142
0.605782	1.956054
0.744356	1.340475
-0.788223	1.897710
0.690920	2.938172
-0.687955	1.395263
-0.490303	2.801226
0.629328	1.792168
0.759638	1.444409
-0.781471	1.709851
-0.668370	1.522328
-0.376493	3.313388
0.653424	1.624830
0.773947	1.591302
-0.769362	1.540423
-0.645492	1.680111
0.430148	3.103622
0.675352	1.475074
0.784550	1.769022
-0.754548	1.405988
-0.621233	1.848277
0.509279	2.685136
0.693739	1.360830
-0.723532	2.760063
0.789299	1.958437
-0.739236	1.319310
-0.598265	2.009456
0.547170	2.411247
0.708702	1.293828
-0.768624	2.423793
0.787004	2.149903
-0.725184	1.278586
-0.576482	2.173024
0.571740	2.211684
0.722180	1.274382
-0.784888	2.198265
0.774369	2.363380
-0.711783	1.286510
-0.553240	2.361329
0.593206	2.046287
0.735996	1.303596
-0.789204	2.004541
0.739359	2.660568
-0.697323	1.342666
-0.520047	2.612590
0.615872	1.885454
0.751053	1.379874
-0.785900	1.815523
-0.679856	1.445996
-0.455546	2.986038
0.640013	1.718007
0.766136	1.504240
-0.776666	1.632542
-0.658672	1.588783
0.309481	3.523096
0.663366	1.556243
0.779133	1.666912
-0.763077	1.476236
-0.634850	1.754000
0.473608	2.894368
0.683917	1.419340
-0.646826	3.142318
0.787341	1.852102
-0.747771	1.362111
-0.611007	1.919321
0.528536	2.553099
0.700600	1.325724
-0.749430	2.588764
0.789294	2.041380
-0.732985	1.295022
-0.588665	2.079695
0.558690	2.317825
0.714614	1.279944
-0.777696	2.318346
0.783193	2.237831
-0.719320	1.276076
-0.566851	2.250298
0.581192	2.136939
0.728070	1.281547
-0.787878	2.111911
0.763178	2.477239
-0.705678	1.305519
-0.540762	2.460685
0.602990	1.975840
0.742375	1.331996
-0.788725	1.920758
0.705750	2.861246
-0.690078	1.382878
-0.498096	2.755067
0.626354	1.812758
0.757726	1.429045
-0.782563	1.733330
-0.671042	1.504215
-0.400213	3.226000
0.650516	1.644987
0.772331	1.570742
-0.771072	1.559995
-0.648416	1.659872
0.412977	3.175745
0.672781	1.492260
0.783437	1.746423
-0.756469	1.420250
-0.624326	1.826841
0.502761	2.726757
0.691596	1.373235
-0.712967	2.821036
0.789136	1.934254
-0.741179	1.326646
-0.600989	1.989908
0.543297	2.441265
0.706887	1.300404
-0.765303	2.456630
0.787691	2.125863
-0.726846	1.281366
-0.579283	2.151310
0.568854	2.234686
0.720404	1.275397
-0.783782	2.223078
0.776739	2.334132
-0.713501	1.282521
-0.556515	2.334903
0.590583	2.065744
0.734248	1.296891
-0.789114	2.028281
0.745798	2.615488
-0.699275	1.332847
-0.525353	2.575662
0.612911	1.906058
0.749147	1.367560
-0.786732	1.838556
0.618340	3.260445
-0.682232	1.430787
-0.467110	2.928344
0.636942	1.739364
0.764299	1.486521
-0.778068	1.654630
-0.661508	1.569215
-0.269053	3.626414
0.230496	3.710686
0.660554	1.575613
0.777780	1.644526
-0.764933	1.493536
-0.637911	1.732754
0.463166	2.948638
0.681588	1.434078
-0.573134	3.432319
0.786567	1.829022
-0.749668	1.373994
-0.613749	1.900180
0.523624	2.588324
0.698688	1.334974
-0.743343	2.632608
0.789432	2.017747
-0.734719	1.301262
-0.591275	2.060202
0.555481	2.343770
0.712911	1.283379
-0.775601	2.346399
0.784338	2.213100
-0.720971	1.275985
-0.569770	2.226956
0.578401	2.158447
0.726401	1.278267
-0.787233	2.136061
0.766796	2.443182
-0.707390	1.299819
-0.544487	2.431294
0.600043	1.996737
0.740550	1.322782
-0.788943	1.945006
0.717617	2.795371
-0.692266	1.369929
-0.505056	2.711849
0.623237	1.834380
0.755805	1.414357
-0.783733	1.755770
-0.673653	1.486656
-0.419347	3.149266
0.647431	1.666569
0.770653	1.550777
-0.772725	1.580177
-0.651335	1.639669
0.392326	3.256145
0.670148	1.510035
0.782230	1.724081
-0.758387	1.435188
-0.627278	1.806427
0.495428	2.771371
0.689520	1.385085
-0.700395	2.889382
0.788689	1.911249
-0.743011	1.336117
-0.603755	1.970231
0.539518	2.470993
0.705159	1.306445
-0.761400	2.491902
0.788307	2.101640
-0.728519	1.284936
-0.581859	2.131153
0.566141	2.257037
0.718751	1.275801
-0.782388	2.248994
0.778804	2.306052
-0.715068	1.280864
-0.559690	2.309242
0.587775	2.086524
0.732392	1.292369
-0.788944	2.051841
0.751572	2.572868
-0.701166	1.323939
-0.529937	2.541929
0.609998	1.926394
0.747118	1.357350
-0.787469	1.861648
0.658622	3.090683
-0.684536	1.416345
-0.477129	2.875305
0.633891	1.760545
0.762579	1.468077
-0.779554	1.675835
-0.664305	1.549980
-0.326564	3.474363
0.657706	1.595291
0.776345	1.622610
-0.766756	1.511498
-0.640818	1.712685
0.451461	3.006418
0.679188	1.449569
0.785878	1.804712
-0.751576	1.386555
-0.616730	1.879479
0.518240	2.625583
0.696714	1.345134
-0.736312	2.680122
0.789488	1.993936
-0.736474	1.308236
-0.594116	2.039509
0.552404	2.369309
0.711311	1.286250
-0.772962	2.376850
0.785636	2.186992
-0.722620	1.276729
-0.572421	2.205369
0.575813	2.179076
0.724614	1.277233
-0.786517	2.160032
0.770082	2.410342
-0.709191	1.293581
-0.548069	2.402784
0.597335	2.016251
0.738747	1.314272
-0.789265	1.967861
0.727243	2.738059
-0.694248	1.359286
-0.511480	2.670526
0.620345	1.854406
0.753884	1.400346
-0.784632	1.779761
-0.676201	1.469705
-0.435386	3.080083
0.644508	1.686809
0.768921	1.531430
-0.774314	1.600944
-0.654240	1.619565
0.366659	3.347682
0.667609	1.526956
0.781102	1.700717
-0.760295	1.450802
-0.630268	1.785745
0.487528	2.817780
0.687234	1.399211
-0.684213	2.971241
0.788340	1.886885
-0.744865	1.346282
-0.606568	1.950383
0.535330	2.502792
0.703385	1.313400
-0.757150	2.528404
0.788847	2.077224
-0.730335	1.287836
-0.584647	2.110026
0.563141	2.281216
0.717089	1.277055
-0.780699	2.276028
0.780570	2.279126
-0.716744	1.278631
-0.562547	2.285505
0.585192	2.106190
0.730685	1.287153
-0.788695	2.075215
0.756705	2.532702
-0.703000	1.315945
-0.534583	2.507947
0.607134	1.946485
0.745243	1.346402
-0.787923	1.886046
0.681850	2.982898
-0.686908	1.401283
-0.485950	2.826025
0.630866	1.781512
0.760688	1.451691
-0.780785	1.698791
-0.667056	1.531143
-0.362233	3.362420
0.654828	1.615210
0.774673	1.602563
-0.768540	1.530114
-0.643908	1.691168
0.437829	3.069600
0.676718	1.465771
0.784911	1.781831
-0.753493	1.399793
-0.619758	1.858488
0.512364	2.664842
0.694675	1.356195
-0.728297	2.731314
0.789458	1.969961
-0.738382	1.314495
-0.596783	2.020066
0.548975	2.396859
0.709552	1.291466
-0.770247	2.407268
0.786643	2.161966
-0.724271	1.278294
-0.575257	2.183046
0.572982	2.201343
0.722963	1.275556
-0.785516	2.185077
0.773044	2.378704
-0.710955	1.288245
-0.551520	2.375130
0.594665	2.035703
0.736966	1.306474
-0.789305	1.991853
0.735552	2.685650
-0.696297	1.348105
-0.517127	2.632295
0.617313	1.875442
0.751965	1.387011
-0.785610	1.802617
-0.678682	1.453414
-0.449393	3.015871
0.641420	1.708343
0.767141	1.512721
-0.775832	1.622264
-0.657124	1.599625
0.332547	3.456695
0.664868	1.545739
0.779882	1.677704
-0.762041	1.468484
-0.633291	1.764816
0.478758	2.866999
0.685013	1.412747
-0.662006	3.075311
0.787709	1.863776
-0.746737	1.357134
-0.609427	1.930327
0.530965	2.535498
0.701559	1.321272
-0.752030	2.568566
0.789104	2.053873
-0.732039	1.292947
-0.587230	2.090341
0.560296	2.304861
0.715415	1.279170
-0.778941	2.302964
0.782267	2.252106
-0.718407	1.277260
-0.565559	2.261242
0.582406	2.127290
0.728995	1.282700
-0.788163	2.099653
0.760967	2.496196
-0.704782	1.308867
-0.538797	2.476029
0.604317	1.966364
0.743386	1.336141
-0.788471	1.909122
0.698684	2.898582
-0.689066	1.388466
-0.494176	2.778430
0.627874	1.802235
0.758780	1.435981
-0.781923	1.722105
-0.669755	1.512769
-0.388697	3.269326
0.651927	1.635302
0.773091	1.581714
-0.770278	1.549370
-0.646834	1.670937
0.421868	3.138863
0.674181	1.482640
0.784024	1.757808
-0.755413	1.413709
-0.622646	1.838506
0.506245	2.704929
0.692704	1.366721
-0.718699	2.788617
0.789145	1.947120
-0.740181	1.322906
-0.599487	2.000567
0.545416	2.425259
0.707758	1.297582
-0.766969	2.440107
0.787366	2.138015
-0.726056	1.279219
-0.577850	2.162367
0.570339	2.222864
0.721314	1.274699
-0.784445	2.209964
0.775452	2.349477
-0.712559	1.285252
-0.554851	2.348299
0.591822	2.056398
0.735077	1.300839
-0.789259	2.015683
0.742602	2.638129
-0.698281	1.337825
-0.522546	2.594926
0.614517	1.894896
0.750054	1.374355
-0.786311	1.826910
-0.681094	1.437829
-0.461456	2.957005
0.638513	1.728436
0.765321	1.494665
-0.777438	1.642755
-0.659980	1.579916
-0.206821	3.755739
0.279659	3.600855
0.662079	1.564930
0.778406	1.656435
-0.763909	1.485441
-0.636341	1.743668
0.468792	2.919992
0.682720	1.427087
-0.625815	3.230198
0.786983	1.840675
-0.748762	1.367247
-0.612335	1.910030
0.526156	2.570267
0.699677	1.330058
-0.746530	2.609970
0.789486	2.029070
-0.733892	1.297367
-0.590037	2.069551
0.557136	2.330425
0.713851	1.280708
-0.776650	2.332276
0.783670	2.226205
-0.720061	1.276741
-0.568281	2.238813
0.579833	2.147410
0.727191	1.280470
-0.787555	2.123899
0.764881	2.460922
-0.706516	1.302703
-0.542599	2.446182
0.601546	1.986066
0.741549	1.326572
-0.788735	1.933417
0.711869	2.827797
-0.691153	1.376501
-0.501551	2.733725
0.624919	1.822692
0.756862	1.420947
-0.783141	1.744404
-0.672397	1.494919
-0.410097	3.187118
0.649012	1.655502
0.771445	1.561446
-0.771961	1.569247
-0.649922	1.649357
0.403140	3.214713
0.671580	1.500126
0.782864	1.735329
-0.757333	1.428300
-0.625760	1.816929
0.499326	2.748053
0.690526	1.379555
-0.707149	2.853268
0.788938	1.922882
-0.742003	1.332022
-0.602232	1.980964
0.541471	2.455709
0.706052	1.303159
-0.763358	2.474160
0.788018	2.113886
-0.727723	1.282390
-0.580644	2.140819
0.567428	2.246134
0.719663	1.274675
-0.783086	2.235946
0.777787	2.320204
-0.714265	1.281698
-0.558076	2.322254
0.589211	2.075884
0.733340	1.294496
-0.789130	2.039338
0.748707	2.594280
-0.700203	1.328453
-0.527748	2.558435
0.611580	1.915368
0.748155	1.362376
-0.787096	1.849978
0.642097	3.162639
-0.683434	1.422991
-0.471952	2.902698
0.635451	1.749712
0.763467	1.477270
-0.778800	1.665075
-0.662799	1.560506
-0.301598	3.544377
0.659249	1.584463
0.777013	1.634277
-0.765749	1.503064
-0.639411	1.722338
0.457582	2.976585
0.680356	1.442198
0.786343	1.816322
-0.750666	1.379465
-0.615292	1.889469
0.521142	2.605933
0.697735	1.339756
-0.740109	2.655043
0.789583	2.005345
-0.735636	1.303970
-0.592658	2.050091
0.553877	2.356749
0.712137	1.284578
-0.774285	2.361526
0.785004	2.200172
-0.721838	1.275612
-0.571176	2.215742
0.577035	2.169081
0.725528	1.277580
-0.786874	2.147959
0.768456	2.426867
-0.708337	1.296005
-0.546253	2.417228
0.598819	2.005634
0.739734	1.317702
-0.789102	1.956330
0.722464	2.766813
-0.693307	1.363981
-0.508109	2.692006
0.621822	1.844172
0.754939	1.406589
-0.784088	1.768284
-0.674829	1.479049
-0.427667	3.114072
0.645923	1.677092
0.769740	1.541785
-0.773584	1.589723
-0.652835	1.629193
0.380513	3.299385
0.668919	1.518172
0.781784	1.711803
-0.759245	1.443569
-0.628731	1.796381
0.491577	2.794127
0.688415	1.391827
-0.692951	2.927747
0.788446	1.899839
-0.743979	1.340404
-0.605218	1.959936
0.537615	2.485883
0.704302	1.309650
-0.759408	2.509439
0.788597	2.089569
-0.729403	1.286344
-0.583218	2.120801
0.564687	2.268783
0.718007	1.275495
-0.781431	2.263035
0.779817	2.292090
-0.715950	1.279022
-0.560976	2.298154
0.586411	2.096719
0.731623	1.288897
-0.788921	2.062809
0.754159	2.552887
-0.702065	1.319994
-0.532236	2.525148
0.608692	1.935583
0.746270	1.351079
-0.787787	1.873082
0.671111	3.033792
-0.685702	1.408936
-0.481515	2.850972
0.632412	1.770792
0.761587	1.460545
-0.780076	1.687827
-0.665575	1.541462
-0.345674	3.416209
0.656387	1.604271
0.775540	1.612611
-0.767553	1.521347
-0.642325	1.702208
0.444775	3.037635
0.677921	1.458042
0.785424	1.793370
-0.752579	1.392361
-0.618295	1.868624
0.515385	2.644761
0.695729	1.350361
-0.732459	2.704999
0.789397	1.982722
-0.737402	1.311301
-0.595309	2.030658
0.550745	2.382689
0.710394	1.289337
-0.771608	2.391958
0.786048	2.175229
-0.723488	1.276762
-0.573808	2.194401
0.574436	2.189906
0.723873	1.275491
-0.786125	2.171846
0.771460	2.395239
-0.709990	1.291658
-0.550008	2.387960
0.595929	2.026373
0.737811	1.310978
-0.789185	1.980395
0.731427	2.711954
-0.695255	1.353776
-0.514411	2.651083
0.618953	1.864058
0.753018	1.392909
-0.785115	1.791052
-0.677345	1.462419
-0.442526	3.047847
0.643001	1.697315
0.767985	1.522752
-0.775140	1.610768
-0.655730	1.609159
0.351381	3.398225
0.666202	1.536722
0.780439	1.689937
-0.761146	1.459513
-0.631738	1.775574
0.483247	2.841948
0.686232	1.404945
-0.674119	3.019457
0.788051	1.875452
-0.745842	1.350909
-0.608053	1.939987
0.533091	2.519289
0.702503	1.317056
-0.754600	2.548376
0.789099	2.065057
-0.731227	1.289622
-0.585797	2.101021
0.561651	2.293283
0.716340	1.277172
-0.779707	2.290016
0.781548	2.265119
-0.717620	1.277214
-0.564025	2.273557
0.583833	2.116472
0.729795	1.285501
-0.788428	2.087346
0.758979	2.513945
-0.703873	1.312451
-0.536541	2.492772
0.605853	1.955569
0.744403	1.340466
-0.788194	1.897470
0.690632	2.939603
-0.687898	1.395696
-0.490180	2.801964
0.629403	1.791642
0.759688	1.444494
-0.781431	1.709633
-0.668302	1.522848
-0.375991	3.315120
0.653498	1.624286
0.773993	1.591475
-0.769314	1.540277
-0.645418	1.680655
0.430300	3.102854
0.675417	1.474577
0.784410	1.770569
-0.754499	1.405935
-0.621159	1.848788
0.509391	2.684431
0.693656	1.361863
-0.723800	2.758639
0.789325	1.958675
-0.739322	1.317914
-0.598196	2.009933
0.547255	2.410654
0.708747	1.293548
-0.768612	2.423585
0.787022	2.150121
-0.725141	1.278727
-0.576413	2.173516
0.571811	2.211179
0.722223	1.274216
-0.784871	2.198051
0.774145	2.364810
-0.711738	1.286763
-0.553159	2.361898
0.593275	2.045812
0.736041	1.303534
-0.789380	2.003038
0.739102	2.661990
-0.697272	1.343037
-0.519943	2.613270
0.615945	1.884952
0.751102	1.379906
-0.786047	1.813980
-0.679793	1.446473
-0.455404	2.986803
0.639916	1.718803
0.766185	1.504365
-0.776622	1.632350
-0.658600	1.589322
0.310020	3.521530
0.663436	1.555711
0.779175	1.667118
-0.763027	1.476130
-0.634775	1.754534
0.474030	2.892520
0.683977	1.418883
-0.647136	3.140874
0.787373	1.852341
-0.747723	1.362098
-0.610936	1.919814
0.528634	2.552441
0.700650	1.325377
-0.749421	2.588552
0.789317	2.041611
-0.732941	1.295105
-0.588597	2.080171
0.558766	2.317276
0.714658	1.279715
-0.777914	2.316912
0.782985	2.239276
-0.719277	1.276264
-0.566778	2.250817
0.581261	2.136455
0.728113	1.281427
-0.788069	2.110437
0.763189	2.477448
-0.705632	1.305823
-0.540673	2.461301
0.602862	1.976630
0.742422	1.331975
-0.788697	1.920519
0.705470	2.862674
-0.690160	1.381874
-0.497977	2.755793
0.626428	1.812237
0.757775	1.429118
-0.782524	1.733107
-0.670975	1.504727
-0.399727	3.227775
0.650426	1.645797
0.772378	1.570905
-0.771025	1.559838
-0.648342	1.660416
0.413136	3.174980
0.672847	1.491754
0.783475	1.746650
-0.756420	1.420184
-0.624252	1.827358
0.502877	2.726038
0.691651	1.372823
-0.713241	2.819610
0.789163	1.934493
-0.741132	1.326674
-0.600919	1.990387
0.543384	2.440657
0.706933	1.300110
-0.765292	2.456421
0.787711	2.126084
-0.726803	1.281494
-0.579214	2.151796
0.568926	2.234173
0.720446	1.275218
-0.783766	2.222865
0.776753	2.334340
-0.713457	1.282759
-0.556437	2.335459
0.590651	2.065269
0.734293	1.296816
-0.789294	2.026785
0.745808	2.615701
-0.699224	1.333203
-0.525252	2.576329
0.612983	1.905561
0.749058	1.369001
-0.786699	1.838317
0.617364	3.264358
-0.682171	1.431252
-0.466681	2.930189
0.637017	1.738828
0.764348	1.486635
-0.778025	1.654430
-0.661437	1.569750
-0.267770	3.629449
0.232922	3.705797
0.660626	1.575077
0.777824	1.644723
-0.764884	1.493418
-0.637836	1.733292
0.463304	2.947876
0.681506	1.435019
-0.579974	3.407358
0.786601	1.829261
-0.749620	1.373969
-0.613867	1.899388
0.523726	2.587652
0.698739	1.334613
-0.743334	2.632395
0.789456	2.017979
-0.734674	1.301333
-0.591207	2.060677
0.555559	2.343209
0.712955	1.283135
-0.775588	2.346191
0.784354	2.213313
-0.720928	1.276160
-0.569699	2.227466
0.578471	2.157958
0.726444	1.278135
-0.787214	2.135841
0.766808	2.443391
-0.707474	1.298663
-0.544401	2.431896
0.600112	1.996258
0.740596	1.322750
-0.788916	1.944768
0.717345	2.796797
-0.692212	1.370335
-0.504941	2.712563
0.623310	1.833865
0.755855	1.414418
-0.783696	1.755542
-0.673588	1.487159
-0.418875	3.151070
0.647505	1.666024
0.770701	1.550930
-0.772679	1.580010
-0.651261	1.640213
0.392492	3.255388
0.670215	1.509520
0.782269	1.724303
-0.758337	1.435111
-0.627204	1.806949
0.495549	2.770641
0.689577	1.384660
-0.700388	2.889165
0.788718	1.911489
-0.742965	1.336134
-0.603685	1.970714
0.539608	2.470372
0.705207	1.306136
-0.761389	2.491693
0.788327	2.101863
-0.728604	1.283604
-0.581790	2.131635
0.566214	2.256515
0.718794	1.275607
-0.782372	2.248783
0.778818	2.306261
-0.715152	1.279638
-0.559614	2.309786
0.587844	2.086047
0.732436	1.292281
-0.788922	2.051612
0.751582	2.573080
-0.701116	1.324280
-0.529840	2.542581
0.610070	1.925902
0.747166	1.357359
-0.787437	1.861408
0.658318	3.092123
-0.684476	1.416798
-0.476998	2.876057
0.633966	1.760012
0.762481	1.469571
-0.779512	1.675627
-0.664235	1.550509
-0.325685	3.476886
0.657778	1.594751
0.776227	1.624150
-0.766708	1.511369
-0.640915	1.711888
0.451605	3.005651
0.679106	1.450494
0.785913	1.804948
-0.751528	1.386519
-0.616657	1.879982
0.518346	2.624898
0.696766	1.344758
-0.736571	2.678699
0.789512	1.994171
-0.736559	1.306855
-0.594047	2.039984
0.552247	2.369922
0.711227	1.287441
-0.773187	2.375421
0.785653	2.187207
-0.722577	1.276890
-0.572350	2.205871
0.575882	2.178582
0.724657	1.277087
-0.786499	2.159815
0.770095	2.410550
-0.709146	1.293856
-0.548226	2.402192
0.597404	2.015774
0.738792	1.314228
-0.789240	1.967624
0.727251	2.738274
-0.694330	1.358247
-0.511370	2.671228
0.620418	1.853896
0.753933	1.400395
-0.784596	1.779529
-0.676137	1.470198
-0.435236	3.080851
0.644583	1.686266
0.768969	1.531572
-0.774268	1.600766
-0.654329	1.618746
0.367167	3.345969
0.667525	1.527820
0.781143	1.700933
-0.760246	1.450713
-0.630193	1.786272
0.487654	2.817039
0.687291	1.398773
-0.684504	2.969808
0.788182	1.888416
-0.744817	1.346287
-0.606497	1.950869
0.535423	2.502156
0.703433	1.313076
-0.757139	2.528193
0.788868	2.077450
-0.730291	1.287938
-0.584578	2.110505
0.563215	2.280684
0.717133	1.276847
-0.780684	2.275818
0.780585	2.279335
-0.716701	1.278840
-0.562473	2.286038
0.585260	2.105711
0.730729	1.287053
-0.788674	2.074989
0.756715	2.532912
-0.702952	1.316271
-0.534489	2.508585
0.607205	1.945999
0.745290	1.346399
-0.787893	1.885806
0.681557	2.984332
-0.686850	1.401723
-0.485824	2.826768
0.630941	1.780984
0.760737	1.451782
-0.780744	1.698576
-0.666987	1.531666
-0.361722	3.364122
0.654901	1.614667
0.774718	1.602742
-0.768492	1.529974
-0.643834	1.691711
0.437979	3.068831
0.676636	1.466681
0.784947	1.782064
-0.753444	1.399746
-0.619685	1.858996
0.512473	2.664142
0.694728	1.355805
-0.728289	2.731099
0.789484	1.970198
-0.738336	1.314541
-0.596714	2.020542
0.549058	2.396272
0.709598	1.291193
-0.770234	2.407060
0.786661	2.162183
-0.724228	1.278442
-0.575187	2.183541
0.573053	2.200842
0.723006	1.275397
-0.785499	2.184861
0.772818	2.380132
-0.710910	1.288505
-0.551676	2.374520
0.594734	2.035228
0.736880	1.307857
-0.789280	1.991618
0.735560	2.685864
-0.696245	1.348483
-0.517021	2.632982
0.617386	1.874938
0.752014	1.387049
-0.785576	1.802382
-0.678619	1.453897
-0.448946	3.017706
0.641494	1.707802
0.767190	1.512852
-0.775950	1.620725
-0.657212	1.598798
0.333075	3.455065
0.664783	1.546592
0.779923	1.677913
-0.762138	1.466991
-0.633216	1.765347
0.478888	2.866248
0.685072	1.412296
-0.662616	3.072651
0.787740	1.864016
-0.746689	1.357127
-0.609356	1.930817
0.531061	2.534848
0.701475	1.322372
-0.752277	2.567144
0.789126	2.054101
-0.731995	1.293036
-0.587161	2.090817
0.560372	2.304318
0.715459	1.278949
-0.778927	2.302755
0.782283	2.252317
-0.718364	1.277456
-0.565485	2.261766
0.582475	2.126808
0.728910	1.284035
-0.788143	2.099429
0.760978	2.496406
-0.704735	1.309179
-0.538706	2.476653
0.604387	1.965881
0.743433	1.336126
-0.788442	1.908882
0.698401	2.900011
-0.689010	1.388893
-0.494054	2.779162
0.627948	1.801712
0.758829	1.436060
-0.781884	1.721885
-0.669687	1.513285
-0.388530	3.270081
0.652001	1.634758
0.773137	1.581883
-0.770230	1.549219
-0.646926	1.670133
0.422337	3.137055
0.674247	1.482139
0.784061	1.758038
-0.755364	1.413649
-0.622756	1.837715
0.506358	2.704217
0.692758	1.366316
-0.718691	2.788401
0.789172	1.947358
-0.740135	1.322941
-0.599417	2.001045
0.545259	2.425835
0.707803	1.297295
-0.767201	2.438682
0.787385	2.138235
-0.726013	1.279354
-0.577781	2.162856
0.570410	2.222356
0.721356	1.274526
-0.784429	2.209750
0.775466	2.349685
-0.712515	1.285497
-0.554772	2.348861
0.591891	2.055923
0.735122	1.300770
-0.789235	2.015450
0.742611	2.638342
-0.698230	1.338188
-0.522444	2.595599
0.614399	1.895688
0.750102	1.374381
-0.786278	1.826672
-0.681032	1.438300
-0.461316	2.957767
0.638415	1.729231
0.765370	1.494784
-0.777395	1.642560
-0.660066	1.579081
