-0.289179	-6.014768
-0.586351	-4.978338
-0.695899	-4.765459
-0.429206	-5.859018
-0.161733	-6.533229
0.025700	-6.651003
0.228677	-6.415662
0.522594	-5.524497
0.709854	-4.635859
0.497047	-5.305934
0.215373	-6.212431
0.017760	-6.483220
-0.168403	-6.314207
-0.432874	-5.537139
-0.693800	-4.643111
-0.587789	-5.263982
-0.283172	-6.290900
-0.064456	-6.634491
0.117698	-6.590511
0.363841	-6.069572
0.660003	-4.949895
0.640720	-4.793863
0.347169	-5.834132
0.109686	-6.411305
-0.069144	-6.455282
-0.286754	-6.021614
-0.583773	-4.986928
-0.697245	-4.757430
-0.432191	-5.849144
-0.163788	-6.530219
0.023730	-6.651500
0.226653	-6.419232
0.519512	-5.536287
0.710046	-4.637819
0.500456	-5.292279
0.217044	-6.209200
0.019537	-6.482796
-0.166553	-6.317595
-0.429615	-5.549585
-0.692433	-4.646511
-0.590302	-5.254186
-0.285705	-6.284671
-0.065740	-6.633982
0.115723	-6.592726
0.361021	-6.078029
0.658134	-4.958417
0.642823	-4.787447
0.349523	-5.827127
0.111757	-6.408373
-0.067930	-6.456112
-0.284495	-6.027853
-0.580954	-4.997458
-0.698192	-4.751862
-0.435092	-5.839418
-0.165751	-6.527332
0.022516	-6.651670
0.224077	-6.424999
0.516964	-5.545037
0.710466	-4.638001
0.503138	-5.282912
0.219242	-6.203889
0.021250	-6.482346
-0.164814	-6.320722
-0.426584	-5.560947
-0.691273	-4.648674
-0.592786	-5.244243
-0.288142	-6.278629
-0.067597	-6.632734
0.113841	-6.594796
0.358264	-6.086402
0.656126	-4.967895
0.645157	-4.779091
0.352319	-5.817537
0.113757	-6.405483
-0.066148	-6.457654
-0.281798	-6.036253
-0.578395	-5.006597
-0.699225	-4.745578
-0.437912	-5.829829
-0.167620	-6.524573
0.020727	-6.652065
0.222235	-6.428193
0.513848	-5.557546
0.710653	-4.639499
0.505617	-5.274497
0.221344	-6.198785
0.022898	-6.481876
-0.162553	-6.325412
-0.424335	-5.567947
-0.690325	-4.649579
-0.595246	-5.234123
-0.290485	-6.272772
-0.069363	-6.631519
0.112713	-6.595420
0.355570	-6.094678
0.653984	-4.978302
0.646764	-4.775273
0.354969	-5.808462
0.115045	-6.403966
-0.064442	-6.459093
-0.279867	-6.041319
-0.576094	-5.014356
-0.700349	-4.738548
-0.440653	-5.820364
-0.170047	-6.520048
0.019030	-6.652406
0.219841	-6.433548
0.511277	-5.566961
0.710611	-4.642292
0.508418	-5.263677
0.223346	-6.193901
0.024482	-6.481389
-0.161032	-6.328034
-0.421752	-5.577217
-0.689126	-4.652363
-0.597687	-5.223800
-0.293360	-6.264249
-0.071038	-6.630342
0.111019	-6.597234
0.353552	-6.099708
0.652215	-4.986368
0.648603	-4.769525
0.356892	-5.803031
0.116902	-6.401200
-0.062811	-6.460436
-0.277488	-6.048563
-0.573546	-5.024097
-0.701098	-4.733880
-0.443318	-5.811008
-0.171730	-6.517541
0.018088	-6.652488
0.218181	-6.436370
0.508702	-5.576671
0.710813	-4.643250
0.511013	-5.253830
0.225248	-6.189245
0.026001	-6.480888
-0.158981	-6.332208
-0.419385	-5.585491
-0.687674	-4.657044
-0.600114	-5.213255
-0.295516	-6.258746
-0.071962	-6.630068
0.109417	-6.598919
0.350991	-6.107779
0.650327	-4.995283
0.650675	-4.761837
0.359248	-5.795034
0.118046	-6.399848
-0.061899	-6.460958
-0.275866	-6.052552
-0.571245	-5.032526
-0.701946	-4.728442
-0.445911	-5.801750
-0.173323	-6.515169
0.016568	-6.652755
0.216610	-6.439018
0.506124	-5.586649
0.710802	-4.645428
0.513405	-5.244949
0.227670	-6.182452
0.026811	-6.480697
-0.157664	-6.334378
-0.416665	-5.596099
-0.686897	-4.657358
-0.602010	-5.205807
-0.297584	-6.253420
-0.073463	-6.628995
0.107903	-6.600482
0.348494	-6.115733
0.648830	-5.001759
0.652036	-4.758619
0.361460	-5.787573
0.119760	-6.397222
-0.060412	-6.462145
-0.273784	-6.058753
-0.569184	-5.039691
-0.702424	-4.725359
-0.448436	-5.792577
-0.174827	-6.512930
0.015133	-6.652983
0.214481	-6.443799
0.504108	-5.593456
0.710588	-4.648775
0.515599	-5.237014
0.229376	-6.178247
0.028208	-6.480197
-0.156443	-6.336347
-0.414704	-5.602513
-0.685858	-4.659634
-0.604421	-5.194784
-0.298941	-6.251152
-0.074881	-6.627967
0.106475	-6.601929
0.346674	-6.120458
0.647231	-5.008987
0.653647	-4.753386
0.363530	-5.780643
0.121405	-6.394657
-0.058991	-6.463253
-0.271839	-6.064472
-0.566848	-5.048991
-0.703004	-4.721525
-0.450317	-5.786862
-0.176248	-6.510822
0.013779	-6.653176
0.213079	-6.446109
0.501536	-5.603899
0.710647	-4.650136
0.517602	-5.229999
0.230987	-6.174274
0.029547	-6.479691
-0.154678	-6.339868
-0.412369	-5.611351
-0.684550	-4.663922
-0.606310	-5.186839
-0.300843	-6.246167
-0.076218	-6.626986
0.105128	-6.603270
0.344915	-6.125083
0.645539	-5.016922
0.655041	-4.749307
0.365464	-5.774231
0.122345	-6.393557
-0.057634	-6.464289
-0.270024	-6.069742
-0.565235	-5.053802
-0.703683	-4.716962
-0.452718	-5.777830
-0.177589	-6.508839
0.012502	-6.653339
0.211110	-6.450538
0.499530	-5.611126
0.710526	-4.652547
0.519944	-5.220495
0.232508	-6.170528
0.030831	-6.479181
-0.153632	-6.341469
-0.410774	-5.616112
-0.683429	-4.667127
-0.608198	-5.178644
-0.302668	-6.241333
-0.077480	-6.626050
0.103858	-6.604511
0.342604	-6.132708
0.644263	-5.022261
0.656704	-4.743113
0.367267	-5.768320
0.123861	-6.391136
-0.056336	-6.465259
-0.268330	-6.074595
-0.563321	-5.060880
-0.704460	-4.711698
-0.454486	-5.772241
-0.179504	-6.504989
0.011964	-6.653339
0.209861	-6.452546
0.497532	-5.618533
0.710236	-4.655943
0.521590	-5.215206
0.233943	-6.167000
0.032063	-6.478668
-0.152031	-6.344623
-0.408782	-5.623398
-0.682487	-4.669305
-0.609572	-5.173522
-0.304421	-6.236643
-0.078670	-6.625161
0.102662	-6.605660
0.340962	-6.137130
0.642908	-5.028206
0.657701	-4.741162
0.369523	-5.759732
0.124679	-6.390201
-0.055742	-6.465511
-0.266750	-6.079063
-0.561601	-5.066949
-0.704858	-4.708882
-0.456780	-5.763311
-0.180697	-6.503230
0.010830	-6.653468
0.208682	-6.454420
0.495542	-5.626099
0.710255	-4.657159
0.523593	-5.207342
0.235296	-6.163683
0.032597	-6.478544
-0.151139	-6.345911
-0.406945	-5.629989
-0.681713	-4.670518
-0.611467	-5.164843
-0.306106	-6.232084
-0.079794	-6.624316
0.101533	-6.606724
0.339375	-6.141460
0.641482	-5.034708
0.658991	-4.736968
0.371085	-5.754749
0.126079	-6.387914
-0.054552	-6.466379
-0.265275	-6.083179
-0.559553	-5.075430
-0.705345	-4.705435
-0.458451	-5.757814
-0.181823	-6.501580
0.009759	-6.653576
0.206922	-6.458406
0.494124	-5.630396
0.710129	-4.659225
0.525443	-5.200225
0.236571	-6.160565
0.033735	-6.478045
-0.149680	-6.348756
-0.405251	-5.635939
-0.680629	-4.673991
-0.612850	-5.159250
-0.307729	-6.227648
-0.080856	-6.623513
0.100467	-6.607712
0.337837	-6.145701
0.639990	-5.041723
0.660114	-4.733672
0.372538	-5.750193
0.127427	-6.385682
-0.053411	-6.467196
-0.263896	-6.086972
-0.558178	-5.079696
-0.705446	-4.704511
-0.460079	-5.752353
-0.182888	-6.500031
0.008747	-6.653666
0.205868	-6.460035
0.492152	-5.638234
0.710336	-4.658975
0.526630	-5.197173
0.237776	-6.157635
0.034830	-6.477546
-0.148284	-6.351458
-0.403687	-5.641304
-0.679690	-4.676634
-0.614239	-5.153441
-0.309295	-6.223325
-0.081860	-6.622751
0.099459	-6.608629
0.336346	-6.149859
0.638944	-5.045943
0.661083	-4.731202
0.373891	-5.746035
0.128088	-6.384965
-0.052314	-6.467966
-0.262606	-6.090472
-0.556447	-5.086520
-0.706095	-4.699929
-0.461669	-5.746924
-0.184546	-6.496541
0.007790	-6.653741
0.204870	-6.461560
0.490753	-5.642772
0.709956	-4.662540
0.528206	-5.191391
0.239530	-6.152419
0.035886	-6.477047
-0.147580	-6.352372
-0.402244	-5.646136
-0.678884	-4.678515
-0.615634	-5.147430
-0.310808	-6.219104
-0.082812	-6.622027
0.098505	-6.609483
0.334898	-6.153939
0.637341	-5.053850
0.662384	-4.726288
0.375726	-5.739067
0.129342	-6.382847
-0.051904	-6.468083
-0.261397	-6.093708
-0.555364	-5.089268
-0.706345	-4.697957
-0.463223	-5.741521
-0.185503	-6.495163
0.006882	-6.653804
0.203276	-6.465194
0.488798	-5.650825
0.709932	-4.663656
0.530182	-5.182823
0.240608	-6.149814
0.036259	-6.476980
-0.146293	-6.354843
-0.400909	-5.650487
-0.678200	-4.679703
-0.617035	-5.141235
-0.312273	-6.214975
-0.083716	-6.621338
0.097599	-6.610280
0.333489	-6.157948
0.636194	-5.058872
0.663086	-4.725258
0.376902	-5.735604
0.129919	-6.382252
-0.050883	-6.468786
-0.260260	-6.096707
-0.553898	-5.094718
-0.706661	-4.695531
-0.464746	-5.736143
-0.186413	-6.493864
0.006019	-6.653855
0.202374	-6.466533
0.487416	-5.655555
0.709810	-4.665356
0.531531	-5.178152
0.241633	-6.147355
0.037248	-6.476494
-0.145687	-6.355569
-0.399106	-5.657654
-0.677156	-4.683434
-0.618440	-5.134874
-0.313696	-6.210930
-0.084578	-6.620681
0.096735	-6.611027
0.332114	-6.161891
0.635005	-5.064236
0.664146	-4.721644
0.378577	-5.729257
0.131098	-6.380228
-0.049895	-6.469455
-0.259188	-6.099495
-0.552543	-5.099585
-0.707034	-4.692698
-0.466241	-5.730785
-0.187282	-6.492634
0.005196	-6.653897
0.201512	-6.467797
0.486041	-5.660366
0.709599	-4.667578
0.532784	-5.173950
0.242609	-6.145025
0.038210	-6.476007
-0.144488	-6.357855
-0.397955	-5.661190
-0.676679	-4.683442
-0.619336	-5.131668
-0.314460	-6.209928
-0.085401	-6.620052
0.095910	-6.611729
0.330770	-6.165777
0.633778	-5.069903
0.665104	-4.718575
0.379612	-5.726356
0.132244	-6.378236
-0.048936	-6.470093
-0.258173	-6.102097
-0.550777	-5.107296
-0.707459	-4.689509
-0.467710	-5.725446
-0.188763	-6.489394
0.004407	-6.653931
0.200039	-6.471170
0.484672	-5.665246
0.709310	-4.670259
0.533953	-5.170160
0.244157	-6.140315
0.039146	-6.475519
-0.143960	-6.358434
-0.396313	-5.667630
-0.675818	-4.686133
-0.620749	-5.125034
-0.315811	-6.206027
-0.086192	-6.619449
0.095118	-6.612392
0.329453	-6.169611
0.633025	-5.072560
0.665975	-4.715979
0.381162	-5.720493
0.132726	-6.377782
-0.048648	-6.470129
-0.256597	-6.107126
-0.549608	-5.111201
-0.707459	-4.689118
-0.469157	-5.720126
-0.189563	-6.488274
0.003649	-6.653958
0.199244	-6.472306
0.483309	-5.670189
0.709420	-4.670238
0.535567	-5.163357
0.245055	-6.138191
0.039414	-6.475496
-0.142828	-6.360577
-0.395304	-5.670541
-0.675029	-4.688408
-0.621652	-5.121594
-0.317134	-6.202180
-0.086955	-6.618867
0.094355	-6.613022
0.328158	-6.173400
0.631735	-5.078724
0.666770	-4.713788
0.382091	-5.718015
0.133822	-6.375851
-0.047735	-6.470726
-0.255674	-6.109423
-0.548512	-5.114724
-0.707964	-4.685363
-0.470585	-5.714823
-0.190336	-6.487200
0.002916	-6.653978
0.198475	-6.473393
0.481949	-5.675187
0.709006	-4.673659
0.536603	-5.160217
0.245923	-6.136147
0.040311	-6.475015
-0.141722	-6.362656
-0.393783	-5.676439
-0.674302	-4.690333
-0.622555	-5.118069
-0.318432	-6.198379
-0.087693	-6.618302
0.093616	-6.613624
0.326882	-6.177153
0.630928	-5.081808
0.667502	-4.711932
0.383552	-5.712497
0.134898	-6.373934
-0.046839	-6.471301
-0.254787	-6.111604
-0.546965	-5.121287
-0.708029	-4.684503
-0.471996	-5.709538
-0.191087	-6.486164
0.002205	-6.653993
0.197079	-6.476590
0.480591	-5.680233
0.709010	-4.674260
0.538107	-5.153948
0.246767	-6.134166
0.041194	-6.474528
-0.141274	-6.363085
-0.392875	-5.678902
-0.673624	-4.691975
-0.623970	-5.111190
-0.319710	-6.194615
-0.088413	-6.617751
0.092234	-6.615289
0.325621	-6.180876
0.629590	-5.088337
0.668184	-4.710345
0.384981	-5.707094
0.135323	-6.373565
-0.045958	-6.471856
-0.253929	-6.113691
-0.545979	-5.124234
-0.708116	-4.683486
-0.472821	-5.707677
-0.192470	-6.483053
0.001510	-6.654003
0.196348	-6.477603
0.479234	-5.685322
0.708974	-4.675087
0.539057	-5.151226
0.248206	-6.129709
0.042067	-6.474036
-0.140207	-6.365076
-0.391435	-5.684431
-0.672982	-4.693401
-0.624870	-5.107569
-0.320353	-6.193879
-0.089119	-6.617210
0.091528	-6.615843
0.324988	-6.181561
0.628742	-5.091719
0.669298	-4.705773
0.385818	-5.704980
0.136374	-6.371671
-0.045734	-6.471854
-0.253093	-6.115704
-0.545031	-5.126986
-0.708684	-4.679256
-0.474206	-5.702433
-0.193191	-6.482063
0.000826	-6.654009
0.195629	-6.478593
0.477875	-5.690448
0.708441	-4.679189
0.540497	-5.145260
0.249020	-6.127798
0.042284	-6.474038
-0.139788	-6.365449
-0.390590	-5.686614
-0.671897	-4.697855
-0.625766	-5.103935
-0.321605	-6.190170
-0.089814	-6.616675
0.090832	-6.616384
0.323744	-6.185254
0.627879	-5.095206
0.669915	-4.704522
0.387211	-5.699704
0.136782	-6.371325
-0.044870	-6.472389
-0.251661	-6.120220
-0.543594	-5.132967
-0.708790	-4.678073
-0.475581	-5.697210
-0.193903	-6.481087
0.000151	-6.654010
0.194917	-6.479570
0.476514	-5.695607
0.708353	-4.680304
0.541408	-5.142722
0.249829	-6.125897
0.043144	-6.473541
-0.138742	-6.367386
-0.389193	-5.691938
-0.671295	-4.699047
-0.627164	-5.097027
-0.322849	-6.186473
-0.090505	-6.616142
0.090142	-6.616915
0.322503	-6.188940
0.627002	-5.098768
0.670518	-4.703340
0.388031	-5.697648
0.137824	-6.369427
-0.044010	-6.472911
-0.250850	-6.122141
-0.542170	-5.138874
-0.708894	-4.676884
-0.476949	-5.692012
-0.195261	-6.477985
-0.000522	-6.654007
0.193559	-6.482660
0.475718	-5.697388
0.708252	-4.681483
0.542831	-5.136825
0.250639	-6.123988
0.044004	-6.473034
-0.137699	-6.369301
-0.387804	-5.697217
-0.670694	-4.700220
-0.628044	-5.093447
-0.324091	-6.182779
-0.091195	-6.615605
0.089452	-6.617443
0.321259	-6.192627
0.625606	-5.105667
0.671119	-4.702161
0.389425	-5.692349
0.138869	-6.367509
-0.043150	-6.473421
-0.250042	-6.124049
-0.541261	-5.141403
-0.708987	-4.675742
-0.478311	-5.686842
-0.195971	-6.477007
-0.001197	-6.654000
0.192848	-6.483629
0.474345	-5.702603
0.708145	-4.682674
0.543749	-5.134238
0.252067	-6.119503
0.044866	-6.472515
-0.137293	-6.369647
-0.386983	-5.699277
-0.669612	-4.704622
-0.628911	-5.089934
-0.325333	-6.179081
-0.091888	-6.615061
0.088759	-6.617971
0.320010	-6.196323
0.624712	-5.109301
0.672199	-4.697739
0.390832	-5.686978
0.139284	-6.367144
-0.042935	-6.473416
-0.248618	-6.128494
-0.539828	-5.147341
-0.709061	-4.674699
-0.479669	-5.681703
-0.196688	-6.476017
-0.001877	-6.653989
0.192130	-6.484609
0.472963	-5.707840
0.708042	-4.683825
0.545202	-5.128174
0.252898	-6.117516
0.045087	-6.472516
-0.136244	-6.371553
-0.385582	-5.704583
-0.668979	-4.705955
-0.629764	-5.086515
-0.325962	-6.178399
-0.093251	-6.613410
0.088057	-6.618503
0.319371	-6.197047
0.623813	-5.112931
0.672831	-4.696369
0.391694	-5.684721
0.140347	-6.365177
-0.042065	-6.473921
-0.247796	-6.130423
-0.538887	-5.150016
-0.709575	-4.670707
-0.480458	-5.680010
-0.197414	-6.475008
-0.002567	-6.653973
0.190753	-6.487700
0.471570	-5.713098
0.707481	-4.687991
0.546174	-5.125298
0.253748	-6.115462
0.045965	-6.471977
-0.135824	-6.371918
-0.384732	-5.706751
-0.668312	-4.707467
-0.631108	-5.079940
-0.327219	-6.174676
-0.093966	-6.612831
0.087342	-6.619043
0.318098	-6.200793
0.622399	-5.119827
0.673495	-4.694804
0.393157	-5.679091
0.140789	-6.364761
-0.041186	-6.474420
-0.246959	-6.132392
-0.537398	-5.156218
-0.709585	-4.670025
-0.481815	-5.674949
-0.198803	-6.471810
-0.003273	-6.653952
0.190008	-6.488720
0.470164	-5.718374
0.707408	-4.688908
0.547704	-5.118826
0.254625	-6.113321
0.046856	-6.471420
-0.134753	-6.373843
-0.383283	-5.712233
-0.667598	-4.709224
-0.631923	-5.076800
-0.328490	-6.170926
-0.094699	-6.612230
0.086610	-6.619595
0.316806	-6.204572
0.621495	-5.123376
0.674205	-4.692979
0.394095	-5.676500
0.141887	-6.362713
-0.040294	-6.474914
-0.246100	-6.134420
-0.536379	-5.159272
-0.709550	-4.669605
-0.483174	-5.669934
-0.199565	-6.470732
-0.003998	-6.653926
0.189242	-6.489775
0.468741	-5.723670
0.707361	-4.689633
0.548778	-5.115416
0.256146	-6.108494
0.047763	-6.470841
-0.133664	-6.375781
-0.381797	-5.717855
-0.666826	-4.711294
-0.633221	-5.070569
-0.329777	-6.167142
-0.095453	-6.611603
0.085856	-6.620164
0.315492	-6.208394
0.620591	-5.126849
0.674972	-4.690826
0.395652	-5.670445
0.143010	-6.360605
-0.040033	-6.474932
-0.244600	-6.139028
-0.535304	-5.162602
-0.709927	-4.666406
-0.484536	-5.664971
-0.200351	-6.469609
-0.004747	-6.653893
0.188451	-6.490874
0.467873	-5.725582
0.706879	-4.693224
0.549922	-5.111645
0.257096	-6.106109
0.048043	-6.470809
-0.133191	-6.376224
-0.380837	-5.720460
-0.665982	-4.713745
-0.633984	-5.067832
-0.331086	-6.163316
-0.096235	-6.610944
0.085075	-6.620752
0.314771	-6.209301
0.619177	-5.133522
0.675808	-4.688278
0.396705	-5.667348
0.143527	-6.360049
-0.039104	-6.475432
-0.243679	-6.141217
-0.533644	-5.169635
-0.710239	-4.663587
-0.485902	-5.660069
-0.201812	-6.466243
-0.005525	-6.653854
0.186981	-6.494082
0.466411	-5.730914
0.706438	-4.696523
0.551148	-5.107447
0.258094	-6.103571
0.048994	-6.470192
-0.132054	-6.378219
-0.379250	-5.726474
-0.665054	-4.716647
-0.635222	-5.062076
-0.332420	-6.159441
-0.097048	-6.610247
0.084263	-6.621364
0.313398	-6.213242
0.618279	-5.136775
0.676725	-4.685269
0.398396	-5.660691
0.144714	-6.357805
-0.038151	-6.475931
-0.242718	-6.143514
-0.532421	-5.173692
-0.710010	-4.664305
-0.487275	-5.655234
-0.202661	-6.464997
-0.006336	-6.653806
0.186125	-6.495284
0.464925	-5.736264
0.706516	-4.696371
0.552469	-5.102756
0.259147	-6.100856
0.049972	-6.469545
-0.130886	-6.380245
-0.378172	-5.729549
-0.664030	-4.720069
-0.636424	-5.056611
-0.333783	-6.155509
-0.097898	-6.609508
0.083414	-6.622002
0.311988	-6.217253
0.616871	-5.143189
0.677266	-4.684897
0.399604	-5.656907
0.145306	-6.357109
-0.037172	-6.476428
-0.241710	-6.145937
-0.531105	-5.178200
-0.710163	-4.662425
-0.489219	-5.647063
-0.203550	-6.463678
-0.007186	-6.653748
0.185229	-6.496553
0.463412	-5.741635
0.706180	-4.698938
0.553898	-5.097506
0.260262	-6.097939
0.050981	-6.468866
-0.130322	-6.380824
-0.376448	-5.736095
-0.662896	-4.724083
-0.637584	-5.051473
-0.335180	-6.151515
-0.098790	-6.608719
0.082525	-6.622672
0.310537	-6.221343
0.615468	-5.149445
0.678381	-4.680757
0.400906	-5.652709
0.146577	-6.354688
-0.036809	-6.476491
-0.240036	-6.150972
-0.529686	-5.183216
-0.710221	-4.661107
-0.490606	-5.642391
-0.205128	-6.460061
-0.008078	-6.653680
0.184289	-6.497898
0.461868	-5.747028
0.705437	-4.704179
0.555447	-5.091627
0.261447	-6.094794
0.051379	-6.468758
-0.129082	-6.382941
-0.375217	-5.739778
-0.662111	-4.725560
-0.638699	-5.046702
-0.336615	-6.147452
-0.099728	-6.607876
0.081589	-6.623374
0.309040	-6.225522
0.614071	-5.155522
0.679145	-4.679113
0.402313	-5.648048
0.147263	-6.353812
-0.035765	-6.477002
-0.238918	-6.153683
-0.527633	-5.192167
-0.710638	-4.657320
-0.492002	-5.637817
-0.206108	-6.458562
-0.009019	-6.653599
0.182648	-6.501344
0.460290	-5.752447
0.705234	-4.705822
0.557131	-5.085050
0.263319	-6.088769
0.052462	-6.468015
-0.128436	-6.383640
-0.373897	-5.743817
-0.661191	-4.727767
-0.640267	-5.039077
-0.338091	-6.143313
-0.100717	-6.606971
0.080603	-6.624113
0.307492	-6.229799
0.612679	-5.161404
0.680039	-4.676730
0.404400	-5.639616
0.148640	-6.351169
-0.034684	-6.477514
-0.237736	-6.156564
-0.526491	-5.194999
-0.710473	-4.657323
-0.493970	-5.629939
-0.207143	-6.456962
-0.010012	-6.653502
0.181602	-6.502854
0.458098	-5.761289
0.705106	-4.706934
0.558962	-5.077704
0.264667	-6.085078
0.053588	-6.467227
-0.127105	-6.385869
-0.371903	-5.751411
-0.660121	-4.730777
-0.641274	-5.035164
-0.339612	-6.139092
-0.101763	-6.605997
0.079561	-6.624891
0.305888	-6.234186
0.611293	-5.167073
0.681074	-4.673539
0.406050	-5.633868
0.150078	-6.348388
-0.033561	-6.478026
-0.236485	-6.159629
-0.524691	-5.201878
-0.710644	-4.654989
-0.495947	-5.622184
-0.208882	-6.453002
-0.011062	-6.653389
0.180497	-6.504462
0.456441	-5.766771
0.704590	-4.710582
0.560447	-5.072867
0.266109	-6.081075
0.054761	-6.466390
-0.125723	-6.388151
-0.370378	-5.756251
-0.658888	-4.734661
-0.642722	-5.028487
-0.341182	-6.134785
-0.102870	-6.604948
0.078458	-6.625710
0.304847	-6.235777
0.609913	-5.172515
0.681794	-4.672632
0.407838	-5.627499
0.150947	-6.347153
-0.033042	-6.478147
-0.235159	-6.162890
-0.522741	-5.209487
-0.710674	-4.653483
-0.497371	-5.617982
-0.210038	-6.451163
-0.012175	-6.653255
0.179326	-6.506174
0.454739	-5.772294
0.704161	-4.713614
0.562107	-5.067117
0.267653	-6.076730
0.055338	-6.466154
-0.124925	-6.389066
-0.368739	-5.761537
-0.657480	-4.739488
-0.644101	-5.022354
-0.342805	-6.130385
-0.104043	-6.603817
0.077291	-6.626573
0.303117	-6.240420
0.608020	-5.181040
0.682679	-4.670781
0.409215	-5.623722
0.152522	-6.344074
-0.031827	-6.478673
-0.233753	-6.166359
-0.520629	-5.217878
-0.711018	-4.649775
-0.499366	-5.610520
-0.211264	-6.449193
-0.013355	-6.653098
0.177435	-6.509970
0.452410	-5.781250
0.703353	-4.719106
0.563955	-5.060380
0.268701	-6.074677
0.056617	-6.465220
-0.123429	-6.391483
-0.366979	-5.767295
-0.655882	-4.745328
-0.645404	-5.016809
-0.344483	-6.125891
-0.105288	-6.602595
0.076053	-6.627480
0.301316	-6.245203
0.606129	-5.189322
0.683740	-4.667923
0.411317	-5.615949
0.153542	-6.342536
-0.030560	-6.479199
-0.231644	-6.172454
-0.518869	-5.223724
-0.711196	-4.647030
-0.501368	-5.603231
-0.213207	-6.444798
-0.013941	-6.653089
0.176120	-6.511902
0.450606	-5.786875
0.702640	-4.723908
0.566004	-5.052589
0.270476	-6.069564
0.057954	-6.464222
-0.122511	-6.392561
-0.365090	-5.773548
-0.654558	-4.749033
-0.647125	-5.008653
-0.346833	-6.118182
-0.106608	-6.601275
0.074741	-6.628432
0.299440	-6.250134
0.604239	-5.197355
0.684985	-4.663999
0.413592	-5.607388
0.155278	-6.339101
-0.029240	-6.479722
-0.230063	-6.176353
-0.516928	-5.230440
-0.711198	-4.645312
-0.503938	-5.592719
-0.214582	-6.442530
-0.015269	-6.652891
0.174726	-6.513957
0.448164	-5.795946
0.702027	-4.727990
0.567763	-5.047019
0.272377	-6.064014
0.059353	-6.463154
-0.120888	-6.395122
-0.363067	-5.780315
-0.653022	-4.753873
-0.648755	-5.001188
-0.348632	-6.113483
-0.108009	-6.599850
0.073351	-6.629429
0.297485	-6.255222
0.602349	-5.205137
0.685957	-4.662105
0.415490	-5.601266
0.156469	-6.337207
-0.027863	-6.480240
-0.228389	-6.180483
-0.514800	-5.238065
-0.711012	-4.644686
-0.505952	-5.585836
-0.216039	-6.440104
-0.016677	-6.652659
0.173250	-6.516140
0.446240	-5.801709
0.701514	-4.731326
0.570251	-5.036920
0.274414	-6.057994
0.060172	-6.462721
-0.119197	-6.397747
-0.360904	-5.787610
-0.651737	-4.756683
-0.650287	-4.994459
-0.351106	-6.105550
-0.109494	-6.598311
0.071878	-6.630471
0.295445	-6.260477
0.600454	-5.212669
0.687132	-4.659041
0.417584	-5.594259
0.158387	-6.333357
-0.027074	-6.480431
-0.226619	-6.184847
-0.512476	-5.246628
-0.711091	-4.642112
-0.508528	-5.575774
-0.218225	-6.435188
-0.018168	-6.652388
0.171687	-6.518455
0.443670	-5.810934
0.700631	-4.737023
0.572472	-5.028916
0.276592	-6.051472
0.061706	-6.461515
-0.118077	-6.399079
-0.358598	-5.795442
-0.649745	-4.763947
-0.652210	-4.985276
-0.353035	-6.100645
-0.111066	-6.596652
0.070320	-6.631556
0.293318	-6.265905
0.598030	-5.223293
0.688048	-4.657913
0.420441	-5.583024
0.159771	-6.331049
-0.025575	-6.480952
-0.224750	-6.189444
-0.509950	-5.256152
-0.710962	-4.640743
-0.511103	-5.565973
-0.219855	-6.432414
-0.019746	-6.652073
0.170034	-6.520904
0.441028	-5.820252
0.699849	-4.741951
0.574435	-5.022951
0.278315	-6.047144
0.063312	-6.460221
-0.116245	-6.401846
-0.356144	-5.803813
-0.647988	-4.769261
-0.654019	-4.976928
-0.355640	-6.092494
-0.112729	-6.594865
0.069337	-6.631865
0.291100	-6.271512
0.595593	-5.233691
0.689177	-4.655542
0.422953	-5.574095
0.161258	-6.328518
-0.024013	-6.481462
-0.222782	-6.194271
-0.507219	-5.266648
-0.711078	-4.637526
-0.513675	-5.556457
-0.222218	-6.427104
-0.020748	-6.651966
0.167637	-6.525365
0.438312	-5.829676
0.699166	-4.746110
0.577153	-5.012308
0.280799	-6.039540
0.064993	-6.458834
-0.114981	-6.403347
-0.353544	-5.812719
-0.645986	-4.775871
-0.655705	-4.969454
-0.358310	-6.084235
-0.114485	-6.592943
0.067601	-6.633049
0.288789	-6.277304
0.593139	-5.243880
0.690520	-4.651914
0.425127	-5.567444
0.163483	-6.323944
-0.022386	-6.481957
-0.220714	-6.199323
-0.504809	-5.274742
-0.710967	-4.635594
-0.516239	-5.547253
-0.224029	-6.423959
-0.022506	-6.651569
0.165799	-6.528065
0.435518	-5.839219
0.698102	-4.752642
0.579627	-5.003627
0.282839	-6.034102
0.066750	-6.457346
-0.113005	-6.406243
-0.350797	-5.822145
-0.644214	-4.780557
-0.657758	-4.959666
-0.360437	-6.079049
-0.115676	-6.592232
0.065774	-6.634266
0.286383	-6.283281
0.590663	-5.253882
0.691610	-4.650166
0.428084	-5.556443
0.165186	-6.320920
-0.020695	-6.482433
-0.218549	-6.204588
-0.501667	-5.287169
-0.710625	-4.634972
-0.519345	-5.534973
-0.226574	-6.418238
-0.024355	-6.651112
0.163867	-6.530893
0.432643	-5.848893
0.697127	-4.758446
0.582360	-4.993558
0.285646	-6.025313
0.067938	-6.456553
-0.110957	-6.409183
-0.348489	-5.828991
-0.641715	-4.789777
-0.659673	-4.950825
-0.363236	-6.070613
-0.117620	-6.590047
0.063857	-6.635510
0.283882	-6.289444
0.588160	-5.263727
0.692909	-4.647172
0.431268	-5.544365
0.166999	-6.317639
-0.018939	-6.482885
-0.216288	-6.210051
-0.498854	-5.297151
-0.710512	-4.632573
-0.522433	-5.523058
-0.228568	-6.414715
-0.025630	-6.650905
0.161842	-6.533846
0.429685	-5.858713
0.695756	-4.766697
0.584854	-4.985425
0.288016	-6.018678
0.069850	-6.454870
-0.109482	-6.410898
-0.345461	-5.839398
-0.639450	-4.797037
-0.661939	-4.939737
-0.366701	-6.058909
-0.119657	-6.587714
0.062514	-6.636039
0.281287	-6.295791
0.585095	-5.276803
0.694409	-4.642968
0.434126	-5.534514
0.169556	-6.312226
-0.017768	-6.483100
-0.213936	-6.215694
-0.495848	-5.308019
-0.710162	-4.631485
-0.525496	-5.511531
-0.231292	-6.408583
-0.027658	-6.650338
0.159727	-6.536914
0.426643	-5.868689
0.694930	-4.771176
0.587602	-4.975918
0.290552	-6.011431
0.071838	-6.453071
-0.107300	-6.413925
-0.342887	-5.847173
-0.636948	-4.805527
-0.664055	-4.929637
-0.369615	-6.050328
-0.121785	-6.585232
0.060421	-6.637343
0.277969	-6.305076
0.581988	-5.289805
0.695634	-4.640740
0.437210	-5.523588
0.171591	-6.308392
-0.015889	-6.483515
-0.211501	-6.221492
-0.492662	-5.319708
-0.710042	-4.628584
-0.528530	-5.500415
-0.233459	-6.404695
-0.029108	-6.650051
0.157525	-6.540088
0.423517	-5.878833
0.693206	-4.781370
0.590595	-4.965078
0.293252	-6.003570
0.073901	-6.451153
-0.105057	-6.416967
-0.339610	-5.858397
-0.634701	-4.811930
-0.666019	-4.920524
-0.372578	-6.041706
-0.123999	-6.582600
0.058247	-6.638650
0.275193	-6.311750
0.578833	-5.302778
0.696571	-4.640559
0.440513	-5.511603
0.173735	-6.304285
-0.013951	-6.483894
-0.208989	-6.227418
-0.489309	-5.332140
-0.709233	-4.630019
-0.532077	-5.486322
-0.236345	-6.398178
-0.031303	-6.649356
0.155241	-6.543354
0.419719	-5.892489
0.692001	-4.787944
0.593820	-4.952971
0.296112	-5.995098
0.075390	-6.449997
-0.103400	-6.418817
-0.336813	-5.866903
-0.632246	-4.819397
-0.668320	-4.909179
-0.376188	-6.029842
-0.126294	-6.579823
0.056660	-6.639286
0.272333	-6.318578
0.575623	-5.315774
0.698127	-4.636271
0.444025	-5.498595
0.175983	-6.299905
-0.011961	-6.484231
-0.207034	-6.231234
-0.485810	-5.345214
-0.709133	-4.626421
-0.535578	-5.472675
-0.239303	-6.391474
-0.033572	-6.648577
0.152883	-6.546698
0.416428	-5.902986
0.690341	-4.797283
0.596764	-4.942995
0.299122	-5.986031
0.077592	-6.447856
-0.101053	-6.421878
-0.333339	-5.878703
-0.629120	-4.831072
-0.670466	-4.898784
-0.379229	-6.021196
-0.128005	-6.578387
0.054341	-6.640601
0.269397	-6.325543
0.572354	-5.328846
0.699352	-4.634250
0.447182	-5.487955
0.178959	-6.293303
-0.009923	-6.484523
-0.204402	-6.237342
-0.482186	-5.358817
-0.708367	-4.626993
-0.539029	-5.459486
-0.241686	-6.387117
-0.035243	-6.648145
0.150459	-6.550102
0.413061	-5.913668
0.688687	-4.806357
0.599901	-4.931947
0.302272	-5.976391
0.079856	-6.445591
-0.099309	-6.423762
-0.330382	-5.887669
-0.626313	-4.840302
-0.672461	-4.889291
-0.382896	-6.009334
-0.130438	-6.575363
0.052627	-6.641271
0.266394	-6.332624
0.569019	-5.342049
0.700219	-4.634636
0.451066	-5.473088
0.181394	-6.288376
-0.007845	-6.484763
-0.201728	-6.243476
-0.478463	-5.372818
-0.707882	-4.625418
-0.542424	-5.446755
-0.244760	-6.380119
-0.037636	-6.647224
0.147980	-6.553546
0.409029	-5.927849
0.687019	-4.815286
0.603202	-4.919964
0.305550	-5.966215
0.082173	-6.443203
-0.096891	-6.426787
-0.326785	-5.899740
-0.623372	-4.850182
-0.674798	-4.877448
-0.386577	-5.997507
-0.132925	-6.572216
0.050199	-6.642554
0.263334	-6.339798
0.565614	-5.355441
0.701627	-4.631351
0.454557	-5.460763
0.183909	-6.283206
-0.005733	-6.484950
-0.199027	-6.249597
-0.475208	-5.383711
-0.707236	-4.624654
-0.546299	-5.431080
-0.247875	-6.372996
-0.039410	-6.646699
0.145456	-6.557010
0.405525	-5.938888
0.685318	-4.824199
0.606147	-4.910503
0.308939	-5.955548
0.083894	-6.441679
-0.094452	-6.429759
-0.323749	-5.908838
-0.620330	-4.860534
-0.676997	-4.866370
-0.389662	-5.989008
-0.135454	-6.568961
0.048398	-6.643220
0.260229	-6.347036
0.561598	-5.372460
0.702615	-4.630812
0.458179	-5.447755
0.186493	-6.277811
-0.003596	-6.485080
-0.196313	-6.255666
-0.471376	-5.398074
-0.706456	-4.624542
-0.550105	-5.415852
-0.251018	-6.365776
-0.041883	-6.645640
0.142900	-6.560472
0.401964	-5.950099
0.683563	-4.833232
0.609193	-4.900436
0.311825	-5.947363
0.086295	-6.439087
-0.092003	-6.432664
-0.320116	-5.920837
-0.617223	-4.871165
-0.679068	-4.855961
-0.393337	-5.977340
-0.138013	-6.565615
0.045909	-6.644433
0.257091	-6.354311
0.558043	-5.386393
0.703613	-4.630091
0.461903	-5.434189
0.189132	-6.272215
-0.001442	-6.485150
-0.193603	-6.261646
-0.467537	-5.412385
-0.705572	-4.624903
-0.553838	-5.401048
-0.253540	-6.361090
-0.043712	-6.645033
0.140327	-6.563909
0.398357	-5.961467
0.681251	-4.845690
0.612304	-4.889958
0.315379	-5.935915
0.088724	-6.436389
-0.090199	-6.434438
-0.317094	-5.929718
-0.614088	-4.881872
-0.681025	-4.846109
-0.397587	-5.962499
-0.140587	-6.562195
0.044072	-6.645061
0.254570	-6.358991
0.554412	-5.400668
0.704586	-4.629384
0.465699	-5.420208
0.191811	-6.266448
0.000069	-6.485162
-0.190913	-6.267499
-0.463725	-5.426488
-0.704617	-4.625551
-0.557496	-5.386639
-0.256700	-6.353788
-0.046214	-6.643851
0.138407	-6.565722
0.394116	-5.976251
0.679332	-4.855368
0.615928	-4.875988
0.318389	-5.927123
0.090525	-6.434651
-0.087763	-6.437198
-0.313519	-5.941297
-0.610964	-4.892447
-0.683369	-4.833525
-0.401208	-5.951067
-0.143163	-6.558721
0.041574	-6.646168
0.251410	-6.366268
0.550705	-5.415325
0.705501	-4.628890
0.469533	-5.405959
0.194516	-6.260541
0.002225	-6.485137
-0.188258	-6.273191
-0.459971	-5.440229
-0.703624	-4.626287
-0.561078	-5.372588
-0.259845	-6.346480
-0.048045	-6.643186
0.135840	-6.569075
0.390446	-5.987870
0.677304	-4.865559
0.618564	-4.868581
0.322019	-5.915192
0.092975	-6.431800
-0.085351	-6.439856
-0.310604	-5.949629
-0.607890	-4.902685
-0.685147	-4.824417
-0.404787	-5.939788
-0.145071	-6.556876
0.039756	-6.646729
0.248258	-6.373488
0.546923	-5.430396
0.706323	-4.628800
0.473372	-5.391599
0.197231	-6.254530
0.004370	-6.485052
-0.185653	-6.278693
-0.456308	-5.453465
-0.702165	-4.630028
-0.564583	-5.358850
-0.262963	-6.339198
-0.050520	-6.641909
0.133298	-6.572342
0.387363	-5.996328
0.675154	-4.876379
0.621636	-4.858095
0.325061	-5.906119
0.095419	-6.428877
-0.083615	-6.441427
-0.307179	-5.960477
-0.604413	-4.915688
-0.686865	-4.815479
-0.408312	-5.928675
-0.147608	-6.553388
0.037303	-6.647708
0.245130	-6.380621
0.543616	-5.442506
0.707023	-4.629298
0.476646	-5.380649
0.199939	-6.248453
0.006492	-6.484909
-0.183111	-6.283979
-0.452766	-5.466063
-0.701201	-4.630355
-0.568015	-5.345375
-0.266041	-6.331970
-0.052299	-6.641217
0.130793	-6.575507
0.383678	-6.008124
0.672868	-4.887929
0.624621	-4.848009
0.328673	-5.894049
0.097846	-6.425895
-0.081279	-6.443884
-0.303858	-5.970855
-0.601550	-4.924679
-0.688542	-4.806575
-0.412367	-5.914419
-0.150105	-6.549911
0.035557	-6.648184
0.242038	-6.387639
0.539698	-5.458468
0.707571	-4.630550
0.480400	-5.366537
0.202626	-6.242349
0.008584	-6.484711
-0.180016	-6.291002
-0.449370	-5.477906
-0.700301	-4.630195
-0.571908	-5.328737
-0.269066	-6.324827
-0.054697	-6.639882
0.128338	-6.578556
0.380004	-6.019964
0.670928	-4.897103
0.627483	-4.838510
0.331652	-5.885042
0.099604	-6.424027
-0.078995	-6.446219
-0.301256	-5.977853
-0.598349	-4.936091
-0.690199	-4.797575
-0.415761	-5.903660
-0.152551	-6.546469
0.033198	-6.649023
0.239634	-6.392027
0.536266	-5.471488
0.708408	-4.629603
0.484066	-5.352770
0.205276	-6.236255
0.010638	-6.484460
-0.177636	-6.295774
-0.445596	-5.492230
-0.699033	-4.632498
-0.575200	-5.315628
-0.272027	-6.317791
-0.056375	-6.639200
0.125944	-6.581476
0.376348	-6.031822
0.668838	-4.907156
0.630675	-4.826505
0.335156	-5.873180
0.101967	-6.420998
-0.076769	-6.448430
-0.298194	-5.987166
-0.595331	-4.946480
-0.691853	-4.788353
-0.419080	-5.893088
-0.154934	-6.543079
0.031567	-6.649407
0.236651	-6.398767
0.532781	-5.484966
0.708585	-4.632787
0.487615	-5.339484
0.207876	-6.230210
0.012647	-6.484161
-0.175351	-6.300280
-0.442561	-5.502281
-0.697889	-4.633995
-0.578429	-5.302617
-0.274915	-6.310887
-0.058652	-6.637849
0.124278	-6.582829
0.373327	-6.040459
0.666595	-4.918143
0.633204	-4.818662
0.337989	-5.864574
0.103643	-6.419153
-0.075254	-6.449634
-0.295278	-5.995890
-0.592024	-4.959039
-0.693524	-4.778794
-0.422320	-5.882700
-0.157247	-6.539762
0.029344	-6.650107
0.233735	-6.405326
0.529249	-5.498895
0.709014	-4.634003
0.490493	-5.330171
0.210415	-6.224248
0.014605	-6.483818
-0.173168	-6.304513
-0.439180	-5.514661
-0.696428	-4.637680
-0.581602	-5.289647
-0.277723	-6.304131
-0.060192	-6.637214
0.122033	-6.585494
0.369741	-6.052287
0.664196	-4.930102
0.635532	-4.811844
0.341309	-5.853234
0.105908	-6.416132
-0.073164	-6.451621
-0.292519	-6.004006
-0.589439	-4.967042
-0.694753	-4.771935
-0.426065	-5.869143
-0.159480	-6.536532
0.027863	-6.650401
0.231537	-6.409263
0.526228	-5.509853
0.709683	-4.633333
0.493746	-5.318194
0.212880	-6.218404
0.016506	-6.483436
-0.171092	-6.308472
-0.436014	-5.525994
-0.695135	-4.640322
-0.584724	-5.276668
-0.280444	-6.297539
-0.062316	-6.635884
0.119872	-6.588011
0.366806	-6.060870
0.662135	-4.939836
0.638121	-4.802904
0.343929	-5.845312
0.108113	-6.413120
-0.071148	-6.453485
-0.289321	-6.014302
-0.586600	-4.977050
-0.696032	-4.764542
-0.429137	-5.859100
-0.161628	-6.533405
0.025802	-6.650973
0.228781	-6.415445
0.522621	-5.524640
0.709657	-4.637032
0.497353	-5.303639
0.215264	-6.212705
0.017700	-6.483232
-0.168494	-6.314027
-0.432519	-5.539571
-0.694026	-4.641833
-0.587275	-5.266983
-0.283074	-6.291121
-0.064355	-6.634566
0.117800	-6.590380
0.363926	-6.069400
0.659924	-4.950560
0.640477	-4.795172
0.347007	-5.834748
0.109614	-6.411397
-0.069207	-6.455231
-0.286888	-6.021174
-0.583512	-4.989023
-0.697375	-4.756541
-0.432125	-5.849218
-0.163686	-6.530391
0.023828	-6.651474
0.226753	-6.419024
0.520094	-5.533002
0.710323	-4.635839
0.500241	-5.293319
0.217560	-6.207176
0.019480	-6.482808
-0.166639	-6.317427
-0.429804	-5.548748
-0.692651	-4.645282
-0.590316	-5.253841
-0.285610	-6.284884
-0.065642	-6.634055
0.115821	-6.592601
0.361103	-6.077860
0.658061	-4.959043
0.642590	-4.788701
0.349368	-5.827723
0.111688	-6.408463
-0.067990	-6.456065
-0.284623	-6.027440
-0.581182	-4.996285
-0.698319	-4.751004
-0.435030	-5.839486
-0.165653	-6.527499
0.022610	-6.651645
0.224173	-6.424799
0.516993	-5.545149
0.710289	-4.639064
0.502931	-5.283913
0.219141	-6.204147
0.021196	-6.482359
-0.164896	-6.320565
-0.426763	-5.560157
-0.691483	-4.647497
-0.592801	-5.243906
-0.288052	-6.278833
-0.067503	-6.632807
0.113935	-6.594677
0.358343	-6.086236
0.656059	-4.968483
0.644935	-4.780288
0.352170	-5.818113
0.113691	-6.405570
-0.066205	-6.457611
-0.281919	-6.035865
-0.578611	-5.005482
-0.699347	-4.744751
-0.437854	-5.829891
-0.167526	-6.524735
0.020818	-6.652044
0.222327	-6.428001
0.513877	-5.557644
0.710486	-4.640506
0.505947	-5.272084
0.221247	-6.199034
0.022847	-6.481889
-0.162630	-6.325266
-0.424505	-5.567201
-0.690061	-4.651595
-0.595261	-5.233794
-0.290398	-6.272969
-0.069273	-6.631591
0.112804	-6.595307
0.355647	-6.094516
0.654420	-4.975620
0.647030	-4.773186
0.354826	-5.809017
0.114982	-6.404050
-0.064496	-6.459054
-0.279981	-6.040956
-0.575798	-5.016632
-0.699994	-4.740879
-0.440598	-5.820420
-0.169958	-6.520206
0.019117	-6.652387
0.219930	-6.433365
0.511306	-5.567046
0.710453	-4.643244
0.508229	-5.264596
0.223253	-6.194141
0.024433	-6.481402
-0.161104	-6.327899
-0.421913	-5.576514
-0.688852	-4.654434
-0.597703	-5.223481
-0.292650	-6.267290
-0.070953	-6.630413
0.111106	-6.597127
0.353626	-6.099550
0.652656	-4.983647
0.648878	-4.767386
0.356755	-5.803563
0.116841	-6.401281
-0.062862	-6.460400
-0.277596	-6.048224
-0.573741	-5.023095
-0.701212	-4.733119
-0.443266	-5.811060
-0.171644	-6.517693
0.018171	-6.652470
0.218266	-6.436195
0.508731	-5.576744
0.710664	-4.644150
0.510833	-5.254708
0.225159	-6.189476
0.025955	-6.480901
-0.159050	-6.332082
-0.419536	-5.584830
-0.687856	-4.656023
-0.600130	-5.212947
-0.294811	-6.261792
-0.071880	-6.630136
0.109499	-6.598818
0.351062	-6.107624
0.650774	-4.992524
0.650484	-4.762868
0.359118	-5.795543
0.117989	-6.399926
-0.061947	-6.460926
-0.275967	-6.052235
-0.571431	-5.031578
-0.701583	-4.730835
-0.445862	-5.801798
-0.173241	-6.515316
0.016647	-6.652739
0.216047	-6.441161
0.506153	-5.586711
0.710661	-4.646278
0.513233	-5.245787
0.227585	-6.182673
0.026767	-6.480710
-0.157728	-6.334261
-0.416809	-5.595477
-0.686605	-4.659536
-0.602026	-5.205510
-0.296883	-6.256471
-0.073385	-6.629062
0.107982	-6.600386
0.349174	-6.112460
0.648781	-5.002208
0.651855	-4.759598
0.361335	-5.788061
0.119705	-6.397296
-0.060457	-6.462115
-0.273879	-6.058457
-0.569360	-5.038795
-0.702529	-4.724664
-0.448389	-5.792621
-0.174749	-6.513072
0.015209	-6.652969
0.214559	-6.443639
0.504136	-5.593509
0.710456	-4.649577
0.515435	-5.237813
0.229295	-6.178459
0.028167	-6.480210
-0.156503	-6.336239
-0.414839	-5.601929
-0.685557	-4.661862
-0.604437	-5.194497
-0.298869	-6.251318
-0.074805	-6.628033
0.106550	-6.601839
0.346739	-6.120312
0.647187	-5.009406
0.653475	-4.754314
0.363411	-5.781109
0.121354	-6.394728
-0.059033	-6.463226
-0.271929	-6.064196
-0.567014	-5.048144
-0.703104	-4.720861
-0.450273	-5.786903
-0.176173	-6.510959
0.013851	-6.653164
0.213153	-6.445956
0.501564	-5.603943
0.710523	-4.650893
0.517446	-5.230759
0.230911	-6.174477
0.029508	-6.479703
-0.154734	-6.339768
-0.412497	-5.610803
-0.684707	-4.663047
-0.606326	-5.186564
-0.300775	-6.246326
-0.076146	-6.627049
0.105200	-6.603184
0.344978	-6.124941
0.645498	-5.017313
0.654878	-4.750188
0.365351	-5.774676
0.122296	-6.393625
-0.057673	-6.464265
-0.270108	-6.069484
-0.565392	-5.053002
-0.703780	-4.716329
-0.452676	-5.777868
-0.177517	-6.508971
0.012572	-6.653329
0.211181	-6.450392
0.499558	-5.611162
0.710409	-4.653261
0.519796	-5.221219
0.232436	-6.170721
0.030794	-6.479193
-0.153685	-6.341376
-0.410894	-5.615596
-0.683579	-4.666296
-0.607697	-5.181700
-0.302603	-6.241486
-0.077411	-6.626113
0.103927	-6.604429
0.342664	-6.132570
0.644225	-5.022626
0.656550	-4.743948
0.367160	-5.768744
0.123815	-6.391200
-0.056373	-6.465236
-0.268409	-6.074354
-0.563471	-5.060123
-0.704081	-4.714209
-0.454446	-5.772277
-0.179435	-6.505117
0.012031	-6.653330
0.209929	-6.452406
0.497559	-5.618561
0.710591	-4.653518
0.521449	-5.215895
0.233874	-6.167185
0.032028	-6.478680
-0.152081	-6.344537
-0.408896	-5.622913
-0.682630	-4.668515
-0.609588	-5.173268
-0.304358	-6.236790
-0.078605	-6.625221
0.102728	-6.605582
0.341020	-6.136997
0.642873	-5.028546
0.657554	-4.741954
0.369420	-5.760137
0.124635	-6.390262
-0.055776	-6.465490
-0.266825	-6.078838
-0.561742	-5.066233
-0.704947	-4.708306
-0.456166	-5.766736
-0.180631	-6.503354
0.010893	-6.653459
0.208747	-6.454286
0.495569	-5.626121
0.710151	-4.657795
0.523460	-5.207998
0.235230	-6.163859
0.032565	-6.478555
-0.151185	-6.345832
-0.407053	-5.629533
-0.681849	-4.669767
-0.610966	-5.167915
-0.306047	-6.232226
-0.079731	-6.624375
0.101596	-6.606651
0.339430	-6.141330
0.641450	-5.035027
0.658852	-4.737720
0.370987	-5.755136
0.126037	-6.387973
-0.054585	-6.466360
-0.265345	-6.082968
-0.559687	-5.074752
-0.704960	-4.707998
-0.458415	-5.757846
-0.181760	-6.501700
0.009820	-6.653569
0.206984	-6.458277
0.494150	-5.630412
0.710031	-4.659827
0.525315	-5.200851
0.236509	-6.160733
0.033704	-6.478056
-0.149724	-6.348682
-0.405352	-5.635509
-0.680758	-4.673276
-0.612865	-5.159017
-0.307672	-6.227785
-0.080795	-6.623571
0.100528	-6.607641
0.337891	-6.145575
0.639961	-5.042022
0.659982	-4.734387
0.372445	-5.750563
0.127387	-6.385738
-0.053442	-6.467179
-0.263963	-6.086774
-0.558305	-5.079053
-0.705527	-4.703985
-0.460045	-5.752383
-0.182828	-6.500147
0.008806	-6.653660
0.205928	-6.459911
0.492178	-5.638245
0.710244	-4.659545
0.527028	-5.194400
0.237716	-6.157795
0.034801	-6.477557
-0.148325	-6.351390
-0.403784	-5.640898
-0.679813	-4.675953
-0.614254	-5.153217
-0.309240	-6.223457
-0.081802	-6.622807
0.099518	-6.608562
0.336398	-6.149736
0.638917	-5.046223
0.661430	-4.728682
0.373802	-5.746389
0.128050	-6.385018
-0.052343	-6.467951
-0.262669	-6.090287
-0.556569	-5.085909
-0.706173	-4.699425
-0.461636	-5.746953
-0.184488	-6.496653
0.007847	-6.653736
0.204928	-6.461440
0.490779	-5.642779
0.709868	-4.663081
0.528609	-5.188592
0.239473	-6.152573
0.035859	-6.477057
-0.147619	-6.352308
-0.402336	-5.645751
-0.679002	-4.677864
-0.615649	-5.147214
-0.310755	-6.219231
-0.082755	-6.622082
0.098561	-6.609418
0.334948	-6.153819
0.637316	-5.054113
0.662265	-4.726939
0.375641	-5.739406
0.129307	-6.382897
-0.051931	-6.468068
-0.261456	-6.093533
-0.554971	-5.092041
-0.706420	-4.697474
-0.463192	-5.741549
-0.185447	-6.495272
0.006937	-6.653799
0.203332	-6.465079
0.488823	-5.650828
0.709849	-4.664171
0.530070	-5.183371
0.240554	-6.149962
0.036233	-6.476989
-0.146330	-6.354784
-0.400431	-5.653371
-0.678313	-4.679080
-0.617049	-5.141027
-0.312223	-6.215099
-0.083662	-6.621392
0.097653	-6.610218
0.333537	-6.157831
0.636171	-5.059121
0.663444	-4.722684
0.376821	-5.735931
0.129885	-6.382300
-0.050909	-6.468773
-0.260316	-6.096542
-0.553499	-5.097517
-0.706733	-4.695066
-0.464716	-5.736170
-0.186359	-6.493970
0.006072	-6.653852
0.202427	-6.466422
0.487441	-5.655554
0.709730	-4.665848
0.531424	-5.178679
0.241580	-6.147497
0.037224	-6.476503
-0.145722	-6.355513
-0.399189	-5.657306
-0.677265	-4.682835
-0.617940	-5.137976
-0.313647	-6.211050
-0.084525	-6.620734
0.096788	-6.610967
0.332161	-6.161777
0.634984	-5.064471
0.664036	-4.722243
0.378498	-5.729571
0.131065	-6.380275
-0.049920	-6.469443
-0.259242	-6.099338
-0.552140	-5.102409
-0.707104	-4.692250
-0.466212	-5.730811
-0.187229	-6.492738
0.005247	-6.653894
0.201564	-6.467689
0.486066	-5.660361
0.709523	-4.668049
0.532680	-5.174458
0.242559	-6.145162
0.038186	-6.476016
-0.144521	-6.357802
-0.398035	-5.660858
-0.676315	-4.686034
-0.619350	-5.131473
-0.314412	-6.210045
-0.085350	-6.620104
0.095961	-6.611671
0.330816	-6.165664
0.634265	-5.066852
0.664998	-4.719151
0.379536	-5.726661
0.132213	-6.378281
-0.048959	-6.470082
-0.258224	-6.101948
-0.550880	-5.106783
-0.707058	-4.692182
-0.467682	-5.725471
-0.188712	-6.489495
0.004457	-6.653928
0.200090	-6.471065
0.484697	-5.665239
0.709237	-4.670712
0.533853	-5.170652
0.244108	-6.140448
0.039124	-6.475527
-0.143992	-6.358384
-0.396391	-5.667312
-0.675919	-4.685575
-0.620763	-5.124845
-0.315765	-6.206141
-0.086142	-6.619500
0.095168	-6.612336
0.329498	-6.169500
0.633006	-5.072774
0.665872	-4.716537
0.381088	-5.720789
0.132695	-6.377825
-0.048671	-6.470118
-0.256647	-6.106984
-0.549707	-5.110706
-0.707525	-4.688696
-0.469130	-5.720150
-0.189513	-6.488374
0.003697	-6.653956
0.199294	-6.472203
0.483333	-5.670180
0.709350	-4.670675
0.535470	-5.163835
0.245008	-6.138320
0.039392	-6.475505
-0.142859	-6.360530
-0.395379	-5.670234
-0.675128	-4.687866
-0.621665	-5.121408
-0.317089	-6.202292
-0.086906	-6.618917
0.094404	-6.612968
0.328202	-6.173291
0.631718	-5.078929
0.666670	-4.714329
0.382019	-5.718304
0.133792	-6.375893
-0.047757	-6.470716
-0.255722	-6.109286
-0.548608	-5.114243
-0.707560	-4.688056
-0.470559	-5.714847
-0.190288	-6.487298
0.002964	-6.653976
0.198523	-6.473293
0.481973	-5.675175
0.708938	-4.674083
0.536509	-5.160683
0.245877	-6.136273
0.040290	-6.475023
-0.141752	-6.362611
-0.393855	-5.676142
-0.674399	-4.689804
-0.622569	-5.117887
-0.318388	-6.198489
-0.087646	-6.618352
0.093664	-6.613571
0.326925	-6.177045
0.630911	-5.082005
0.667405	-4.712461
0.383482	-5.712780
0.134870	-6.373976
-0.046860	-6.471291
-0.254834	-6.111471
-0.547059	-5.120819
-0.708093	-4.684099
-0.471970	-5.709561
-0.191040	-6.486261
0.002251	-6.653992
0.197127	-6.476492
0.480615	-5.680220
0.708943	-4.674673
0.538014	-5.154406
0.246721	-6.134290
0.041174	-6.474536
-0.141303	-6.363041
-0.392946	-5.678612
-0.673719	-4.691457
-0.623983	-5.111010
-0.319667	-6.194723
-0.088366	-6.617801
0.092281	-6.615238
0.325664	-6.180769
0.629574	-5.088528
0.668088	-4.710863
0.384912	-5.707373
0.135295	-6.373605
-0.045978	-6.471847
-0.253975	-6.113562
-0.546072	-5.123775
-0.708179	-4.683087
-0.472796	-5.707699
-0.192422	-6.483149
0.001556	-6.654002
0.196395	-6.477506
0.479258	-5.685306
0.708909	-4.675492
0.538966	-5.151677
0.248161	-6.129832
0.042047	-6.474044
-0.140235	-6.365034
-0.391505	-5.684148
-0.672607	-4.696067
-0.624884	-5.107390
-0.320311	-6.193987
-0.089072	-6.617260
0.091575	-6.615793
0.325031	-6.181454
0.628727	-5.091905
0.669204	-4.706284
0.385749	-5.705256
0.136346	-6.371711
-0.045754	-6.471846
-0.253138	-6.115578
-0.544609	-5.129896
-0.708279	-4.681965
-0.474181	-5.702454
-0.193144	-6.482159
0.000872	-6.654008
0.195676	-6.478497
0.477899	-5.690431
0.708845	-4.676484
0.540407	-5.145707
0.248976	-6.127920
0.042264	-6.474046
-0.139816	-6.365408
-0.390658	-5.686335
-0.671990	-4.697349
-0.625779	-5.103756
-0.321563	-6.190277
-0.089768	-6.616725
0.090879	-6.616334
0.323786	-6.185148
0.627864	-5.095388
0.669822	-4.705029
0.387143	-5.699979
0.136754	-6.371365
-0.044890	-6.472381
-0.251706	-6.120096
-0.543685	-5.132519
-0.708853	-4.677679
-0.475557	-5.697230
-0.193857	-6.481182
0.000196	-6.654010
0.194963	-6.479474
0.476538	-5.695588
0.708290	-4.680699
0.541318	-5.143168
0.249785	-6.126019
0.043125	-6.473550
-0.138770	-6.367345
-0.389261	-5.691662
-0.671387	-4.698543
-0.626669	-5.100135
-0.322807	-6.186579
-0.090459	-6.616191
0.090188	-6.616866
0.322545	-6.188834
0.626988	-5.098948
0.670426	-4.703845
0.387963	-5.697923
0.137797	-6.369467
-0.044030	-6.472902
-0.250894	-6.122019
-0.542260	-5.138428
-0.708957	-4.676490
-0.476925	-5.692031
-0.195214	-6.478081
-0.000477	-6.654007
0.193606	-6.482565
0.475742	-5.697369
0.708189	-4.681877
0.542741	-5.137272
0.250594	-6.124111
0.043984	-6.473042
-0.137727	-6.369261
-0.387872	-5.696942
-0.670786	-4.699715
-0.628058	-5.093266
-0.324048	-6.182885
-0.091148	-6.615655
0.089498	-6.617394
0.321302	-6.192521
0.625592	-5.105846
0.671496	-4.699485
0.389356	-5.692627
0.138842	-6.367550
-0.043170	-6.473413
-0.250086	-6.123926
-0.541351	-5.140957
-0.709050	-4.675345
-0.478287	-5.686859
-0.195925	-6.477103
-0.001151	-6.654001
0.192895	-6.483534
0.474370	-5.702582
0.708083	-4.683069
0.543658	-5.134688
0.252023	-6.119628
0.044846	-6.472523
-0.137320	-6.369607
-0.387051	-5.699001
-0.669706	-4.704114
-0.628926	-5.089749
-0.324672	-6.182208
-0.092503	-6.614025
0.088805	-6.617922
0.320053	-6.196216
0.624698	-5.109480
0.672106	-4.698248
0.390763	-5.687260
0.139256	-6.367185
-0.042955	-6.473407
-0.248662	-6.128371
-0.539919	-5.146891
-0.709126	-4.674296
-0.479077	-5.685128
-0.196641	-6.476114
-0.001831	-6.653990
0.192177	-6.484513
0.472988	-5.707818
0.707979	-4.684222
0.545110	-5.128630
0.252852	-6.117643
0.045067	-6.472525
-0.136272	-6.371513
-0.385651	-5.704305
-0.669074	-4.705440
-0.629780	-5.086326
-0.325920	-6.178506
-0.093205	-6.613463
0.088104	-6.618453
0.319414	-6.196939
0.623799	-5.113110
0.672736	-4.696884
0.391624	-5.685008
0.140318	-6.365220
-0.042086	-6.473913
-0.247841	-6.130299
-0.538979	-5.149561
-0.709173	-4.673399
-0.480434	-5.680024
-0.197367	-6.475107
-0.002521	-6.653974
0.190800	-6.487604
0.471596	-5.713075
0.707418	-4.688393
0.546081	-5.125763
0.253701	-6.115592
0.045944	-6.471986
-0.135852	-6.371877
-0.384802	-5.706469
-0.668408	-4.706943
-0.631125	-5.079745
-0.327176	-6.174784
-0.093919	-6.612884
0.087390	-6.618993
0.318142	-6.200684
0.622897	-5.116713
0.673399	-4.695329
0.393086	-5.679386
0.140759	-6.364806
-0.041207	-6.474411
-0.247005	-6.132267
-0.537492	-5.155754
-0.709652	-4.669605
-0.481791	-5.674961
-0.198755	-6.471911
-0.003226	-6.653954
0.190056	-6.488623
0.470190	-5.718351
0.707343	-4.689318
0.547608	-5.119302
0.254577	-6.113455
0.046834	-6.471430
-0.134782	-6.373801
-0.383355	-5.711946
-0.667697	-4.708688
-0.631941	-5.076598
-0.328446	-6.171035
-0.094650	-6.612285
0.086659	-6.619545
0.316851	-6.204461
0.621481	-5.123560
0.674107	-4.693516
0.394021	-5.676803
0.141857	-6.362760
-0.040315	-6.474905
-0.246147	-6.134291
-0.536475	-5.158798
-0.709619	-4.669173
-0.483150	-5.669944
-0.199515	-6.470834
-0.003950	-6.653928
0.189292	-6.489677
0.469340	-5.720244
0.707295	-4.690052
0.548680	-5.115906
0.256097	-6.108634
0.047741	-6.470852
-0.133694	-6.375738
-0.381870	-5.717562
-0.666927	-4.710743
-0.633240	-5.070359
-0.329732	-6.167252
-0.095404	-6.611659
0.085905	-6.620113
0.315538	-6.208281
0.620578	-5.127037
0.674872	-4.691378
0.395576	-5.670759
0.142979	-6.360654
-0.040055	-6.474923
-0.244648	-6.138896
-0.534886	-5.165483
-0.709998	-4.665960
-0.484512	-5.664979
-0.200300	-6.469713
-0.004698	-6.653896
0.188502	-6.490773
0.467901	-5.725557
0.706811	-4.693654
0.549821	-5.112151
0.257045	-6.106256
0.048020	-6.470820
-0.133222	-6.376180
-0.380912	-5.720158
-0.666087	-4.713177
-0.634004	-5.067613
-0.331040	-6.163428
-0.096185	-6.611001
0.085126	-6.620701
0.314818	-6.209185
0.619163	-5.133715
0.675704	-4.688848
0.396626	-5.667675
0.143494	-6.360100
-0.039127	-6.475423
-0.243729	-6.141081
-0.533746	-5.169133
-0.709847	-4.666222
-0.485878	-5.660074
-0.201761	-6.466351
-0.005475	-6.653857
0.187033	-6.493980
0.466440	-5.730888
0.706838	-4.693857
0.551043	-5.107972
0.258041	-6.103724
0.048970	-6.470204
-0.132086	-6.378173
-0.379328	-5.726163
-0.665163	-4.716058
-0.635243	-5.061845
-0.332373	-6.159555
-0.096996	-6.610307
0.084315	-6.621312
0.313446	-6.213123
0.618265	-5.136973
0.676617	-4.685859
0.398314	-5.661033
0.144680	-6.357859
-0.038175	-6.475921
-0.242769	-6.143374
-0.532526	-5.173173
-0.710088	-4.663822
-0.487250	-5.655236
-0.202608	-6.465107
-0.006284	-6.653810
0.186179	-6.495180
0.464955	-5.736237
0.706444	-4.696830
0.552870	-5.099947
0.259091	-6.101017
0.049947	-6.469558
-0.130920	-6.380197
-0.378252	-5.729227
-0.664143	-4.719456
-0.636446	-5.056367
-0.333735	-6.155626
-0.097845	-6.609570
0.083468	-6.621950
0.312038	-6.217131
0.616857	-5.143395
0.677155	-4.685511
0.399518	-5.657265
0.145269	-6.357167
-0.037197	-6.476419
-0.241764	-6.145791
-0.531215	-5.177660
-0.710245	-4.661919
-0.489194	-5.647062
-0.203495	-6.463792
-0.007132	-6.653753
