-0.077219	0.783557
-1.056159	-0.606185
-0.032056	0.963007
-1.119220	-0.473503
-0.212229	0.977163
-0.887224	-0.377144
-0.274069	0.697994
-0.748295	-0.379188
-0.206119	0.603470
-0.847134	-0.656888
-0.055568	0.816846
-1.084606	-0.577997
-0.056626	0.981099
-1.093140	-0.469238
-0.232992	0.948554
-0.853174	-0.352391
-0.270957	0.650293
-0.745388	-0.422197
-0.183723	0.634133
-0.887620	-0.670148
-0.033900	0.848652
-1.110979	-0.548939
-0.084309	0.997100
-1.061552	-0.462953
-0.250032	0.913658
-0.822881	-0.330419
-0.267014	0.607892
-0.745605	-0.468245
-0.161158	0.663695
-0.926931	-0.672506
-0.016107	0.876813
-1.131249	-0.523011
-0.110929	1.008229
-1.029258	-0.452998
-0.262505	0.876752
-0.798354	-0.315430
-0.262339	0.577013
-0.749255	-0.510858
-0.140662	0.689258
-0.961012	-0.667140
-0.004975	0.899534
-1.143559	-0.503448
-0.134501	1.014041
-0.999171	-0.440817
-0.270567	0.841148
-0.780039	-0.309837
-0.256255	0.559813
-0.757343	-0.548701
-0.122751	0.712282
-0.989472	-0.656611
-0.001834	0.918150
-1.147585	-0.489923
-0.155978	1.013256
-0.970357	-0.427073
-0.274833	0.805838
-0.767083	-0.314246
-0.247489	0.556406
-0.771775	-0.583505
-0.106074	0.737056
-1.014894	-0.641203
-0.007201	0.935431
-1.143242	-0.481143
-0.177406	1.005147
-0.940036	-0.411074
-0.276140	0.767757
-0.757874	-0.330288
-0.234801	0.566302
-0.794451	-0.616256
-0.088334	0.765917
-1.040707	-0.620312
-0.020941	0.952452
-1.130319	-0.475867
-0.199691	0.989658
-0.906769	-0.390572
-0.275280	0.724484
-0.751118	-0.358426
-0.217602	0.587554
-0.826035	-0.644522
-0.067969	0.797946
-1.068578	-0.594222
-0.042164	0.970736
-1.108734	-0.471858
-0.221659	0.965458
-0.872058	-0.366193
-0.272837	0.676976
-0.746662	-0.397486
-0.196522	0.617033
-0.864624	-0.664127
-0.045857	0.830932
-1.096674	-0.565047
-0.068619	0.988440
-1.079722	-0.466777
-0.240989	0.933876
-0.839296	-0.342058
-0.269313	0.630671
-0.745083	-0.442591
-0.173707	0.647440
-0.905284	-0.672298
-0.025430	0.861721
-1.120766	-0.537009
-0.096283	1.002539
-1.047246	-0.458931
-0.256058	0.897489
-0.811379	-0.322848
-0.265079	0.592759
-0.746747	-0.487410
-0.151857	0.675191
-0.942599	-0.670865
-0.010312	0.886977
-1.137651	-0.513713
-0.121618	1.011607
-1.015795	-0.447876
-0.266547	0.860901
-0.789598	-0.311559
-0.259918	0.567577
-0.752150	-0.528149
-0.132548	0.699287
-0.974055	-0.662988
-0.002572	0.908046
-1.146343	-0.496804
-0.144034	1.014322
-0.986563	-0.434888
-0.272854	0.825532
-0.773798	-0.310385
-0.252830	0.556436
-0.762753	-0.564177
-0.115431	0.722550
-1.000759	-0.650345
-0.003129	0.925742
-1.146724	-0.485619
-0.165262	1.010496
-0.957419	-0.420556
-0.275718	0.789564
-0.762689	-0.319721
-0.242475	0.559294
-0.780602	-0.598294
-0.098572	0.749056
-1.025976	-0.632629
-0.012216	0.942917
-1.138657	-0.478597
-0.187077	0.999600
-0.925820	-0.402805
-0.275991	0.749567
-0.754653	-0.341107
-0.227827	0.574390
-0.807215	-0.629427
-0.079764	0.779540
-1.052672	-0.609444
-0.029397	0.960479
-1.121918	-0.474024
-0.209476	0.979913
-0.891573	-0.380411
-0.274376	0.704061
-0.748855	-0.374149
-0.208760	0.599739
-0.842294	-0.654380
-0.058346	0.812800
-1.081077	-0.581626
-0.053304	0.978889
-1.096781	-0.469973
-0.230572	0.952357
-0.857276	-0.355227
-0.271399	0.656095
-0.745586	-0.416512
-0.186584	0.630281
-0.882518	-0.669174
-0.036468	0.844766
-1.107956	-0.552394
-0.080838	0.995339
-1.065629	-0.463899
-0.248151	0.917984
-0.826370	-0.332536
-0.267541	0.612750
-0.745400	-0.462735
-0.163892	0.660529
-0.922263	-0.672656
-0.018003	0.873597
-1.129138	-0.526089
-0.107767	1.007082
-1.033187	-0.454488
-0.261199	0.881478
-0.801070	-0.316793
-0.262977	0.580194
-0.748589	-0.505930
-0.143069	0.686151
-0.957095	-0.668165
-0.005945	0.896580
-1.142475	-0.505463
-0.131715	1.013559
-1.002804	-0.442536
-0.269784	0.845472
-0.782003	-0.309871
-0.257132	0.561164
-0.756032	-0.544189
-0.124876	0.709643
-0.986159	-0.658199
-0.001766	0.916139
-1.147537	-0.491219
-0.153340	1.013417
-0.973977	-0.428793
-0.274481	0.810351
-0.768460	-0.313013
-0.248775	0.556074
-0.769557	-0.579231
-0.108164	0.733577
-1.011766	-0.643251
-0.006065	0.933015
-1.144247	-0.482059
-0.174685	1.006535
-0.943977	-0.413367
-0.276110	0.773146
-0.758872	-0.327496
-0.236628	0.564332
-0.791130	-0.612374
-0.090676	0.761769
-1.037378	-0.623278
-0.018791	0.950177
-1.132407	-0.476514
-0.196887	0.992223
-0.911056	-0.393531
-0.275484	0.730165
-0.751843	-0.354132
-0.219987	0.584519
-0.821642	-0.641361
-0.070653	0.793911
-1.065016	-0.597752
-0.039165	0.968373
-1.111881	-0.472256
-0.219015	0.969035
-0.876356	-0.369340
-0.273211	0.682739
-0.747073	-0.391933
-0.199302	0.612854
-0.859575	-0.662367
-0.048608	0.827081
-1.093297	-0.568838
-0.065160	0.986273
-1.083635	-0.467668
-0.238792	0.938080
-0.843163	-0.344715
-0.269796	0.636345
-0.745107	-0.436605
-0.176551	0.643787
-0.900301	-0.671609
-0.027749	0.858072
-1.118113	-0.540176
-0.092911	1.001124
-1.051312	-0.460194
-0.254431	0.902335
-0.814538	-0.324572
-0.265645	0.597314
-0.746353	-0.481933
-0.154458	0.672092
-0.938250	-0.671415
-0.011824	0.884212
-1.135986	-0.516200
-0.118635	1.010777
-1.019581	-0.449303
-0.265479	0.865662
-0.791973	-0.312422
-0.260640	0.570046
-0.751231	-0.523060
-0.134811	0.696374
-0.970443	-0.664402
-0.003096	0.905570
-1.145711	-0.498457
-0.141349	1.014307
-0.990143	-0.436786
-0.272273	0.830115
-0.775478	-0.309929
-0.253865	0.556840
-0.761077	-0.559937
-0.117503	0.719888
-0.997584	-0.652144
-0.002592	0.923479
-1.147134	-0.486689
-0.162606	1.011377
-0.961152	-0.422357
-0.275519	0.794653
-0.763877	-0.318058
-0.243987	0.557784
-0.777916	-0.593952
-0.100743	0.745370
-1.022792	-0.635377
-0.010624	0.940508
-1.140133	-0.479221
-0.184302	1.001479
-0.929933	-0.405307
-0.276072	0.755280
-0.755528	-0.337928
-0.229905	0.571859
-0.803402	-0.625735
-0.082264	0.775381
-1.049217	-0.612788
-0.026846	0.958365
-1.124482	-0.474489
-0.206702	0.982985
-0.895920	-0.383510
-0.274662	0.710054
-0.749454	-0.369425
-0.211351	0.595959
-0.837537	-0.651961
-0.061114	0.808667
-1.077525	-0.585464
-0.050040	0.976653
-1.100324	-0.470583
-0.228095	0.956139
-0.861433	-0.358268
-0.271828	0.661908
-0.745833	-0.411201
-0.189437	0.626491
-0.877407	-0.667813
-0.039090	0.840916
-1.104842	-0.556017
-0.077355	0.993600
-1.069689	-0.464867
-0.246199	0.922866
-0.829948	-0.335324
-0.268059	0.617689
-0.745246	-0.456799
-0.166658	0.656982
-0.917513	-0.672618
-0.020000	0.870033
-1.126904	-0.529008
-0.104553	1.005978
-1.037154	-0.455915
-0.259823	0.885871
-0.803885	-0.318471
-0.263597	0.583449
-0.747988	-0.500545
-0.145519	0.683148
-0.953083	-0.669048
-0.007039	0.894246
-1.141261	-0.507772
-0.128891	1.013091
-1.006465	-0.444195
-0.268941	0.849878
-0.784054	-0.310227
-0.257970	0.562520
-0.754815	-0.539522
-0.127025	0.706537
-0.982791	-0.659560
-0.001831	0.913748
-1.147359	-0.492775
-0.150699	1.013973
-0.977578	-0.430816
-0.274080	0.814860
-0.769898	-0.312091
-0.250001	0.555662
-0.767465	-0.575069
-0.110242	0.730535
-1.008639	-0.645488
-0.005061	0.931086
-1.145119	-0.482974
-0.171980	1.007797
-0.947868	-0.415271
-0.276044	0.777975
-0.759908	-0.325427
-0.238383	0.562740
-0.787952	-0.608505
-0.092975	0.757987
-1.034086	-0.626065
-0.016762	0.948329
-1.134359	-0.476896
-0.194082	0.994184
-0.915312	-0.396368
-0.275662	0.736233
-0.752603	-0.350136
-0.222307	0.581383
-0.817369	-0.638220
-0.073300	0.789746
-1.061469	-0.601150
-0.036258	0.966429
-1.114904	-0.472823
-0.216334	0.972068
-0.880677	-0.372680
-0.273567	0.688953
-0.747529	-0.386717
-0.202050	0.609183
-0.854571	-0.660430
-0.051377	0.823194
-1.089866	-0.572446
-0.061729	0.984101
-1.087483	-0.468381
-0.236527	0.942319
-0.847103	-0.347603
-0.270268	0.641571
-0.745182	-0.431014
-0.179406	0.640233
-0.895272	-0.671296
-0.030147	0.854510
-1.115348	-0.543577
-0.089504	0.999745
-1.055391	-0.461430
-0.252732	0.906842
-0.817793	-0.326999
-0.266199	0.601454
-0.746015	-0.476443
-0.157101	0.668613
-0.933806	-0.671817
-0.013448	0.881118
-1.134193	-0.518984
-0.115602	1.009983
-1.023408	-0.450965
-0.264345	0.870075
-0.794444	-0.313608
-0.261336	0.572563
-0.750389	-0.518294
-0.137113	0.693539
-0.966748	-0.665355
-0.003749	0.903223
-1.144951	-0.500391
-0.138640	1.014277
-0.993731	-0.438316
-0.271636	0.834275
-0.777236	-0.309791
-0.254852	0.557718
-0.759509	-0.555484
-0.119585	0.716720
-0.994379	-0.653941
-0.002189	0.921275
-1.147412	-0.488001
-0.159959	1.012170
-0.964846	-0.424473
-0.275279	0.799223
-0.765115	-0.316272
-0.245432	0.557183
-0.775367	-0.590062
-0.102886	0.742085
-1.019631	-0.637714
-0.009161	0.938555
-1.141473	-0.480049
-0.181541	1.002761
-0.933999	-0.407738
-0.276123	0.760415
-0.756437	-0.334616
-0.231911	0.569707
-0.799727	-0.622040
-0.084718	0.771575
-1.045797	-0.615953
-0.024406	0.956203
-1.126911	-0.475134
-0.203914	0.985468
-0.900258	-0.386451
-0.274926	0.715965
-0.750090	-0.365013
-0.213887	0.592625
-0.832873	-0.649251
-0.063865	0.804434
-1.073960	-0.588996
-0.046843	0.974387
-1.103762	-0.471083
-0.225566	0.959882
-0.865638	-0.361508
-0.272242	0.667722
-0.746129	-0.405407
-0.192277	0.622753
-0.872298	-0.666375
-0.041760	0.837086
-1.101643	-0.559552
-0.073868	0.991418
-1.073719	-0.465598
-0.244175	0.926914
-0.833613	-0.337970
-0.268566	0.622705
-0.745143	-0.451272
-0.169451	0.653051
-0.912688	-0.672696
-0.022096	0.866594
-1.124547	-0.532202
-0.101291	1.004917
-1.041156	-0.456991
-0.258376	0.890395
-0.806799	-0.320049
-0.264199	0.587288
-0.747448	-0.495538
-0.148013	0.680255
-0.948976	-0.669793
-0.008254	0.891583
-1.139919	-0.509946
-0.126025	1.012642
-1.010158	-0.445477
-0.268035	0.854375
-0.786195	-0.310489
-0.258771	0.564399
-0.753688	-0.535123
-0.129203	0.703474
-0.979360	-0.660999
-0.002027	0.911458
-1.147052	-0.494169
-0.148051	1.014032
-0.981166	-0.432479
-0.273630	0.818903
-0.771401	-0.311481
-0.251170	0.555688
-0.765497	-0.570636
-0.112313	0.727445
-1.005507	-0.647379
-0.004190	0.929185
-1.145858	-0.483895
-0.169291	1.008940
-0.951711	-0.417486
-0.275943	0.782733
-0.760984	-0.322801
-0.240067	0.561022
-0.784915	-0.604268
-0.095234	0.754576
-1.030829	-0.628675
-0.014855	0.945981
-1.136175	-0.477697
-0.191283	0.996443
-0.919532	-0.398735
-0.275814	0.741716
-0.753395	-0.346437
-0.224560	0.578646
-0.813222	-0.634718
-0.075909	0.785446
-1.057942	-0.604655
-0.033446	0.963975
-1.117799	-0.473317
-0.213620	0.975449
-0.885015	-0.375836
-0.273905	0.695116
-0.748027	-0.381832
-0.204759	0.605499
-0.849623	-0.657931
-0.054155	0.818767
-1.086388	-0.576082
-0.058334	0.981918
-1.091255	-0.468936
-0.234199	0.946123
-0.851112	-0.350711
-0.270728	0.647334
-0.745306	-0.425392
-0.182268	0.636265
-0.890206	-0.670341
-0.032618	0.850541
-1.112477	-0.547197
-0.086066	0.997943
-1.059477	-0.462369
-0.250960	0.911466
-0.821142	-0.328900
-0.266742	0.605683
-0.745730	-0.470944
-0.159782	0.665259
-0.929270	-0.672378
-0.015184	0.878168
-1.132273	-0.521625
-0.112517	1.008774
-1.027276	-0.452254
-0.263142	0.874610
-0.797012	-0.314699
-0.262007	0.575644
-0.749620	-0.513454
-0.139456	0.690790
-0.962968	-0.666447
-0.004530	0.900534
-1.144061	-0.502397
-0.135904	1.013790
-0.997333	-0.440119
-0.270942	0.838962
-0.779073	-0.309553
-0.255793	0.559081
-0.758047	-0.551238
-0.121680	0.714055
-0.991136	-0.655755
-0.001920	0.919141
-1.147560	-0.489129
-0.157319	1.012882
-0.968507	-0.426227
-0.274995	0.803288
-0.766406	-0.315216
-0.246812	0.556481
-0.772952	-0.585852
-0.105005	0.738715
-1.016487	-0.639924
-0.007828	0.936130
-1.142680	-0.480863
-0.178795	1.004352
-0.938015	-0.410108
-0.276143	0.765455
-0.757381	-0.331598
-0.233846	0.567426
-0.796193	-0.618346
-0.087127	0.767631
-1.042412	-0.618935
-0.022079	0.953995
-1.129205	-0.475499
-0.201116	0.988258
-0.904581	-0.389245
-0.275167	0.721788
-0.750763	-0.360480
-0.216366	0.589216
-0.828312	-0.646229
-0.066593	0.800092
-1.070391	-0.592443
-0.043720	0.972085
-1.107088	-0.471486
-0.222987	0.963570
-0.869886	-0.364557
-0.272641	0.674017
-0.746471	-0.399970
-0.195097	0.618545
-0.867203	-0.664829
-0.044468	0.833260
-1.098366	-0.563208
-0.070385	0.989705
-1.077711	-0.466383
-0.242080	0.931493
-0.837361	-0.340467
-0.269064	0.627790
-0.745091	-0.445314
-0.172268	0.649739
-0.907794	-0.672225
-0.024284	0.863271
-1.122070	-0.535216
-0.097982	1.003442
-1.045187	-0.458313
-0.256857	0.895049
-0.809811	-0.321935
-0.264786	0.591209
-0.746968	-0.490090
-0.150551	0.676975
-0.944772	-0.670399
-0.009589	0.888593
-1.138448	-0.512417
-0.123115	1.011765
-1.013886	-0.447007
-0.267065	0.858506
-0.788428	-0.311494
-0.259539	0.566810
-0.752647	-0.530601
-0.131412	0.700963
-0.975862	-0.662535
-0.002355	0.909278
-1.146615	-0.495832
-0.145392	1.014505
-0.984745	-0.434109
-0.273129	0.823438
-0.772972	-0.310762
-0.252284	0.556162
-0.763648	-0.566348
-0.114380	0.724319
-1.002364	-0.649500
-0.003452	0.926849
-1.146466	-0.485044
-0.166616	1.009972
-0.955507	-0.419669
-0.275804	0.787425
-0.762103	-0.320901
-0.241681	0.559689
-0.782020	-0.600060
-0.097456	0.751050
-1.027604	-0.631386
-0.013073	0.944071
-1.137855	-0.478243
-0.188491	0.998549
-0.923712	-0.401365
-0.275939	0.747098
-0.754221	-0.343033
-0.226744	0.575793
-0.809205	-0.631218
-0.078476	0.781500
-1.054440	-0.608002
-0.030735	0.961935
-1.120564	-0.473748
-0.210878	0.978714
-0.889363	-0.378814
-0.274222	0.701217
-0.748566	-0.376847
-0.207424	0.601788
-0.844744	-0.655908
-0.056935	0.814760
-1.082874	-0.579964
-0.054985	0.979718
-1.094942	-0.469608
-0.231809	0.950387
-0.855184	-0.353640
-0.271176	0.653125
-0.745479	-0.419731
-0.185130	0.632376
-0.885113	-0.669378
-0.035155	0.847113
-1.109504	-0.550558
-0.082604	0.996169
-1.063559	-0.463310
-0.249116	0.915740
-0.824585	-0.331487
-0.267274	0.610498
-0.745498	-0.465438
-0.162499	0.662029
-0.924645	-0.672457
-0.017026	0.874882
-1.130227	-0.524556
-0.109380	1.007605
-1.031185	-0.453777
-0.261871	0.879271
-0.799678	-0.316110
-0.262656	0.578789
-0.748919	-0.508553
-0.141840	0.687633
-0.959097	-0.667692
-0.005436	0.897983
-1.143042	-0.504478
-0.133135	1.013756
-1.000955	-0.441549
-0.270190	0.843247
-0.780994	-0.309636
-0.256691	0.560434
-0.756686	-0.546407
-0.123793	0.710905
-0.987849	-0.657318
-0.001784	0.917086
-1.147578	-0.490510
-0.154681	1.013525
-0.972140	-0.427959
-0.274666	0.807808
-0.767753	-0.313617
-0.248129	0.556193
-0.770668	-0.581334
-0.107104	0.735269
-1.013355	-0.642298
-0.006626	0.934178
-1.143753	-0.481669
-0.176066	1.005807
-0.941981	-0.412074
-0.276129	0.770408
-0.758360	-0.328873
-0.235708	0.565522
-0.792800	-0.614272
-0.089491	0.764045
-1.039065	-0.621731
-0.019869	0.951741
-1.131363	-0.476052
-0.198312	0.990899
-0.908881	-0.391904
-0.275383	0.727519
-0.751471	-0.356251
-0.218783	0.586229
-0.823860	-0.643243
-0.069293	0.796120
-1.066825	-0.596034
-0.040678	0.969744
-1.110297	-0.472048
-0.220364	0.967189
-0.874168	-0.367801
-0.273023	0.679796
-0.746859	-0.394457
-0.197893	0.614866
-0.862136	-0.663149
-0.047207	0.828936
-1.095021	-0.566960
-0.066915	0.987538
-1.081654	-0.467235
-0.239917	0.935673
-0.841188	-0.343207
-0.269552	0.633436
-0.745089	-0.439758
-0.175104	0.646033
-0.902840	-0.672161
-0.026561	0.860054
-1.119475	-0.538484
-0.094630	1.002008
-1.049243	-0.459593
-0.255267	0.899832
-0.812920	-0.323714
-0.265359	0.595217
-0.746546	-0.484621
-0.153131	0.673814
-0.940472	-0.671174
-0.011041	0.885753
-1.136848	-0.514969
-0.120157	1.010918
-1.017652	-0.448776
-0.266030	0.863211
-0.790754	-0.311986
-0.260276	0.568750
-0.751688	-0.525562
-0.133657	0.698015
-0.972289	-0.663594
-0.002814	0.906741
-1.146049	-0.497557
-0.142716	1.014500
-0.988323	-0.435704
-0.272575	0.828003
-0.774615	-0.310359
-0.253345	0.556587
-0.761915	-0.562223
-0.116449	0.721167
-0.999201	-0.651309
-0.002848	0.924558
-1.146942	-0.486210
-0.163955	1.010902
-0.959260	-0.421482
-0.275626	0.792062
-0.763267	-0.318875
-0.243227	0.558746
-0.779264	-0.596282
-0.099643	0.747416
-1.024407	-0.633939
-0.011417	0.941671
-1.139399	-0.478987
-0.185710	1.000503
-0.927849	-0.403909
-0.276035	0.752379
-0.755079	-0.339495
-0.228858	0.573325
-0.805323	-0.627718
-0.080999	0.777413
-1.050969	-0.611177
-0.028129	0.959382
-1.123196	-0.474357
-0.208114	0.981402
-0.893712	-0.381997
-0.274519	0.706760
-0.749145	-0.371754
-0.210041	0.598035
-0.839943	-0.653271
-0.059709	0.810673
-1.079332	-0.583579
-0.051691	0.977495
-1.098536	-0.470150
-0.229361	0.954181
-0.859314	-0.356776
-0.271612	0.658934
-0.745702	-0.414023
-0.187988	0.628557
-0.880005	-0.668383
-0.037751	0.843247
-1.106436	-0.554098
-0.079126	0.994419
-1.067628	-0.464267
-0.247200	0.920575
-0.828118	-0.333943
-0.267797	0.615397
-0.745317	-0.459925
-0.165249	0.658420
-0.919937	-0.672673
-0.018973	0.871731
-1.128055	-0.527554
-0.106192	1.006479
-1.035134	-0.455235
-0.260531	0.883597
-0.802442	-0.317425
-0.263284	0.582006
-0.748285	-0.503190
-0.144268	0.684576
-0.955134	-0.668493
-0.006467	0.895575
-1.141894	-0.506638
-0.130331	1.013280
-1.004601	-0.443240
-0.269377	0.847610
-0.783001	-0.310042
-0.257548	0.561786
-0.755422	-0.542224
-0.125930	0.707781
-0.984510	-0.658934
-0.001781	0.915120
-1.147466	-0.491933
-0.152042	1.013658
-0.975750	-0.429665
-0.274290	0.812318
-0.769159	-0.312753
-0.249386	0.555820
-0.768513	-0.577314
-0.109188	0.732256
-1.010228	-0.644300
-0.005555	0.932239
-1.144692	-0.482473
-0.173353	1.007132
-0.945897	-0.414346
-0.276082	0.775277
-0.759376	-0.326444
-0.237500	0.563488
-0.789549	-0.610206
-0.091812	0.759833
-1.035755	-0.624609
-0.017778	0.949446
-1.133384	-0.476792
-0.195507	0.992938
-0.913153	-0.394802
-0.275575	0.733152
-0.752213	-0.352321
-0.221137	0.583146
-0.819526	-0.639913
-0.071959	0.792022
-1.063270	-0.599502
-0.037724	0.967360
-1.113383	-0.472529
-0.217701	0.970723
-0.878478	-0.370855
-0.273389	0.686032
-0.747292	-0.389286
-0.200658	0.611197
-0.857107	-0.661304
-0.049968	0.825069
-1.091616	-0.570543
-0.063469	0.985369
-1.085536	-0.467902
-0.237686	0.939897
-0.845092	-0.346181
-0.270029	0.638639
-0.745138	-0.433760
-0.177954	0.641926
-0.897834	-0.671498
-0.028919	0.856450
-1.116767	-0.541994
-0.091240	1.000155
-1.053317	-0.460840
-0.253605	0.904277
-0.816127	-0.325792
-0.265919	0.599312
-0.746180	-0.479553
-0.155753	0.670775
-0.936076	-0.671494
-0.012609	0.882583
-1.135120	-0.517602
-0.117150	1.010104
-1.021458	-0.450168
-0.264930	0.867563
-0.793176	-0.313220
-0.260985	0.571242
-0.750808	-0.520838
-0.135938	0.695140
-0.968637	-0.664775
-0.003401	0.904327
-1.145353	-0.499347
-0.140020	1.014476
-0.991906	-0.437580
-0.271967	0.832137
-0.776333	-0.309851
-0.254357	0.557481
-0.760292	-0.557877
-0.118525	0.718500
-0.996012	-0.653105
-0.002377	0.922794
-1.147287	-0.487183
-0.161303	1.011738
-0.962973	-0.423272
-0.275406	0.796653
-0.764480	-0.317151
-0.244705	0.557691
-0.776645	-0.592167
-0.101800	0.743682
-1.021235	-0.636345
-0.009889	0.939723
-1.140809	-0.479711
-0.182942	1.002310
-0.931938	-0.406376
-0.276101	0.757563
-0.755971	-0.336251
-0.230901	0.570731
-0.801577	-0.623839
-0.083476	0.773678
-1.047531	-0.614174
-0.025632	0.957245
-1.125694	-0.474675
-0.205333	0.984407
-0.898055	-0.384646
-0.274795	0.712714
-0.749762	-0.367401
-0.212605	0.594226
-0.835231	-0.650350
-0.062469	0.806492
-1.075773	-0.587144
-0.048459	0.975245
-1.102028	-0.470830
-0.226858	0.957946
-0.863495	-0.359725
-0.272033	0.664749
-0.745973	-0.408260
-0.190836	0.624794
-0.874893	-0.667329
-0.040398	0.838925
-1.103279	-0.557795
-0.075640	0.992230
-1.071675	-0.465251
-0.245212	0.925040
-0.831739	-0.336662
-0.268309	0.620374
-0.745189	-0.453984
-0.168028	0.654932
-0.915149	-0.672694
-0.021019	0.868710
-1.125760	-0.530609
-0.102955	1.005396
-1.039118	-0.456338
-0.259120	0.888054
-0.805306	-0.319055
-0.263895	0.585300
-0.747715	-0.498200
-0.146740	0.681626
-0.951075	-0.669457
-0.007621	0.892837
-1.140617	-0.508877
-0.127487	1.012821
-1.008277	-0.444867
-0.268503	0.852060
-0.785096	-0.310352
-0.258368	0.563655
-0.754250	-0.537487
-0.128092	0.705194
-0.981112	-0.660332
-0.001911	0.912777
-1.147224	-0.493405
-0.149398	1.014189
-0.979344	-0.431674
-0.273865	0.816829
-0.770629	-0.311775
-0.250583	0.555881
-0.766482	-0.573018
-0.111261	0.729190
-1.007100	-0.646502
-0.004616	0.929852
-1.145499	-0.483497
-0.170656	1.008335
-0.949764	-0.416578
-0.275999	0.780071
-0.760432	-0.324310
-0.239220	0.561833
-0.786441	-0.606154
-0.094091	0.756484
-1.032480	-0.627308
-0.015809	0.947115
-1.135269	-0.477269
-0.192705	0.995275
-0.917392	-0.397584
-0.275741	0.738686
-0.752988	-0.348261
-0.223424	0.579957
-0.815314	-0.636596
-0.074588	0.787791
-1.059731	-0.602829
-0.034863	0.965393
-1.116344	-0.472936
-0.215003	0.973705
-0.882809	-0.374104
-0.273736	0.691731
-0.747768	-0.384025
-0.203387	0.607014
-0.852130	-0.659268
-0.052742	0.821158
-1.088160	-0.574409
-0.060054	0.983192
-1.089348	-0.468665
-0.235390	0.944149
-0.849066	-0.348985
-0.270495	0.644383
-0.745236	-0.428154
-0.180813	0.638417
-0.892785	-0.670868
-0.031354	0.852445
-1.113949	-0.545277
-0.087816	0.998793
-1.057400	-0.461784
-0.251870	0.908843
-0.819428	-0.327754
-0.266467	0.603496
-0.745868	-0.474059
-0.158414	0.667358
-0.931586	-0.671974
-0.014288	0.879561
-1.133265	-0.520313
-0.114091	1.009329
-1.025305	-0.451492
-0.263762	0.872036
-0.795694	-0.314358
-0.261669	0.574292
-0.750002	-0.516035
-0.138260	0.692346
-0.964900	-0.666092
-0.004117	0.902044
-1.144529	-0.501421
-0.137298	1.013991
-0.995500	-0.439087
-0.271302	0.836324
-0.778129	-0.309664
-0.255321	0.558347
-0.758778	-0.553325
-0.120613	0.715332
-0.992790	-0.654908
-0.002040	0.920624
-1.147501	-0.488615
-0.158660	1.012490
-0.966650	-0.425376
-0.275145	0.801208
-0.765743	-0.315731
-0.246118	0.557039
-0.774162	-0.587725
-0.103931	0.740354
-1.018083	-0.638891
-0.008489	0.937299
-1.142084	-0.480419
-0.180189	1.003972
-0.935980	-0.408776
-0.276137	0.762651
-0.756897	-0.333300
-0.232872	0.568516
-0.797971	-0.619957
-0.085909	0.769804
-1.044128	-0.617248
-0.023247	0.955060
-1.128056	-0.475411
-0.202539	0.986819
-0.902386	-0.387884
-0.275047	0.718583
-0.750416	-0.362930
-0.215114	0.590856
-0.830617	-0.647851
-0.065210	0.802206
-1.072205	-0.590637
-0.045297	0.973424
-1.105412	-0.471154
-0.224303	0.961664
-0.867722	-0.362872
-0.272440	0.670559
-0.746291	-0.402858
-0.193667	0.620569
-0.869790	-0.665843
-0.043087	0.835099
-1.100040	-0.561393
-0.072154	0.990512
-1.075688	-0.466007
-0.243153	0.929126
-0.835446	-0.339235
-0.268812	0.625424
-0.745111	-0.448452
-0.170834	0.651562
-0.910290	-0.672500
-0.023161	0.864849
-1.123343	-0.533713
-0.099669	1.003901
-1.043135	-0.457684
-0.257638	0.892643
-0.808268	-0.320994
-0.264489	0.589179
-0.747205	-0.492764
-0.149256	0.678790
-0.946921	-0.670286
-0.008896	0.890248
-1.139211	-0.511197
-0.124600	1.012383
-1.011986	-0.446430
-0.267566	0.856606
-0.787281	-0.310986
-0.259153	0.565545
-0.753165	-0.532617
-0.130285	0.702155
-0.977649	-0.661817
-0.002172	0.910540
-1.146853	-0.495144
-0.146745	1.014229
-0.982927	-0.433321
-0.273390	0.821353
-0.772165	-0.311111
-0.251725	0.555876
-0.764573	-0.568858
-0.113329	0.726081
-1.003963	-0.648366
-0.003811	0.927967
-1.146174	-0.484530
-0.167974	1.009422
-0.953583	-0.418433
-0.275879	0.784795
-0.761529	-0.322048
-0.240869	0.560563
-0.783474	-0.602127
-0.096331	0.752521
-1.029239	-0.630102
-0.013963	0.944751
-1.137018	-0.477940
-0.189909	0.997458
-0.921593	-0.400262
-0.275879	0.744119
-0.753797	-0.344498
-0.225643	0.577164
-0.811230	-0.632913
-0.077177	0.783424
-1.056216	-0.606257
-0.032100	0.962915
-1.119175	-0.473517
-0.212274	0.977031
-0.887153	-0.377172
-0.274064	0.697865
-0.748287	-0.379091
-0.206075	0.603319
-0.847214	-0.657011
-0.055522	0.816700
-1.084664	-0.578050
-0.056681	0.981002
-1.093079	-0.469276
-0.233031	0.948413
-0.853107	-0.352006
-0.270950	0.650161
-0.745385	-0.422514
-0.183676	0.634490
-0.887704	-0.669912
-0.033858	0.848989
-1.111028	-0.548769
-0.084366	0.997005
-1.061485	-0.463004
-0.250063	0.913523
-0.822824	-0.330406
-0.267005	0.608268
-0.745609	-0.468139
-0.161113	0.664065
-0.927006	-0.672293
-0.016077	0.876682
-1.131282	-0.523097
-0.110981	1.008140
-1.029194	-0.453050
-0.262526	0.876633
-0.798310	-0.315403
-0.262328	0.576898
-0.749267	-0.510752
-0.140623	0.689140
-0.961076	-0.666959
-0.004960	0.899423
-1.143576	-0.503355
-0.134547	1.013956
-0.999111	-0.440864
-0.270580	0.841043
-0.780008	-0.309797
-0.256240	0.559703
-0.757366	-0.548988
-0.122717	0.712173
-0.989526	-0.656451
-0.001837	0.918056
-1.147585	-0.489867
-0.156021	1.013168
-0.970297	-0.427119
-0.274839	0.805736
-0.767061	-0.314192
-0.247467	0.556289
-0.771812	-0.583756
-0.106039	0.736945
-1.014946	-0.641044
-0.007220	0.935343
-1.143224	-0.481336
-0.177451	1.005045
-0.939971	-0.411119
-0.276140	0.768127
-0.757858	-0.330216
-0.234771	0.566170
-0.794506	-0.616457
-0.088295	0.765793
-1.040762	-0.620401
-0.020977	0.952828
-1.130283	-0.475867
-0.199737	0.989537
-0.906699	-0.390609
-0.275276	0.724361
-0.751106	-0.358337
-0.217562	0.587914
-0.826108	-0.644669
-0.067925	0.798296
-1.068636	-0.594283
-0.042214	0.971104
-1.108681	-0.471883
-0.221702	0.965320
-0.871988	-0.366212
-0.272831	0.676844
-0.746656	-0.397385
-0.196476	0.616881
-0.864707	-0.664236
-0.045812	0.831269
-1.096729	-0.565100
-0.068676	0.988343
-1.079657	-0.466822
-0.241025	0.933735
-0.839233	-0.342055
-0.269305	0.630541
-0.745083	-0.442485
-0.173660	0.647802
-0.905365	-0.672070
-0.025393	0.861580
-1.120808	-0.536854
-0.096338	1.002446
-1.047179	-0.458984
-0.256084	0.897360
-0.811328	-0.322828
-0.265069	0.593142
-0.746754	-0.487721
-0.151814	0.675568
-0.942669	-0.670666
-0.010289	0.887332
-1.137677	-0.513598
-0.121666	1.011520
-1.015733	-0.447926
-0.266564	0.860788
-0.789560	-0.311526
-0.259905	0.567466
-0.752166	-0.528040
-0.132511	0.699174
-0.974114	-0.663112
-0.002564	0.907943
-1.146352	-0.496729
-0.144078	1.014237
-0.986505	-0.434934
-0.272864	0.825429
-0.773771	-0.310339
-0.252812	0.556324
-0.762781	-0.564451
-0.115397	0.722940
-1.000811	-0.650469
-0.003138	0.925652
-1.146716	-0.485576
-0.165306	1.010403
-0.957358	-0.420601
-0.275721	0.789937
-0.762670	-0.320085
-0.242450	0.559171
-0.780647	-0.598134
-0.098536	0.748940
-1.026028	-0.632735
-0.012243	0.942829
-1.138631	-0.478583
-0.187122	0.999489
-0.925752	-0.402848
-0.275990	0.749452
-0.754639	-0.341028
-0.227792	0.574251
-0.807279	-0.629604
-0.079722	0.779408
-1.052729	-0.609520
-0.029440	0.960387
-1.121875	-0.474036
-0.209521	0.980235
-0.891502	-0.380442
-0.274371	0.703934
-0.748846	-0.374480
-0.208717	0.599588
-0.842373	-0.654508
-0.058300	0.812655
-1.081135	-0.581681
-0.053358	0.978792
-1.096722	-0.470008
-0.230612	0.952216
-0.857208	-0.355236
-0.271392	0.655962
-0.745583	-0.416831
-0.186537	0.630637
-0.882602	-0.668937
-0.036425	0.845102
-1.108007	-0.552451
-0.080895	0.995244
-1.065563	-0.463949
-0.248183	0.918307
-0.826311	-0.332525
-0.267533	0.612624
-0.745403	-0.462629
-0.163847	0.660393
-0.922340	-0.672440
-0.017971	0.873463
-1.129174	-0.525950
-0.107819	1.007446
-1.033122	-0.454540
-0.261221	0.881357
-0.801025	-0.316767
-0.262967	0.580078
-0.748599	-0.505825
-0.143029	0.686032
-0.957160	-0.667980
-0.005928	0.896942
-1.142493	-0.505366
-0.131761	1.013474
-1.002744	-0.442268
-0.269798	0.845365
-0.781970	-0.309832
-0.257118	0.561054
-0.756053	-0.544480
-0.124841	0.709534
-0.986214	-0.658037
-0.001766	0.916043
-1.147539	-0.491159
-0.153383	1.013329
-0.973918	-0.428838
-0.274487	0.810249
-0.768437	-0.313386
-0.248754	0.555959
-0.769592	-0.579488
-0.108130	0.733964
-1.011817	-0.643369
-0.006083	0.933397
-1.144231	-0.482029
-0.174729	1.006435
-0.943913	-0.413412
-0.276110	0.773038
-0.758855	-0.327853
-0.236598	0.564202
-0.791183	-0.612197
-0.090638	0.762141
-1.037433	-0.623107
-0.018826	0.950554
-1.132374	-0.476512
-0.196933	0.992104
-0.910986	-0.393570
-0.275481	0.730530
-0.751831	-0.354472
-0.219949	0.584373
-0.821714	-0.641515
-0.070609	0.793772
-1.065075	-0.597817
-0.039214	0.968742
-1.111830	-0.472279
-0.219059	0.968899
-0.876285	-0.369362
-0.273205	0.682608
-0.747066	-0.391832
-0.199257	0.613208
-0.859657	-0.662480
-0.048563	0.826933
-1.093353	-0.568651
-0.065217	0.986635
-1.083571	-0.467711
-0.238828	0.937938
-0.843099	-0.344715
-0.269788	0.636214
-0.745107	-0.436920
-0.176504	0.644147
-0.900384	-0.671708
-0.027710	0.857929
-1.118157	-0.540243
-0.092967	1.001030
-1.051245	-0.460246
-0.254459	0.902205
-0.814485	-0.324554
-0.265636	0.597193
-0.746359	-0.482244
-0.154415	0.671964
-0.938322	-0.671524
-0.011798	0.884087
-1.136014	-0.516297
-0.118684	1.010689
-1.019518	-0.449353
-0.265498	0.865548
-0.791933	-0.312391
-0.260628	0.569934
-0.751246	-0.523362
-0.134774	0.696761
-0.970503	-0.664230
-0.003087	0.905466
-1.145723	-0.498590
-0.141393	1.014221
-0.990084	-0.436832
-0.272283	0.830012
-0.775450	-0.309885
-0.253849	0.557236
-0.761103	-0.559814
-0.117469	0.719780
-0.997637	-0.652270
-0.002600	0.923859
-1.147128	-0.486643
-0.162650	1.011285
-0.961091	-0.422403
-0.275523	0.794549
-0.763857	-0.317998
-0.243962	0.558172
-0.777959	-0.594189
-0.100708	0.745752
-1.022844	-0.635214
-0.010649	0.940420
-1.140109	-0.479204
-0.184347	1.001371
-0.929866	-0.405351
-0.276071	0.755167
-0.755514	-0.337851
-0.229871	0.571721
-0.803463	-0.625918
-0.082223	0.775745
-1.049274	-0.612609
-0.026887	0.958274
-1.124441	-0.474497
-0.206748	0.982858
-0.895849	-0.383171
-0.274658	0.709928
-0.749444	-0.369758
-0.211309	0.596316
-0.837614	-0.652094
-0.061068	0.808523
-1.077584	-0.585274
-0.050093	0.976557
-1.100266	-0.470362
-0.228136	0.955998
-0.861364	-0.358280
-0.271821	0.661776
-0.745829	-0.411097
-0.189390	0.626847
-0.877491	-0.667917
-0.039047	0.841252
-1.104894	-0.555839
-0.077412	0.993504
-1.069622	-0.464916
-0.246231	0.922728
-0.829888	-0.335316
-0.268050	0.617562
-0.745248	-0.457112
-0.166612	0.656844
-0.917592	-0.672719
-0.019967	0.870377
-1.126942	-0.528865
-0.104606	1.005887
-1.037089	-0.455672
-0.259846	0.885748
-0.803838	-0.318447
-0.263587	0.583332
-0.747997	-0.500853
-0.145478	0.683027
-0.953150	-0.668860
-0.007020	0.894130
-1.141282	-0.507669
-0.128938	1.013005
-1.006405	-0.443929
-0.268955	0.849770
-0.784020	-0.310191
-0.257956	0.562410
-0.754834	-0.539816
-0.126990	0.706427
-0.982846	-0.659686
-0.001829	0.913650
-1.147363	-0.492710
-0.150743	1.013886
-0.977519	-0.430531
-0.274087	0.814758
-0.769874	-0.312041
-0.249982	0.555548
-0.767499	-0.575331
-0.110208	0.730425
-1.008690	-0.645331
-0.005077	0.930998
-1.145106	-0.482941
-0.172024	1.007699
-0.947804	-0.415317
-0.276046	0.777869
-0.759890	-0.325360
-0.238354	0.562612
-0.788003	-0.608333
-0.092938	0.758361
-1.034140	-0.625896
-0.016794	0.948240
-1.134328	-0.476890
-0.194129	0.994067
-0.915242	-0.396046
-0.275660	0.736114
-0.752590	-0.350479
-0.222270	0.581239
-0.817439	-0.638380
-0.073257	0.789610
-1.061527	-0.601218
-0.036305	0.966335
-1.114855	-0.472842
-0.216378	0.972386
-0.880606	-0.372325
-0.273562	0.688823
-0.747521	-0.386618
-0.202005	0.609031
-0.854652	-0.660194
-0.051331	0.823046
-1.089922	-0.572498
-0.061785	0.984464
-1.087420	-0.468422
-0.236565	0.942178
-0.847038	-0.347605
-0.270260	0.641440
-0.745180	-0.431330
-0.179359	0.640087
-0.895355	-0.671064
-0.030107	0.854366
-1.115395	-0.543640
-0.089560	0.999651
-1.055324	-0.461198
-0.252761	0.906710
-0.817739	-0.326983
-0.266190	0.601332
-0.746020	-0.476755
-0.157057	0.668986
-0.933880	-0.671924
-0.013421	0.881468
-1.134224	-0.518858
-0.115652	1.009894
-1.023345	-0.451015
-0.264364	0.869959
-0.794402	-0.313578
-0.261324	0.572451
-0.750402	-0.518598
-0.137075	0.693424
-0.966810	-0.665477
-0.003738	0.903116
-1.144964	-0.500306
-0.138685	1.014192
-0.993672	-0.438363
-0.271647	0.834171
-0.777206	-0.309749
-0.254836	0.558115
-0.759534	-0.555767
-0.119550	0.716612
-0.994432	-0.654067
-0.002195	0.921654
-1.147408	-0.487951
-0.160003	1.012079
-0.964786	-0.424181
-0.275283	0.799121
-0.765094	-0.316639
-0.245408	0.557064
-0.775407	-0.589911
-0.102851	0.741972
-1.019683	-0.637553
-0.009184	0.938468
-1.141453	-0.480028
-0.181586	1.003106
-0.933932	-0.407430
-0.276123	0.760303
-0.756422	-0.334542
-0.231879	0.569572
-0.799786	-0.622231
-0.084678	0.771448
-1.045853	-0.615776
-0.024445	0.956113
-1.126872	-0.475139
-0.203960	0.985794
-0.900187	-0.386116
-0.274922	0.715840
-0.750079	-0.364921
-0.213846	0.592983
-0.832949	-0.649027
-0.063820	0.804291
-1.074019	-0.588806
-0.046895	0.974291
-1.103706	-0.471113
-0.225608	0.959742
-0.865569	-0.361523
-0.272235	0.667589
-0.746123	-0.405728
-0.192230	0.622601
-0.872382	-0.666480
-0.041716	0.837422
-1.101696	-0.559606
-0.073925	0.991321
-1.073654	-0.465646
-0.244208	0.927233
-0.833552	-0.337964
-0.268558	0.622576
-0.745144	-0.451166
-0.169405	0.653415
-0.912768	-0.672473
-0.022061	0.866936
-1.124587	-0.532054
-0.101345	1.004825
-1.041090	-0.457044
-0.258400	0.890732
-0.806750	-0.320026
-0.264189	0.587170
-0.747457	-0.495433
-0.147972	0.680132
-0.949044	-0.669907
-0.008233	0.891465
-1.139942	-0.510054
-0.126073	1.012556
-1.010097	-0.445525
-0.268050	0.854266
-0.786159	-0.310873
-0.258758	0.564288
-0.753706	-0.535012
-0.129167	0.703863
-0.979417	-0.661125
-0.002023	0.911359
-1.147058	-0.494313
-0.148095	1.013945
-0.981107	-0.432524
-0.273638	0.818801
-0.771375	-0.311433
-0.251152	0.556083
-0.765528	-0.570903
-0.112279	0.727336
-1.005559	-0.647502
-0.004203	0.929095
-1.145847	-0.484075
-0.169335	1.008844
-0.951648	-0.417532
-0.275945	0.782627
-0.760966	-0.323163
-0.240040	0.560896
-0.784964	-0.604490
-0.095198	0.754458
-1.030882	-0.628776
-0.014885	0.945892
-1.136146	-0.477688
-0.191329	0.996329
-0.919463	-0.398776
-0.275812	0.741598
-0.753382	-0.346355
-0.224524	0.578504
-0.813289	-0.634884
-0.075867	0.785803
-1.058000	-0.604471
-0.033492	0.963881
-1.117752	-0.473333
-0.213664	0.975316
-0.884944	-0.375485
-0.273899	0.694986
-0.748018	-0.381735
-0.204714	0.605347
-0.849704	-0.658051
-0.054109	0.819107
-1.086445	-0.576135
-0.058390	0.982281
-1.091194	-0.468975
-0.234238	0.946438
-0.851045	-0.350716
-0.270721	0.647202
-0.745303	-0.425286
-0.182221	0.636117
-0.890289	-0.670441
-0.032577	0.850877
-1.112525	-0.547028
-0.086122	0.997848
-1.059410	-0.462420
-0.250990	0.911332
-0.821087	-0.328886
-0.266733	0.605559
-0.745734	-0.471256
-0.159737	0.665630
-0.929345	-0.672167
-0.015154	0.878038
-1.132306	-0.521713
-0.112568	1.008685
-1.027212	-0.452305
-0.263163	0.874492
-0.796969	-0.314671
-0.261996	0.575530
-0.749632	-0.513348
-0.139417	0.690673
-0.963031	-0.666567
-0.004516	0.900899
-1.144076	-0.502307
-0.135949	1.014156
-0.997274	-0.439846
-0.270954	0.838857
-0.779043	-0.309512
-0.255778	0.558971
-0.758071	-0.551120
-0.121645	0.713946
-0.991190	-0.655595
-0.001924	0.919519
-1.147559	-0.489075
-0.157362	1.012793
-0.968447	-0.426273
-0.275000	0.803661
-0.766384	-0.315161
-0.246790	0.556363
-0.772990	-0.585706
-0.104970	0.738603
-1.016539	-0.640039
-0.007849	0.936511
-1.142661	-0.480839
-0.178840	1.004699
-0.937949	-0.409801
-0.276143	0.765345
-0.757365	-0.331952
-0.233815	0.567293
-0.796250	-0.618162
-0.087088	0.767506
-1.042468	-0.618760
-0.022116	0.953904
-1.129168	-0.475501
-0.201162	0.988135
-0.904510	-0.389282
-0.275163	0.721665
-0.750751	-0.360391
-0.216326	0.589576
-0.828386	-0.646373
-0.066549	0.800440
-1.070450	-0.592503
-0.043771	0.971990
-1.107034	-0.471513
-0.223030	0.963432
-0.869816	-0.364575
-0.272634	0.673885
-0.746465	-0.400292
-0.195051	0.618899
-0.867287	-0.664937
-0.044423	0.833111
-1.098421	-0.563261
-0.070442	0.989608
-1.077646	-0.466429
-0.242115	0.931353
-0.837298	-0.340463
-0.269056	0.628159
-0.745091	-0.445628
-0.172221	0.649597
-0.907875	-0.672325
-0.024248	0.863612
-1.122111	-0.535287
-0.098036	1.003350
-1.045121	-0.458365
-0.256883	0.894922
-0.809760	-0.321914
-0.264776	0.591090
-0.746976	-0.490400
-0.150509	0.676850
-0.944842	-0.670511
-0.009566	0.888472
-1.138473	-0.512304
-0.123163	1.011678
-1.013824	-0.447056
-0.267081	0.858394
-0.788390	-0.311460
-0.259527	0.566699
-0.752663	-0.530492
-0.131376	0.700851
-0.975920	-0.662366
-0.002349	0.909176
-1.146623	-0.495759
-0.145436	1.014419
-0.984686	-0.434155
-0.273138	0.823336
-0.772945	-0.310715
-0.252266	0.556050
-0.763678	-0.566620
-0.114346	0.724210
-1.002415	-0.649343
-0.003463	0.926759
-1.146457	-0.485004
-0.166660	1.009878
-0.955445	-0.419372
-0.275807	0.787321
-0.762084	-0.320838
-0.241655	0.559565
-0.782066	-0.600288
-0.097420	0.750934
-1.027656	-0.631490
-0.013101	0.943983
-1.137828	-0.478230
-0.188537	0.998437
-0.923644	-0.401408
-0.275937	0.746982
-0.754207	-0.342953
-0.226709	0.575652
-0.809270	-0.631392
-0.078434	0.781859
-1.054498	-0.607819
-0.030779	0.961843
-1.120519	-0.473761
-0.210923	0.978583
-0.889291	-0.378843
-0.274217	0.701089
-0.748556	-0.376751
-0.207380	0.601636
-0.844823	-0.655676
-0.056889	0.814614
-1.082932	-0.579774
-0.055040	0.980082
-1.094882	-0.469644
-0.231849	0.950245
-0.855116	-0.353648
-0.271169	0.652993
-0.745476	-0.419626
-0.185083	0.632733
-0.885197	-0.669479
-0.035113	0.846966
-1.109554	-0.550616
-0.082661	0.996074
-1.063492	-0.463361
-0.249147	0.915605
-0.824528	-0.331476
-0.267266	0.610373
-0.745501	-0.465332
-0.162454	0.661895
-0.924722	-0.672560
-0.016995	0.875229
-1.130261	-0.524420
-0.109432	1.007970
-1.031121	-0.453829
-0.261893	0.879151
-0.799633	-0.316084
-0.262645	0.578674
-0.748930	-0.508448
-0.141801	0.687514
-0.959162	-0.667509
-0.005421	0.898346
-1.143060	-0.504384
-0.133181	1.013671
-1.000895	-0.441596
-0.270203	0.843141
-0.780962	-0.309597
-0.256677	0.560324
-0.756708	-0.546697
-0.123758	0.710796
-0.987903	-0.657444
-0.001785	0.916991
-1.147578	-0.490451
-0.154724	1.013437
-0.972081	-0.428004
-0.274671	0.807706
-0.767730	-0.313564
-0.248108	0.556077
-0.770704	-0.581588
-0.107069	0.735656
-1.013406	-0.642139
-0.006644	0.934090
-1.143736	-0.481642
-0.176111	1.006156
-0.941916	-0.412120
-0.276130	0.770299
-0.758344	-0.329230
-0.235678	0.565391
-0.792854	-0.614477
-0.089453	0.763922
-1.039120	-0.621823
-0.019904	0.951652
-1.131328	-0.476050
-0.198358	0.990779
-0.908811	-0.391942
-0.275380	0.727397
-0.751459	-0.356163
-0.218744	0.586082
-0.823933	-0.643026
-0.069249	0.795980
-1.066883	-0.596097
-0.040727	0.969650
-1.110245	-0.472072
-0.220407	0.967051
-0.874098	-0.367821
-0.273017	0.679664
-0.746852	-0.394781
-0.197847	0.614714
-0.862219	-0.663259
-0.047162	0.829273
-1.095076	-0.566774
-0.066972	0.987441
-1.081590	-0.467279
-0.239953	0.935989
-0.841125	-0.343206
-0.269544	0.633306
-0.745089	-0.439652
-0.175057	0.645890
-0.902922	-0.671932
-0.026522	0.859912
-1.119519	-0.538552
-0.094685	1.001915
-1.049176	-0.459645
-0.255294	0.899702
-0.812868	-0.323696
-0.265349	0.595096
-0.746553	-0.484932
-0.153088	0.673687
-0.940543	-0.670974
-0.011016	0.885629
-1.136875	-0.514852
-0.120206	1.011283
-1.017589	-0.448519
-0.266048	0.863098
-0.790715	-0.311955
-0.260265	0.568639
-0.751703	-0.525863
-0.133619	0.697902
-0.972348	-0.663717
-0.002805	0.907111
-1.146059	-0.497479
-0.142760	1.014414
-0.988264	-0.435749
-0.272585	0.827900
-0.774587	-0.310314
-0.253328	0.556476
-0.761942	-0.562098
-0.116415	0.721557
-0.999253	-0.651434
-0.002857	0.924938
-1.146935	-0.486165
-0.163998	1.010809
-0.959199	-0.421528
-0.275629	0.791959
-0.763248	-0.318814
-0.243202	0.558624
-0.779308	-0.596125
-0.099608	0.747301
-1.024459	-0.634047
-0.011443	0.941583
-1.139375	-0.478971
-0.185756	1.000394
-0.927781	-0.403952
-0.276034	0.752265
-0.755065	-0.339417
-0.228824	0.573187
-0.805385	-0.627522
-0.080958	0.777775
-1.051026	-0.610997
-0.028171	0.959290
-1.123154	-0.474366
-0.208160	0.981273
-0.893640	-0.381655
-0.274515	0.707121
-0.749135	-0.372086
-0.209998	0.597884
-0.840021	-0.653401
-0.059663	0.810528
-1.079391	-0.583388
-0.051744	0.977861
-1.098478	-0.470184
-0.229402	0.954040
-0.859245	-0.356787
-0.271605	0.658802
-0.745698	-0.413919
-0.187941	0.628407
-0.880089	-0.668485
-0.037708	0.843099
-1.106487	-0.554154
-0.079183	0.994323
-1.067562	-0.464316
-0.247232	0.920437
-0.828060	-0.333933
-0.267788	0.615270
-0.745320	-0.459819
-0.165203	0.658787
-0.920015	-0.672455
-0.018940	0.872076
-1.128092	-0.527413
-0.106245	1.006843
-1.035068	-0.454990
-0.260553	0.883475
-0.802396	-0.317401
-0.263274	0.581890
-0.748295	-0.503498
-0.144228	0.684958
-0.955200	-0.668609
-0.006449	0.895460
-1.141914	-0.506538
-0.130378	1.013195
-1.004541	-0.443287
-0.269391	0.847503
-0.782967	-0.310005
-0.257535	0.561675
-0.755442	-0.542110
-0.125894	0.708171
-0.984565	-0.658771
-0.001780	0.915023
-1.147469	-0.491870
-0.152085	1.013570
-0.975691	-0.429711
-0.274296	0.812216
-0.769136	-0.312701
-0.249365	0.555705
-0.768547	-0.577177
-0.109154	0.732146
-1.010279	-0.644420
-0.005571	0.932150
-1.144678	-0.482442
-0.173397	1.007484
-0.945833	-0.414392
-0.276083	0.775170
-0.759359	-0.326376
-0.237471	0.563359
-0.789601	-0.610417
-0.091774	0.760206
-1.035809	-0.624704
-0.017811	0.949357
-1.133352	-0.476788
-0.195553	0.993271
-0.913083	-0.394842
-0.275572	0.733032
-0.752200	-0.352235
-0.221098	0.583001
-0.819596	-0.640070
-0.071916	0.791884
-1.063328	-0.599568
-0.037772	0.967266
-1.113333	-0.472549
-0.217745	0.970587
-0.878407	-0.370878
-0.273383	0.685901
-0.747284	-0.389612
-0.200613	0.611044
-0.857190	-0.661419
-0.049922	0.824921
-1.091672	-0.570595
-0.063525	0.985272
-1.085473	-0.467944
-0.237723	0.940212
-0.845027	-0.346182
-0.270021	0.638507
-0.745136	-0.434075
-0.177907	0.642285
-0.897916	-0.671597
-0.028880	0.856306
-1.116812	-0.541832
-0.091296	1.000517
-1.053250	-0.460607
-0.253633	0.904146
-0.816073	-0.325775
-0.265910	0.599190
-0.746185	-0.479448
-0.155710	0.670646
-0.936149	-0.671602
-0.012582	0.882935
-1.135150	-0.517479
-0.117199	1.010470
-1.021395	-0.450218
-0.264948	0.867448
-0.793135	-0.313189
-0.260974	0.571129
-0.750822	-0.520731
-0.135901	0.695026
-0.968697	-0.664897
-0.003391	0.904696
-1.145366	-0.499478
-0.140064	1.014391
-0.991847	-0.437626
-0.271977	0.832033
-0.776304	-0.309808
-0.254340	0.557370
-0.760318	-0.557754
-0.118491	0.718392
-0.996065	-0.653231
-0.002384	0.922702
-1.147282	-0.487350
-0.161347	1.011647
-0.962912	-0.423317
-0.275410	0.796550
-0.764459	-0.317092
-0.244682	0.557571
-0.776687	-0.592015
-0.101765	0.744065
-1.021287	-0.636456
-0.009913	0.939635
-1.140787	-0.479692
-0.182988	1.002203
-0.931872	-0.406420
-0.276100	0.757450
-0.755956	-0.336175
-0.230868	0.570595
-0.801638	-0.624026
-0.083436	0.773550
-1.047587	-0.614256
-0.025672	0.957154
-1.125654	-0.474682
-0.205379	0.984280
-0.897984	-0.384679
-0.274790	0.712588
-0.749752	-0.367308
-0.212564	0.594583
-0.835308	-0.650485
-0.062424	0.806348
-1.075832	-0.587201
-0.048511	0.975611
-1.101972	-0.470609
-0.226899	0.958260
-0.863426	-0.359738
-0.272026	0.664617
-0.745968	-0.408580
-0.190789	0.624643
-0.874977	-0.667091
-0.040354	0.839261
-1.103331	-0.557616
-0.075697	0.992592
-1.071609	-0.465299
-0.245245	0.924901
-0.831679	-0.336253
-0.268301	0.620246
-0.745190	-0.454297
-0.167982	0.655298
-0.915228	-0.672472
-0.020985	0.868573
-1.125799	-0.530464
-0.103008	1.005305
-1.039052	-0.456390
-0.259144	0.888393
-0.805258	-0.319032
-0.263885	0.585182
-0.747724	-0.498095
-0.146699	0.681504
-0.951143	-0.669267
-0.007601	0.892720
-1.140639	-0.508772
-0.127534	1.012735
-1.008216	-0.444915
-0.268518	0.851951
-0.785060	-0.310317
-0.258355	0.563545
-0.754268	-0.537375
-0.128057	0.705084
-0.981168	-0.660458
-0.001908	0.912678
-1.147229	-0.493338
-0.149442	1.014103
-0.979285	-0.431390
-0.273873	0.816727
-0.770604	-0.311726
-0.250564	0.555767
-0.766515	-0.572884
-0.111227	0.729080
-1.007151	-0.646345
-0.004631	0.930233
-1.145487	-0.483463
-0.170700	1.008688
-0.949700	-0.416279
-0.276001	0.779964
-0.760414	-0.324244
-0.239192	0.561707
-0.786491	-0.606372
-0.094054	0.756365
-1.032534	-0.627407
-0.015840	0.947026
-1.135239	-0.477261
-0.192751	0.995160
-0.917323	-0.397625
-0.275738	0.738568
-0.752975	-0.348605
-0.223387	0.579814
-0.815382	-0.636760
-0.074546	0.787656
-1.059789	-0.602898
-0.034909	0.965300
-1.116296	-0.472954
-0.215047	0.973571
-0.882738	-0.374130
-0.273730	0.691601
-0.747760	-0.384352
-0.203343	0.607369
-0.852211	-0.659386
-0.052697	0.821010
-1.088217	-0.574220
-0.060110	0.983096
-1.089286	-0.468705
-0.235428	0.944007
-0.849000	-0.348988
-0.270488	0.644251
-0.745234	-0.428471
-0.180766	0.638271
-0.892868	-0.670967
-0.031313	0.852782
-1.113997	-0.545339
-0.087873	0.998698
-1.057333	-0.461836
-0.251899	0.908710
-0.819373	-0.327739
-0.266458	0.603372
-0.745873	-0.473954
-0.158370	0.667226
-0.931661	-0.672080
-0.014260	0.879910
-1.133296	-0.520185
-0.114142	1.009240
-1.025242	-0.451542
-0.263782	0.871919
-0.795652	-0.314330
-0.261658	0.574179
-0.750014	-0.515928
-0.138222	0.692230
-0.964962	-0.665915
-0.004105	0.901936
-1.144544	-0.501334
-0.137343	1.013906
-0.995441	-0.439134
-0.271314	0.836689
-0.778099	-0.309622
-0.255305	0.558236
-0.758802	-0.553609
-0.120578	0.715224
-0.992843	-0.654749
-0.002045	0.920531
-1.147499	-0.488563
-0.158703	1.012401
-0.966590	-0.425421
-0.275149	0.801105
-0.765722	-0.315674
-0.246096	0.556921
-0.774202	-0.587971
-0.103896	0.740242
-1.018135	-0.638731
-0.008511	0.937680
-1.142064	-0.480396
-0.180234	1.003868
-0.935914	-0.408821
-0.276136	0.762540
-0.756881	-0.333227
-0.232840	0.568382
-0.798029	-0.620151
-0.085869	0.769678
-1.044183	-0.617334
-0.023285	0.954969
-1.128018	-0.475182
-0.202585	0.987146
-0.902315	-0.387550
-0.275043	0.718459
-0.750405	-0.362839
-0.215073	0.591215
-0.830692	-0.647628
-0.065165	0.802553
-1.072264	-0.590696
-0.045349	0.973329
-1.105357	-0.471182
-0.224346	0.961525
-0.867653	-0.362888
-0.272433	0.670920
-0.746285	-0.402755
-0.193620	0.620924
-0.869873	-0.665604
-0.043043	0.835435
-1.100094	-0.561446
-0.072211	0.990416
-1.075623	-0.466054
-0.243188	0.929444
-0.835384	-0.339229
-0.268804	0.625295
-0.745112	-0.448346
-0.170787	0.651422
-0.910370	-0.672600
-0.023125	0.865191
-1.123384	-0.533563
-0.099723	1.004264
-1.043069	-0.457736
-0.257663	0.892979
-0.808218	-0.320973
-0.264480	0.589060
-0.747213	-0.493074
-0.149214	0.678666
-0.946990	-0.670091
-0.008874	0.890128
-1.139235	-0.511087
-0.124648	1.012297
-1.011925	-0.446479
-0.267582	0.856495
-0.787245	-0.310952
-0.259140	0.565434
-0.753183	-0.532915
-0.130249	0.702544
-0.977706	-0.661649
-0.002167	0.910440
-1.146860	-0.495073
-0.146789	1.014143
-0.982868	-0.433366
-0.273399	0.821251
-0.772139	-0.311064
-0.251706	0.555763
-0.764604	-0.568727
-0.113295	0.725972
-1.004015	-0.648489
-0.003823	0.927877
-1.146164	-0.484491
-0.168018	1.009777
-0.953521	-0.418478
-0.275882	0.785168
-0.761511	-0.321984
-0.240843	0.560438
-0.783521	-0.602351
-0.096295	0.752899
-1.029292	-0.629936
-0.013992	0.945131
-1.136990	-0.477929
-0.189955	0.997345
-0.921524	-0.400304
-0.275877	0.744003
-0.753784	-0.344843
-0.225607	0.577022
-0.811296	-0.633083
-0.077135	0.783782
-1.056274	-0.606074
-0.032145	0.962822
-1.119130	-0.473532
-0.212319	0.976899
-0.887081	-0.377200
-0.274058	0.697737
-0.748278	-0.379420
-0.206031	0.603674
-0.847295	-0.657134
-0.055477	0.817040
-1.084721	-0.577861
-0.056736	0.980905
-1.093019	-0.469313
-0.233070	0.948271
-0.853040	-0.352012
-0.270943	0.650029
-0.745382	-0.422409
-0.183629	0.634341
-0.887788	-0.670012
-0.033817	0.848842
-1.111076	-0.548828
-0.084423	0.996910
-1.061418	-0.462775
-0.250093	0.913388
-0.822768	-0.330393
-0.266996	0.608143
-0.745613	-0.468452
-0.161069	0.663932
-0.927082	-0.672398
-0.016046	0.876550
-1.131316	-0.522964
-0.111032	1.008504
-1.029130	-0.453101
-0.262547	0.876514
-0.798267	-0.315376
-0.262318	0.576784
-0.749278	-0.511058
-0.140584	0.689023
-0.961139	-0.667079
-0.004945	0.899312
-1.143592	-0.503263
-0.134592	1.013870
-0.999052	-0.440911
-0.270592	0.840937
-0.779976	-0.309758
-0.256225	0.559593
-0.757388	-0.548871
-0.122682	0.712564
-0.989580	-0.656577
-0.001839	0.918433
-1.147585	-0.489810
-0.156065	1.013079
-0.970237	-0.427164
-0.274844	0.805634
-0.767039	-0.314562
-0.247446	0.556173
-0.771850	-0.583612
-0.106005	0.737331
-1.014997	-0.641160
-0.007240	0.935255
-1.143207	-0.481310
-0.177496	1.005393
-0.939906	-0.411164
-0.276141	0.768018
-0.757842	-0.330572
-0.234740	0.566546
-0.794562	-0.616275
-0.088257	0.765668
-1.040817	-0.620227
-0.021014	0.952738
-1.130248	-0.475867
-0.199783	0.989415
-0.906628	-0.390647
-0.275273	0.724724
-0.751095	-0.358675
-0.217523	0.587767
-0.826182	-0.644816
-0.067881	0.798155
-1.068695	-0.594345
-0.042264	0.971009
-1.108628	-0.471661
-0.221745	0.965182
-0.871918	-0.366231
-0.272825	0.676712
-0.746650	-0.397283
-0.196430	0.616729
-0.864790	-0.663998
-0.045767	0.831120
-1.096784	-0.564915
-0.068733	0.988706
-1.079592	-0.466868
-0.241060	0.933595
-0.839170	-0.341654
-0.269297	0.630411
-0.745084	-0.442800
-0.173614	0.647659
-0.905446	-0.672170
-0.025356	0.861438
-1.120851	-0.536923
-0.096393	1.002809
-1.047113	-0.459036
-0.256110	0.897232
-0.811277	-0.322809
-0.265060	0.593022
-0.746761	-0.487615
-0.151772	0.675442
-0.942740	-0.670777
-0.010265	0.887209
-1.137703	-0.513700
-0.121715	1.011433
-1.015671	-0.447975
-0.266581	0.860676
-0.789522	-0.311494
-0.259893	0.567861
-0.752181	-0.528340
-0.132475	0.699562
-0.974173	-0.662942
-0.002557	0.908314
-1.146362	-0.496653
-0.144122	1.014151
-0.986446	-0.434980
-0.272873	0.825326
-0.773744	-0.310293
-0.252795	0.556213
-0.762810	-0.564324
-0.115363	0.722832
-1.000863	-0.650312
-0.003148	0.926032
-1.146709	-0.485534
-0.165350	1.010760
-0.957296	-0.420306
-0.275724	0.789833
-0.762651	-0.320024
-0.242424	0.559048
-0.780692	-0.598365
-0.098500	0.749320
-1.026081	-0.632570
-0.012270	0.942741
-1.138606	-0.478569
-0.187168	0.999379
-0.925684	-0.402533
-0.275988	0.749820
-0.754625	-0.341375
-0.227758	0.574620
-0.807343	-0.629405
-0.079681	0.779769
-1.052786	-0.609339
-0.029483	0.960759
-1.121831	-0.474047
-0.209567	0.980105
-0.891430	-0.380098
-0.274366	0.703806
-0.748836	-0.374384
-0.208674	0.599944
-0.842451	-0.654635
-0.058255	0.812997
-1.081193	-0.581735
-0.053412	0.978696
-1.096663	-0.469787
-0.230652	0.952075
-0.857140	-0.355245
-0.271385	0.655830
-0.745579	-0.416726
-0.186490	0.630487
-0.882686	-0.669039
-0.036382	0.844954
-1.108057	-0.552277
-0.080952	0.995148
-1.065496	-0.463722
-0.248214	0.918171
-0.826253	-0.332514
-0.267524	0.612498
-0.745406	-0.462942
-0.163802	0.660258
-0.922417	-0.672543
-0.017939	0.873329
-1.129210	-0.525812
-0.107871	1.007356
-1.033057	-0.454294
-0.261243	0.881236
-0.800980	-0.316742
-0.262957	0.579963
-0.748610	-0.506132
-0.142989	0.686414
-0.957225	-0.668097
-0.005911	0.896829
-1.142512	-0.505483
-0.131807	1.013389
-1.002685	-0.442315
-0.269811	0.845258
-0.781937	-0.309794
-0.257103	0.560944
-0.756073	-0.544365
-0.124806	0.709425
-0.986269	-0.658164
-0.001766	0.915947
-1.147541	-0.491098
-0.153427	1.013692
-0.973859	-0.428883
-0.274493	0.810148
-0.768414	-0.313333
-0.248734	0.555843
-0.769628	-0.579348
-0.108096	0.733853
-1.011868	-0.643211
-0.006100	0.933309
-1.144216	-0.482000
-0.174774	1.006786
-0.943848	-0.413109
-0.276111	0.772930
-0.758838	-0.327784
-0.236569	0.564580
-0.791237	-0.612405
-0.090600	0.762019
-1.037487	-0.623200
-0.018860	0.950465
-1.132340	-0.476280
-0.196979	0.991985
-0.910916	-0.393244
-0.275478	0.730409
-0.751819	-0.354385
-0.219910	0.584735
-0.821785	-0.641668
-0.070565	0.794124
-1.065133	-0.597629
-0.039263	0.968648
-1.111779	-0.472301
-0.219103	0.968762
-0.876214	-0.369383
-0.273199	0.682968
-0.747059	-0.392157
-0.199212	0.613056
-0.859740	-0.662243
-0.048517	0.827270
-1.093409	-0.568704
-0.065274	0.986539
-1.083507	-0.467489
-0.238865	0.937797
-0.843035	-0.344715
-0.269780	0.636084
-0.745106	-0.436814
-0.176457	0.644003
-0.900466	-0.671808
-0.027672	0.858268
-1.118202	-0.540083
-0.093023	1.001393
-1.051178	-0.460012
-0.254486	0.902074
-0.814432	-0.324536
-0.265626	0.597071
-0.746365	-0.482139
-0.154372	0.672338
-0.938394	-0.671322
-0.011772	0.884440
-1.136043	-0.516177
-0.118734	1.010602
-1.019456	-0.449402
-0.265516	0.865434
-0.791893	-0.312360
-0.260617	0.569822
-0.751260	-0.523254
-0.134736	0.696648
-0.970563	-0.664353
-0.003077	0.905835
-1.145734	-0.498510
-0.141437	1.014136
-0.990026	-0.436555
-0.272293	0.829909
-0.775422	-0.309841
-0.253832	0.557125
-0.761130	-0.560092
-0.117435	0.719672
-0.997689	-0.652112
-0.002608	0.923767
-1.147122	-0.486597
-0.162693	1.011194
-0.961030	-0.422448
-0.275527	0.794446
-0.763837	-0.317939
-0.243938	0.558051
-0.778002	-0.594034
-0.100672	0.745637
-1.022896	-0.635052
-0.010674	0.940801
-1.140086	-0.479186
-0.184393	1.001263
-0.929799	-0.405039
-0.276070	0.755054
-0.755499	-0.337775
-0.229838	0.572092
-0.803525	-0.625724
-0.082182	0.775615
-1.049330	-0.612689
-0.026928	0.958182
-1.124400	-0.474505
-0.206794	0.982730
-0.895777	-0.383203
-0.274653	0.709801
-0.749433	-0.369665
-0.211267	0.596166
-0.837692	-0.651866
-0.061023	0.808378
-1.077642	-0.585330
-0.050146	0.976461
-1.100209	-0.470394
-0.228178	0.956312
-0.861295	-0.358292
-0.271814	0.661643
-0.745825	-0.411416
-0.189344	0.626696
-0.877575	-0.668020
-0.039003	0.841103
-1.104946	-0.555895
-0.077469	0.993407
-1.069556	-0.464691
-0.246264	0.922590
-0.829829	-0.335307
-0.268042	0.617435
-0.745250	-0.457006
-0.166566	0.656707
-0.917670	-0.672500
-0.019933	0.870241
-1.126979	-0.528943
-0.104660	1.006251
-1.037023	-0.455724
-0.259869	0.885625
-0.803791	-0.318423
-0.263577	0.583720
-0.748006	-0.500748
-0.145438	0.683408
-0.953217	-0.668976
-0.007001	0.894014
-1.141303	-0.507567
-0.128984	1.012920
-1.006344	-0.443976
-0.268969	0.849662
-0.783985	-0.310154
-0.257943	0.562806
-0.754853	-0.539703
-0.126954	0.706817
-0.982902	-0.659523
-0.001827	0.914025
-1.147367	-0.492646
-0.150786	1.013799
-0.977460	-0.430577
-0.274094	0.814656
-0.769850	-0.311990
-0.249962	0.555942
-0.767532	-0.575195
-0.110174	0.730814
-1.008741	-0.645451
-0.005092	0.930909
-1.145092	-0.482908
-0.172069	1.008052
-0.947741	-0.415362
-0.276047	0.777762
-0.759873	-0.325293
-0.238326	0.562485
-0.788054	-0.608547
-0.092901	0.758241
-1.034194	-0.625993
-0.016827	0.948152
-1.134297	-0.476884
-0.194175	0.994402
-0.915173	-0.396086
-0.275657	0.735995
-0.752577	-0.350394
-0.222232	0.581603
-0.817508	-0.638169
-0.073214	0.789964
-1.061585	-0.601032
-0.036352	0.966242
-1.114806	-0.472861
-0.216422	0.972251
-0.880535	-0.372349
-0.273556	0.688692
-0.747513	-0.386944
-0.201960	0.609385
-0.854734	-0.660310
-0.051286	0.822898
-1.089979	-0.572310
-0.061841	0.984367
-1.087357	-0.468201
-0.236603	0.942036
-0.846972	-0.347608
-0.270252	0.641308
-0.745178	-0.431224
-0.179312	0.640446
-0.895438	-0.671163
-0.030067	0.854704
-1.115441	-0.543476
-0.089616	0.999557
-1.055257	-0.461250
-0.252789	0.906578
-0.817684	-0.326967
-0.266181	0.601209
-0.746025	-0.476650
-0.157013	0.668856
-0.933953	-0.671718
-0.013393	0.881341
-1.134254	-0.518733
-0.115702	1.009806
-1.023281	-0.450762
-0.264383	0.869843
-0.794361	-0.313549
-0.261313	0.572843
-0.750416	-0.518490
-0.137037	0.693810
-0.966871	-0.665301
-0.003726	0.903483
-1.144978	-0.500435
-0.138729	1.014107
-0.993613	-0.438409
-0.271658	0.834067
-0.777177	-0.309707
-0.254821	0.558004
-0.759559	-0.555646
-0.119516	0.717003
-0.994485	-0.653909
-0.002200	0.921562
-1.147405	-0.487900
-0.160046	1.011989
-0.964725	-0.424227
-0.275287	0.799018
-0.765074	-0.316582
-0.245385	0.556945
-0.775448	-0.590154
-0.102816	0.742356
-1.019735	-0.637665
-0.009207	0.938380
-1.141432	-0.480008
-0.181631	1.003000
-0.933866	-0.407474
-0.276122	0.760191
-0.756407	-0.334894
-0.231846	0.569437
-0.799845	-0.622041
-0.084638	0.771814
-1.045908	-0.615860
-0.024484	0.956022
-1.126834	-0.474911
-0.204006	0.985669
-0.900116	-0.386150
-0.274918	0.715715
-0.750068	-0.365256
-0.213805	0.592834
-0.833025	-0.649165
-0.063775	0.804637
-1.074078	-0.588864
-0.046947	0.974195
-1.103651	-0.470892
-0.225650	0.960056
-0.865500	-0.361537
-0.272228	0.667457
-0.746118	-0.405625
-0.192184	0.622956
-0.872465	-0.666585
-0.041672	0.837273
-1.101749	-0.559425
-0.073982	0.991683
-1.073588	-0.465694
-0.244242	0.927094
-0.833491	-0.337557
-0.268550	0.622448
-0.745145	-0.451480
-0.169359	0.653275
-0.912848	-0.672574
-0.022025	0.866798
-1.124626	-0.531906
-0.101399	1.004733
-1.041024	-0.457096
-0.258424	0.890607
-0.806701	-0.320004
-0.264180	0.587052
-0.747465	-0.495742
-0.147930	0.680009
-0.949112	-0.669715
-0.008212	0.891347
-1.139965	-0.509947
-0.126120	1.012469
-1.010036	-0.445574
-0.268065	0.854156
-0.786123	-0.310838
-0.258745	0.564178
-0.753723	-0.535308
-0.129131	0.703752
-0.979474	-0.660959
-0.002019	0.911732
-1.147064	-0.494244
-0.148138	1.014310
-0.981048	-0.432241
-0.273646	0.818700
-0.771350	-0.311384
-0.251133	0.555970
-0.765560	-0.570771
-0.112245	0.727725
-1.005610	-0.647345
-0.004217	0.929006
-1.145836	-0.484038
-0.169379	1.009198
-0.951585	-0.417577
-0.275947	0.782522
-0.760948	-0.323098
-0.240013	0.561279
-0.785013	-0.604323
-0.095161	0.754834
-1.030935	-0.628609
-0.014916	0.946271
-1.136117	-0.477679
-0.191375	0.996215
-0.919394	-0.398818
-0.275810	0.741481
-0.753369	-0.346699
-0.224487	0.578361
-0.813356	-0.635051
-0.075824	0.785669
-1.058057	-0.604542
-0.033537	0.964252
-1.117706	-0.473349
-0.213709	0.975183
-0.884873	-0.375512
-0.273894	0.694857
-0.748009	-0.381637
-0.204670	0.605702
-0.849785	-0.658172
-0.054064	0.818960
-1.086503	-0.576188
-0.058445	0.982184
-1.091132	-0.469014
-0.234276	0.946296
-0.850979	-0.350721
-0.270713	0.647070
-0.745301	-0.425603
-0.182174	0.636475
-0.890373	-0.670541
-0.032536	0.850732
-1.112573	-0.546860
-0.086179	0.997753
-1.059342	-0.462472
-0.251020	0.911198
-0.821031	-0.328872
-0.266724	0.605434
-0.745738	-0.471151
-0.159693	0.665497
-0.929420	-0.672273
-0.015125	0.878387
-1.132338	-0.521583
-0.112619	1.009049
-1.027149	-0.452356
-0.263183	0.874374
-0.796926	-0.314643
-0.261985	0.575416
-0.749644	-0.513653
-0.139378	0.690557
-0.963094	-0.666688
-0.004502	0.900790
-1.144092	-0.502217
-0.135994	1.014071
-0.997214	-0.439893
-0.270966	0.838752
-0.779012	-0.309472
-0.255763	0.558861
-0.758094	-0.551406
-0.121611	0.713838
-0.991244	-0.655722
-0.001927	0.919425
-1.147557	-0.489235
-0.157405	1.012704
-0.968387	-0.426318
-0.275005	0.803559
-0.766363	-0.315105
-0.246767	0.556754
-0.773029	-0.585955
-0.104936	0.738988
-1.016590	-0.639879
-0.007870	0.936423
-1.142643	-0.480815
-0.178885	1.004596
-0.937883	-0.409846
-0.276143	0.765235
-0.757349	-0.331879
-0.233783	0.567160
-0.796306	-0.618359
-0.087049	0.767874
-1.042523	-0.618848
-0.022153	0.953814
-1.129132	-0.475503
-0.201208	0.988012
-0.904439	-0.389318
-0.275159	0.721542
-0.750740	-0.360728
-0.216285	0.589427
-0.828460	-0.646152
-0.066504	0.800299
-1.070508	-0.592314
-0.043821	0.971895
-1.106980	-0.471539
-0.223073	0.963747
-0.869746	-0.364592
-0.272628	0.673753
-0.746459	-0.400190
-0.195005	0.618747
-0.867370	-0.665045
-0.044379	0.833448
-1.098475	-0.563077
-0.070499	0.989512
-1.077581	-0.466475
-0.242150	0.931213
-0.837236	-0.340459
-0.269048	0.628030
-0.745091	-0.445522
-0.172175	0.649456
-0.907956	-0.672425
-0.024211	0.863472
-1.122153	-0.535134
-0.098091	1.003257
-1.045054	-0.458418
-0.256908	0.895257
-0.809710	-0.321894
-0.264767	0.590971
-0.746983	-0.490295
-0.150467	0.677228
-0.944912	-0.670315
-0.009543	0.888828
-1.138498	-0.512408
-0.123211	1.012044
-1.013763	-0.447105
-0.267098	0.858750
-0.788353	-0.311427
-0.259515	0.566588
-0.752680	-0.530382
-0.131339	0.700739
-0.975978	-0.662491
-0.002342	0.909074
-1.146631	-0.495898
-0.145479	1.014333
-0.984628	-0.434200
-0.273147	0.823234
-0.772919	-0.310668
-0.252248	0.555938
-0.763707	-0.566491
-0.114312	0.724600
-1.002467	-0.649467
-0.003475	0.927139
-1.146448	-0.484963
-0.166704	1.010234
-0.955383	-0.419418
-0.275809	0.787216
-0.762066	-0.320776
-0.241629	0.559950
-0.782112	-0.600515
-0.097384	0.750817
-1.027709	-0.631325
-0.013130	0.943895
-1.137802	-0.478218
-0.188583	0.998325
-0.923576	-0.401451
-0.275935	0.746866
-0.754193	-0.342872
-0.226673	0.576020
-0.809335	-0.631190
-0.078392	0.781727
-1.054555	-0.607893
-0.030823	0.961751
-1.120475	-0.473774
-0.210968	0.978452
-0.889220	-0.378497
-0.274212	0.700960
-0.748547	-0.376655
-0.207337	0.601992
-0.844903	-0.655801
-0.056844	0.814955
-1.082990	-0.579827
-0.055095	0.979985
-1.094823	-0.469681
-0.231889	0.950104
-0.855049	-0.353655
-0.271162	0.652861
-0.745473	-0.419944
-0.185036	0.632584
-0.885281	-0.669580
-0.035071	0.846819
-1.109604	-0.550444
-0.082718	0.995978
-1.063425	-0.463411
-0.249178	0.915929
-0.824471	-0.331464
-0.267257	0.610247
-0.745504	-0.465645
-0.162409	0.662264
-0.924799	-0.672346
-0.016964	0.875096
-1.130296	-0.524505
-0.109484	1.007880
-1.031056	-0.453581
-0.261914	0.879031
-0.799589	-0.316058
-0.262635	0.578559
-0.748941	-0.508342
-0.141761	0.687898
-0.959226	-0.667627
-0.005405	0.898234
-1.143077	-0.504289
-0.133227	1.013586
-1.000835	-0.441643
-0.270215	0.843035
-0.780930	-0.309558
-0.256662	0.560213
-0.756729	-0.546581
-0.123724	0.711187
-0.987958	-0.657284
-0.001787	0.917368
-1.147579	-0.490393
-0.154767	1.013349
-0.972021	-0.428049
-0.274677	0.807604
-0.767708	-0.313935
-0.248087	0.555961
-0.770741	-0.581446
-0.107035	0.735545
-1.013458	-0.642256
-0.006663	0.934471
-1.143720	-0.481614
-0.176155	1.006055
-0.941851	-0.412165
-0.276130	0.770190
-0.758327	-0.329159
-0.235648	0.565260
-0.792909	-0.614297
-0.089414	0.763799
-1.039175	-0.621650
-0.019939	0.951562
-1.131294	-0.476049
-0.198404	0.990658
-0.908740	-0.391980
-0.275377	0.727275
-0.751447	-0.356502
-0.218705	0.585936
-0.824005	-0.643176
-0.069205	0.796331
-1.066942	-0.595908
-0.040777	0.970018
-1.110193	-0.472095
-0.220451	0.966914
-0.874027	-0.367841
-0.273011	0.679533
-0.746845	-0.394680
-0.197802	0.615068
-0.862302	-0.663370
-0.047117	0.829125
-1.095132	-0.566827
-0.067029	0.987344
-1.081525	-0.467323
-0.239989	0.935849
-0.841061	-0.343204
-0.269536	0.633175
-0.745088	-0.439967
-0.175010	0.645746
-0.903004	-0.672031
-0.026484	0.859770
-1.119562	-0.538394
-0.094741	1.001821
-1.049109	-0.459410
-0.255321	0.899573
-0.812816	-0.323677
-0.265340	0.594976
-0.746559	-0.484827
-0.153046	0.674063
-0.940615	-0.671084
-0.010992	0.885983
-1.136902	-0.514734
-0.120255	1.011196
-1.017527	-0.448568
-0.266065	0.862985
-0.790676	-0.311923
-0.260253	0.569033
-0.751719	-0.525755
-0.133582	0.697789
-0.972407	-0.663546
-0.002797	0.907007
-1.146069	-0.497614
-0.142804	1.014329
-0.988206	-0.435795
-0.272594	0.827797
-0.774560	-0.310269
-0.253311	0.556872
-0.761970	-0.562374
-0.116381	0.721449
-0.999305	-0.651276
-0.002866	0.924848
-1.146928	-0.486121
-0.164042	1.011167
-0.959137	-0.421573
-0.275632	0.791855
-0.763228	-0.319179
-0.243177	0.558502
-0.779352	-0.596359
-0.099572	0.747186
-1.024512	-0.633883
-0.011469	0.941963
-1.139351	-0.478956
-0.185802	1.000285
-0.927713	-0.403996
-0.276032	0.752151
-0.755051	-0.339766
-0.228789	0.573048
-0.805448	-0.627702
-0.080917	0.777645
-1.051082	-0.611075
-0.028213	0.959664
-1.123111	-0.474140
-0.208205	0.981596
-0.893569	-0.381687
-0.274510	0.706994
-0.749125	-0.371991
-0.209956	0.598240
-0.840100	-0.653171
-0.059618	0.810871
-1.079449	-0.583444
-0.051798	0.977764
-1.098419	-0.470218
-0.229442	0.954354
-0.859177	-0.356797
-0.271598	0.658669
-0.745694	-0.414238
-0.187895	0.628762
-0.880173	-0.668587
-0.037665	0.842951
-1.106538	-0.553978
-0.079241	0.994227
-1.067495	-0.464366
-0.247264	0.920300
-0.828001	-0.333923
-0.267780	0.615143
-0.745323	-0.460132
-0.165158	0.658651
-0.920093	-0.672557
-0.018907	0.871941
-1.128128	-0.527494
-0.106298	1.006753
-1.035003	-0.455042
-0.260576	0.883353
-0.802350	-0.317376
-0.263264	0.581774
-0.748305	-0.503393
-0.144188	0.684838
-0.955266	-0.668423
-0.006432	0.895822
-1.141934	-0.506438
-0.130424	1.013109
-1.004481	-0.443334
-0.269405	0.847395
-0.782933	-0.309968
-0.257521	0.561565
-0.755462	-0.542402
-0.125859	0.708062
-0.984620	-0.658898
-0.001779	0.914926
-1.147471	-0.491808
-0.152129	1.013934
-0.975632	-0.429756
-0.274303	0.812114
-0.769112	-0.312650
-0.249345	0.555591
-0.768582	-0.577436
-0.109119	0.732037
-1.010331	-0.644262
-0.005588	0.932062
-1.144664	-0.482411
-0.173442	1.007385
-0.945769	-0.414437
-0.276084	0.775063
-0.759342	-0.326734
-0.237442	0.563738
-0.789654	-0.610628
-0.091736	0.760085
-1.035863	-0.624533
-0.017845	0.949268
-1.133320	-0.476783
-0.195599	0.993153
-0.913013	-0.394881
-0.275569	0.732912
-0.752188	-0.352150
-0.221060	0.582856
-0.819666	-0.639857
-0.071872	0.791746
-1.063386	-0.599381
-0.037820	0.967635
-1.113284	-0.472570
-0.217789	0.970451
-0.878337	-0.370901
-0.273377	0.685770
-0.747277	-0.389512
-0.200568	0.611398
-0.857272	-0.661533
-0.049877	0.825259
-1.091729	-0.570408
-0.063582	0.985635
-1.085410	-0.467986
-0.237761	0.940071
-0.844962	-0.346183
-0.270014	0.638873
-0.745135	-0.433969
-0.177860	0.642140
-0.897999	-0.671365
-0.028840	0.856163
-1.116858	-0.541897
-0.091352	1.000423
-1.053183	-0.460659
-0.253661	0.904476
-0.816020	-0.325758
-0.265901	0.599068
-0.746191	-0.479343
-0.155666	0.670517
-0.936222	-0.671710
-0.012555	0.882809
-1.135179	-0.517357
-0.117249	1.010382
-1.021332	-0.450268
-0.264967	0.867333
-0.793095	-0.313159
-0.260963	0.571523
-0.750836	-0.521034
-0.135863	0.694911
-0.968758	-0.664723
-0.003380	0.904590
-1.145378	-0.499395
-0.140109	1.014306
-0.991789	-0.437350
-0.271988	0.831930
-0.776275	-0.309765
-0.254324	0.557259
-0.760344	-0.558035
-0.118457	0.718284
-0.996118	-0.653073
-0.002391	0.922610
-1.147278	-0.487302
-0.161390	1.012006
-0.962852	-0.423363
-0.275414	0.796447
-0.764439	-0.317459
-0.244658	0.557451
-0.776729	-0.592255
-0.101730	0.743951
-1.021339	-0.636294
-0.009937	0.939548
-1.140765	-0.479672
-0.183033	1.002096
-0.931805	-0.406464
-0.276100	0.757338
-0.755941	-0.336526
-0.230835	0.570967
-0.801698	-0.624213
-0.083396	0.773915
-1.047643	-0.614078
-0.025712	0.957063
-1.125614	-0.474688
-0.205424	0.984153
-0.897913	-0.384713
-0.274786	0.712950
-0.749741	-0.367216
-0.212522	0.594433
-0.835384	-0.650621
-0.062379	0.806693
-1.075890	-0.587011
-0.048564	0.975515
-1.101915	-0.470640
-0.226941	0.958120
-0.863357	-0.359751
-0.272020	0.664484
-0.745963	-0.408477
-0.190742	0.624998
-0.875061	-0.667195
-0.040310	0.839113
-1.103384	-0.557671
-0.075754	0.992496
-1.071543	-0.465075
-0.245279	0.924763
-0.831619	-0.336245
-0.268293	0.620118
-0.745192	-0.454191
-0.167937	0.655159
-0.915308	-0.672573
-0.020950	0.868436
-1.125837	-0.530540
-0.103062	1.005214
-1.038987	-0.456442
-0.259167	0.888269
-0.805210	-0.319009
-0.263875	0.585065
-0.747732	-0.498403
-0.146658	0.681885
-0.951210	-0.669382
-0.007581	0.893080
-1.140661	-0.508667
-0.127581	1.012649
-1.008156	-0.444651
-0.268533	0.851842
-0.785025	-0.310281
-0.258342	0.563434
-0.754287	-0.537670
-0.128021	0.705474
-0.981224	-0.660293
-0.001905	0.912580
-1.147234	-0.493485
-0.149485	1.014016
-0.979226	-0.431435
-0.273880	0.816625
-0.770579	-0.311676
-0.250545	0.555654
-0.766547	-0.573149
-0.111193	0.728971
-1.007202	-0.646466
-0.004645	0.930144
-1.145475	-0.483428
-0.170744	1.008591
-0.949637	-0.416324
-0.276002	0.779858
-0.760397	-0.324179
-0.239164	0.562088
-0.786541	-0.606589
-0.094017	0.756246
-1.032587	-0.627238
-0.015872	0.947405
-1.135209	-0.477253
-0.192797	0.995495
-0.917253	-0.397305
-0.275735	0.738449
-0.752962	-0.348521
-0.223350	0.580179
-0.815450	-0.636551
-0.074503	0.788011
-1.059847	-0.602713
-0.034955	0.965206
-1.116248	-0.472971
-0.215092	0.973890
-0.882667	-0.374155
-0.273725	0.691962
-0.747752	-0.384253
-0.203298	0.607217
-0.852292	-0.659151
-0.052651	0.821349
-1.088275	-0.574273
-0.060166	0.983459
-1.089224	-0.468745
-0.235467	0.944322
-0.848934	-0.348991
-0.270480	0.644119
-0.745232	-0.428365
-0.180719	0.638124
-0.892951	-0.670733
-0.031273	0.852637
-1.114044	-0.545173
-0.087929	0.998604
-1.057266	-0.461888
-0.251928	0.909038
-0.819318	-0.327724
-0.266449	0.603249
-0.745877	-0.473849
-0.158326	0.667095
-0.931735	-0.672186
-0.014231	0.879782
-1.133328	-0.520057
-0.114192	1.009152
-1.025178	-0.451593
-0.263801	0.872267
-0.795610	-0.314301
-0.261647	0.574066
-0.750027	-0.516232
-0.138183	0.692114
-0.965024	-0.666036
-0.004092	0.901828
-1.144558	-0.501246
-0.137388	1.014272
-0.995382	-0.439180
-0.271325	0.836585
-0.778069	-0.309581
-0.255290	0.558126
-0.758826	-0.553489
-0.120544	0.715614
-0.992896	-0.654875
-0.002049	0.920437
-1.147496	-0.488511
-0.158747	1.012311
-0.966530	-0.425130
-0.275154	0.801003
-0.765701	-0.315618
-0.246073	0.556802
-0.774242	-0.587823
-0.103861	0.740626
-1.018187	-0.638844
-0.008533	0.937592
-1.142044	-0.480374
-0.180279	1.003764
-0.935848	-0.408866
-0.276136	0.762429
-0.756866	-0.333153
-0.232808	0.568247
-0.798087	-0.620344
-0.085829	0.769552
-1.044239	-0.617158
-0.023323	0.954879
-1.127981	-0.475186
-0.202631	0.987022
-0.902244	-0.387586
-0.275039	0.718821
-0.750394	-0.362749
-0.215032	0.591066
-0.830767	-0.647769
-0.065120	0.802411
-1.072322	-0.590506
-0.045400	0.973233
-1.105302	-0.471210
-0.224388	0.961840
-0.867583	-0.362904
-0.272427	0.670788
-0.746280	-0.403077
-0.193574	0.620772
-0.869957	-0.665711
-0.042999	0.835287
-1.100148	-0.561264
-0.072268	0.990778
-1.075557	-0.466100
-0.243222	0.929304
-0.835322	-0.339224
-0.268796	0.625166
-0.745112	-0.448660
-0.170741	0.651785
-0.910450	-0.672376
-0.023089	0.865051
-1.123425	-0.533636
-0.099778	1.004172
-1.043003	-0.457789
-0.257688	0.892853
-0.808169	-0.320952
-0.264470	0.588941
-0.747221	-0.492969
-0.149172	0.678542
-0.947059	-0.670204
-0.008852	0.890009
-1.139260	-0.511193
-0.124695	1.012210
-1.011864	-0.446217
-0.267598	0.856385
-0.787208	-0.310918
-0.259128	0.565324
-0.753200	-0.532805
-0.130213	0.702433
-0.977763	-0.661775
-0.002162	0.910339
-1.146867	-0.495002
-0.146832	1.014057
-0.982809	-0.433085
-0.273407	0.821149
-0.772113	-0.311016
-0.251688	0.556159
-0.764634	-0.568997
-0.113261	0.725863
-1.004066	-0.648332
-0.003835	0.927788
-1.146154	-0.484453
-0.168062	1.009682
-0.953458	-0.418524
-0.275884	0.785063
-0.761492	-0.321921
-0.240816	0.560313
-0.783569	-0.602575
-0.096258	0.752781
-1.029345	-0.630038
-0.014022	0.945042
-1.136963	-0.477918
-0.190001	0.997233
-0.921456	-0.399987
-0.275875	0.743886
-0.753770	-0.344762
-0.225571	0.577389
-0.811362	-0.633252
-0.077092	0.783648
-1.056331	-0.606146
-0.032189	0.962729
-1.119084	-0.473546
-0.212364	0.976766
-0.887010	-0.377228
-0.274053	0.697608
-0.748269	-0.379323
-0.205987	0.603522
-0.847375	-0.656901
-0.055431	0.816893
-1.084779	-0.577914
-0.056791	0.981269
-1.092958	-0.469351
-0.233110	0.948130
-0.852973	-0.352018
-0.270935	0.649896
-0.745379	-0.422726
-0.183582	0.634699
-0.887871	-0.670113
-0.033775	0.849179
-1.111125	-0.548658
-0.084480	0.997272
-1.061351	-0.462826
-0.250123	0.913253
-0.822711	-0.329975
-0.266988	0.608018
-0.745617	-0.468346
-0.161024	0.663798
-0.927158	-0.672502
-0.016016	0.876898
-1.131349	-0.523051
-0.111084	1.008415
-1.029065	-0.453152
-0.262568	0.876395
-0.798223	-0.315349
-0.262307	0.577175
-0.749290	-0.510952
-0.140545	0.689407
-0.961203	-0.667198
-0.004930	0.899677
-1.143609	-0.503385
-0.134637	1.013785
-0.998992	-0.440639
-0.270604	0.840832
-0.779944	-0.309718
-0.256210	0.559483
-0.757410	-0.549159
-0.122647	0.712455
-0.989634	-0.656417
-0.001841	0.918339
-1.147584	-0.489754
-0.156108	1.012990
-0.970178	-0.427209
-0.274849	0.805532
-0.767017	-0.314508
-0.247424	0.556056
-0.771887	-0.583864
-0.105970	0.737220
-1.015049	-0.641001
-0.007260	0.935168
-1.143189	-0.481284
-0.177541	1.005291
-0.939841	-0.410859
-0.276141	0.767909
-0.757826	-0.330500
-0.234710	0.566414
-0.794618	-0.616476
-0.088218	0.766038
-1.040872	-0.620317
-0.021050	0.952649
-1.130212	-0.475868
-0.199830	0.989293
-0.906557	-0.390684
-0.275269	0.724602
-0.751083	-0.358586
-0.217483	0.587619
-0.826255	-0.644597
-0.067836	0.798015
-1.068754	-0.594156
-0.042314	0.970914
-1.108575	-0.471686
-0.221789	0.965498
-0.871847	-0.366250
-0.272818	0.676580
-0.746643	-0.397606
-0.196384	0.617083
-0.864874	-0.664107
