-0.049291	0.777623
-1.092541	-0.605484
-0.004861	0.984871
-1.150737	-0.451584
-0.233093	0.994113
-0.862978	-0.332107
-0.287670	0.632991
-0.718129	-0.372733
-0.196566	0.573949
-0.863282	-0.707357
-0.012590	0.831067
-1.135171	-0.554423
-0.052695	1.013961
-1.102083	-0.450789
-0.263487	0.941221
-0.811320	-0.285713
-0.285376	0.550073
-0.709816	-0.442243
-0.160936	0.617113
-0.926557	-0.715309
0.027771	0.872006
-1.174921	-0.508867
-0.085722	1.040411
-1.065597	-0.438721
-0.284884	0.895127
-0.773672	-0.244191
-0.291399	0.479437
-0.692306	-0.473246
-0.140737	0.618374
-0.959529	-0.725565
0.065315	0.887591
-1.205125	-0.483531
-0.077741	1.063577
-1.077257	-0.422535
-0.302660	0.893081
-0.752180	-0.188994
-0.321961	0.400502
-0.638481	-0.386586
-0.157499	0.517608
-0.929370	-0.797093
0.124003	0.844150
-1.236685	-0.496779
0.452290	1.572247
0.073833	1.086437
-1.221947	-0.355909
-0.312196	1.025510
-0.779144	-0.121531
-0.400736	0.326172
-0.422476	-1.898690
-0.540428	-0.039665
-0.393249	0.141165
-0.516354	-1.821396
-0.524987	-0.210164
-0.218235	0.280698
-0.823427	-0.985452
0.133852	0.737594
-1.230933	-0.561436
0.438770	1.155082
0.267517	1.041436
-1.287669	-0.427121
0.360440	1.246900
0.223490	1.137153
-1.293283	-0.342273
-0.084959	1.149607
-1.077724	-0.366396
-0.358004	0.837576
-0.682182	-0.013825
-0.507278	0.167569
-0.347767	-1.992142
-0.445252	0.334864
-0.842597	-0.107509
-0.301809	1.195989
-1.330922	-0.135319
-0.177569	1.248032
-0.987371	-0.271584
-0.382091	0.642383
-0.613285	0.028982
-0.537006	0.108136
-0.345463	-1.970637
-0.422264	0.415821
-0.895232	-0.148326
-0.269304	1.267071
-1.332357	-0.058735
-0.446769	1.138722
-0.738067	0.238779
-1.004524	0.054946
-0.318502	1.761385
-1.115256	0.077990
-0.739905	0.314895
-0.481499	1.158171
-1.336656	0.014809
-0.437832	1.205593
-0.765761	0.206528
-0.968604	0.068308
-0.346991	1.682848
-1.148407	0.100033
-0.750930	0.337569
-0.495167	1.189104
-1.334936	0.070661
-0.557341	1.094132
-0.721682	0.500653
-1.252336	0.152313
-0.412178	1.458227
-0.867156	0.138416
-0.889147	0.123933
-0.402643	1.511669
-1.227063	0.148378
-0.739994	0.437382
-0.536920	1.153887
-1.334248	0.097001
-0.574858	1.087101
-0.723068	0.540431
-1.268964	0.171842
-0.447138	1.411882
-0.839821	0.203381
-1.002269	0.108165
-0.363250	1.840451
-1.084190	0.113109
-0.815521	0.259957
-0.473750	1.359262
-1.287543	0.178239
-0.714514	0.611631
-0.600782	1.042979
-1.332775	0.107589
-0.530748	1.173376
-0.746539	0.418699
-1.217615	0.145491
-0.399348	1.530992
-0.897082	0.119895
-0.860834	0.142918
-0.415140	1.443587
-1.259242	0.152859
-0.716756	0.521039
-0.564287	1.076790
-1.334304	0.065832
-0.475362	1.208987
-0.759913	0.290103
-1.095328	0.083498
-0.324746	1.814868
-1.013970	0.070420
-0.765022	0.233100
-0.450164	1.211963
-1.335750	0.036921
-0.522921	1.120016
-0.726122	0.417810
-1.206156	0.116486
-0.361456	1.560402
-0.924229	0.066348
-0.757747	0.184265
-0.426627	1.176303
-1.336004	-0.036886
-0.354251	1.233546
-0.814950	0.014203
-0.623666	0.182378
-0.415073	0.773305
-1.095342	-0.296593
-0.080562	1.258128
-1.326096	-0.166741
-0.292383	1.179996
-0.846363	-0.131098
-0.419026	0.368227
-0.373055	-1.952615
-0.531562	0.069513
-0.546736	0.052688
-0.366227	-1.941653
-0.409740	0.416824
-0.879778	-0.154803
-0.273168	1.228545
-1.333970	-0.107781
-0.296038	1.216797
-0.854717	-0.113485
-0.442258	0.348599
-0.345375	-1.991581
-0.511623	0.162619
-0.677578	-0.010218
-0.359799	0.826585
-1.070908	-0.362944
-0.091581	1.156023
-1.297786	-0.328941
0.233682	1.173615
0.319634	1.243023
-1.300735	-0.377044
0.320970	1.247111
0.230238	1.172954
-1.297206	-0.326730
-0.103855	1.153892
-1.056572	-0.362861
-0.355840	0.812617
-0.677337	-0.027051
-0.483712	0.179471
-0.371913	-1.981022
-0.459656	0.244347
-0.745199	-0.065305
-0.334586	0.983354
-1.191803	-0.364933
0.034082	1.095569
-1.243010	-0.474846
0.131567	0.879182
-0.978418	-0.760159
-0.127817	0.576059
-0.649911	-0.470737
-0.311785	0.369744
-0.711690	-0.180463
-0.316260	0.790415
-0.997848	-0.390445
-0.144722	1.090972
-1.243832	-0.410917
0.118018	0.983751
-1.115514	-0.645743
-0.025305	0.697202
-0.705998	-0.785812
-0.276737	0.290669
-0.595113	-0.166069
-0.447333	-1.763687
-0.360889	0.433858
-0.830544	-0.185374
-0.280538	1.089610
-1.269866	-0.314866
0.150891	1.140821
0.376628	1.344700
-1.287076	-0.416138
0.248726	1.036434
0.453574	1.177631
-1.221266	-0.572051
0.114062	0.723954
-0.796374	-1.032504
-0.233641	0.238832
-0.502399	-0.182086
-0.523489	-1.829358
-0.409227	0.070757
-0.461280	0.004382
-0.485528	-1.881176
-0.453220	0.026476
-0.432245	0.051866
-0.500427	-1.862741
-0.480342	-0.076765
-0.322755	0.139537
-0.632316	-1.580025
-0.619626	-0.734326
-0.054531	0.594406
-1.078447	-0.724681
0.589216	1.143515
0.219228	0.914055
-1.271449	-0.471377
0.390949	1.236987
0.225412	1.107266
-1.291242	-0.360150
-0.040097	1.148941
-1.126088	-0.358640
-0.369175	0.883819
-0.686466	0.032377
-0.588973	0.125941
-0.281630	-1.925245
-0.407542	0.621372
-1.009088	-0.243321
-0.169520	1.309240
-1.320125	-0.068949
-0.509948	1.044638
-0.696719	0.412717
-1.183643	0.075666
-0.309697	1.606192
-0.968096	0.010192
-0.657820	0.256658
-0.438769	0.913946
-1.209199	-0.272529
0.045686	1.237949
0.278440	1.485434
-1.319601	-0.241290
-0.143530	1.192003
-1.015747	-0.326785
-0.365462	0.734108
-0.648882	-0.010334
-0.494605	0.153979
-0.371172	-1.978554
-0.449861	0.273735
-0.773970	-0.081786
-0.325034	1.048418
-1.248537	-0.321270
0.111350	1.130759
0.396689	1.412704
-1.278785	-0.428803
0.218144	0.984617
0.522061	1.201960
-1.157559	-0.644909
0.022009	0.656525
-0.697682	-1.432437
-0.293829	0.102873
-0.420565	-0.086035
-0.571185	-1.787186
-0.479073	-0.253414
-0.181356	0.266361
-0.892190	-0.998475
0.238959	0.676556
-1.240778	-0.614336
0.303814	0.742837
-1.008386	-0.852331
-0.105539	0.430780
-0.531669	-0.460816
-0.596833	-1.731747
-0.377247	-0.003043
-0.358731	0.023226
-0.614132	-1.691314
-0.558451	-0.593050
-0.078552	0.496852
-1.045690	-0.797021
0.291695	0.816958
-1.254822	-0.569949
0.278787	0.801226
-1.019374	-0.819898
-0.098173	0.476869
-0.557357	-0.498996
-0.595499	-1.709630
-0.360540	0.067823
-0.425784	-0.021960
-0.539939	-1.821519
-0.479055	-0.168477
-0.237967	0.208321
-0.790768	-1.075865
0.117436	0.711763
-1.221634	-0.578399
0.448292	1.138618
0.273819	1.027231
-1.285788	-0.439945
0.352274	1.189981
0.270776	1.128866
-1.296505	-0.381538
0.362151	1.393423
0.118350	1.158903
-1.254111	-0.303367
-0.344626	1.044686
-0.756312	-0.026736
-0.524631	0.204349
-0.305533	-2.013984
-0.443369	0.426037
-0.931380	-0.141511
-0.255224	1.343496
-1.311023	0.004569
-0.602219	0.897810
-0.662724	0.672700
-1.283048	0.080449
-0.327498	1.407314
-0.893798	-0.012631
-0.603359	0.241753
-0.192551	-1.928729
-0.432507	0.733771
-1.094223	-0.267585
-0.087644	1.304950
0.200102	1.713802
-1.317054	-0.112122
-0.465553	1.073233
-0.709525	0.298838
-1.072021	0.046566
-0.259780	1.960435
-0.269044	1.887233
-1.057799	0.043342
-0.707425	0.288931
-0.461116	1.066090
-1.312789	-0.127649
0.198206	1.610635
-0.045470	1.309555
-1.136082	-0.258060
-0.451827	0.772665
-0.142097	-1.940532
-0.607220	0.309655
-0.995098	-0.022439
-0.273905	1.618350
-1.175570	0.048407
-0.670609	0.426141
-0.506516	0.975861
-1.291766	-0.136278
0.156449	1.498520
0.019650	1.348273
-1.196281	-0.215125
-0.490524	0.811892
-0.053909	-1.975282
-0.611828	0.426933
-1.124674	-0.017473
-0.145998	1.808521
-0.189348	1.702048
-1.075856	-0.043039
-0.583886	0.403105
-0.105104	-2.061294
-0.479600	0.722561
-1.142766	-0.214725
-0.046899	1.381741
0.122180	1.587777
-1.280261	-0.092671
-0.560270	0.870649
-0.639556	0.590394
-1.242886	0.030932
-0.239737	1.481103
-0.984153	-0.103041
-0.499840	0.406532
-0.225909	-2.077992
-0.493240	0.425864
-0.993081	-0.112555
-0.229358	1.481843
-1.241767	0.024152
-0.635253	0.595234
-0.560579	0.859557
-1.276085	-0.095931
0.115807	1.574475
-0.038986	1.387825
-1.150539	-0.208707
-0.485249	0.725604
-0.092977	-2.068073
-0.583880	0.421379
-1.092195	-0.043954
-0.170481	1.715105
-0.149393	1.762954
-1.115627	-0.030575
-0.598016	0.431508
-0.066849	-2.042667
-0.490141	0.771376
-1.176303	-0.212093
-0.006731	1.367798
0.136664	1.531307
-1.284262	-0.116867
-0.536479	0.919226
-0.652678	0.517280
-1.219888	0.044725
-0.261346	1.528002
-0.979641	-0.064305
-0.544624	0.351615
-0.191897	-2.073242
-0.468204	0.573210
-1.061249	-0.176404
-0.145483	1.447687
0.051905	1.764089
-1.252396	-0.030288
-0.604579	0.692145
0.118981	-2.113230
-0.586374	0.757215
-1.259327	-0.063358
0.076862	1.652861
-0.091325	1.425783
-1.108052	-0.194262
-0.477343	0.648630
-0.140255	-2.081449
-0.562275	0.394865
-1.044770	-0.059649
-0.212062	1.635587
-0.110583	1.915352
-1.159364	0.001232
-0.626722	0.453255
-0.503452	0.856722
-1.230258	-0.193680
0.063420	1.365765
0.137252	1.443135
-1.279579	-0.153166
-0.506715	0.949510
-0.660889	0.435449
-1.174630	0.038514
-0.261081	1.617461
-1.003963	-0.033156
-0.591506	0.328932
-0.145455	-2.015119
-0.457532	0.727890
-1.120258	-0.240321
-0.066528	1.345397
0.159004	1.633103
-1.299928	-0.094808
-0.535496	0.959562
-0.667556	0.500765
-1.221667	0.064097
-0.288169	1.528138
-0.959690	-0.035788
-0.580985	0.303282
-0.175267	-2.024896
-0.450763	0.683185
-1.091703	-0.232277
-0.098480	1.362527
0.139109	1.691533
-1.294268	-0.071065
-0.565030	0.901660
-0.652274	0.589518
-1.251135	0.052929
-0.272216	1.469573
-0.954351	-0.073385
-0.526733	0.347409
-0.219739	-2.071478
-0.471391	0.505097
-1.026151	-0.150675
-0.187008	1.463601
-1.247699	-0.003794
-0.618839	0.645221
0.113063	-2.068701
-0.573689	0.806007
-1.266119	-0.082642
0.094668	1.601440
-0.058919	1.408524
-1.135238	-0.200613
-0.484456	0.692006
-0.108002	-2.080844
-0.573629	0.420098
-1.080371	-0.052865
-0.179060	1.686234
-0.134244	1.787277
-1.130010	-0.024468
-0.603808	0.442648
-0.051877	-2.028741
-0.494695	0.789983
-1.189607	-0.208329
0.009612	1.365894
0.138543	1.509262
-1.283948	-0.125835
-0.528578	0.930077
-0.655467	0.495044
-1.209796	0.044951
-0.263173	1.547731
-0.983736	-0.055472
-0.557228	0.342660
-0.179952	-2.065440
-0.463915	0.615001
-1.076574	-0.195096
-0.124212	1.422202
0.078191	1.721142
-1.264814	-0.043976
-0.596988	0.749482
0.136652	-2.113499
-0.605305	0.720204
-1.261560	-0.029444
0.066044	1.780105
-0.147731	1.431394
-1.056043	-0.184021
-0.461280	0.579137
-0.201019	-2.062713
-0.549057	0.327105
-0.955328	-0.057568
-0.279655	1.492547
-1.239739	0.058797
-0.658206	0.550842
-0.552208	0.926527
-1.295930	-0.083812
0.147251	1.653311
-0.079108	1.355637
-1.109590	-0.235106
-0.456292	0.707421
-0.155160	-2.025016
-0.586030	0.324771
-0.992297	-0.036500
-0.267866	1.591948
-1.187924	0.045531
-0.662987	0.451105
-0.513823	0.954508
-1.285973	-0.138086
0.145619	1.484332
0.029882	1.358297
-1.205079	-0.206150
-0.496979	0.817249
-0.039632	-1.975219
-0.613154	0.444457
-1.140108	-0.014913
-0.126751	1.825027
-0.192253	1.669141
-1.067062	-0.054762
-0.570015	0.409497
-0.119931	-2.080702
-0.481296	0.678414
-1.125549	-0.200048
-0.070275	1.413362
0.089990	1.618818
-1.264626	-0.075924
-0.578222	0.791197
0.117261	-2.087691
-0.614901	0.661263
-1.250007	-0.011324
0.037548	1.881830
-0.175737	1.457167
-1.035110	-0.159450
-0.468373	0.524920
-0.214674	-2.070066
-0.532829	0.341556
-0.954336	-0.069047
-0.274452	1.475828
-1.248200	0.054946
-0.653875	0.578620
-0.561517	0.908937
-1.294684	-0.074770
0.141389	1.679856
-0.092753	1.360658
-1.097040	-0.232987
-0.452422	0.689986
-0.169237	-2.025293
-0.582415	0.309998
-0.969804	-0.036666
-0.282242	1.548504
-1.211034	0.059048
-0.666952	0.482077
-0.527919	0.961402
-1.296626	-0.108102
0.157415	1.582053
-0.037711	1.347715
-1.147315	-0.232656
-0.470548	0.753977
-0.110965	-2.022371
-0.595933	0.372213
-1.057360	-0.032923
-0.214914	1.703135
-0.153582	1.883886
-1.128770	0.001650
-0.631927	0.409292
-0.488635	0.869407
-1.224156	-0.213737
0.057878	1.332245
0.172559	1.451715
-1.296179	-0.161306
-0.466305	1.025505
-0.691451	0.312056
-1.075312	0.035706
-0.246260	1.920587
-0.254908	1.869937
-1.063120	0.032618
-0.688791	0.304240
-0.462517	1.017111
-1.289881	-0.175563
0.162852	1.409815
0.093852	1.339685
-1.248959	-0.202633
-0.486453	0.917312
-0.649392	0.392379
-1.128310	0.015955
-0.235026	1.711207
-1.044913	-0.019293
-0.613297	0.344571
-0.463277	0.802739
-1.163874	-0.249918
-0.015020	1.309242
0.199216	1.557083
-1.310785	-0.141552
-0.448248	1.070322
-0.711874	0.256199
-1.012162	0.040868
-0.303142	1.757624
-1.116275	0.066594
-0.722263	0.325897
-0.481085	1.111628
-1.331286	-0.042479
-0.279770	1.274433
-0.887945	-0.127371
-0.440028	0.383447
-0.331801	-1.997637
-0.519035	0.170301
-0.697170	-0.012221
-0.356185	0.885313
-1.115390	-0.371919
-0.049041	1.133284
-1.278613	-0.386150
0.194011	1.038207
0.477631	1.268280
-1.206882	-0.576538
0.085570	0.726988
-0.777646	-1.013374
-0.242598	0.246006
-0.517366	-0.175842
-0.507770	-1.836262
-0.400452	0.137001
-0.540168	-0.034861
-0.419810	-1.901545
-0.401517	0.329705
-0.783435	-0.123196
-0.310970	1.036247
-1.231379	-0.347842
0.087012	1.094328
0.442531	1.497873
-1.245833	-0.486526
0.141964	0.860506
-0.960310	-0.783571
-0.138866	0.542686
-0.636777	-0.430927
-0.320201	0.362366
-0.715099	-0.172503
-0.316654	0.806687
-1.011187	-0.395839
-0.134236	1.091052
-1.242716	-0.416602
0.117002	0.974540
-1.102948	-0.655764
-0.036670	0.690969
-0.700194	-0.750785
-0.279780	0.300050
-0.607327	-0.167692
-0.442843	-1.682508
-0.355345	0.474711
-0.854182	-0.206976
-0.266366	1.118100
-1.289622	-0.285878
0.190313	1.209647
0.291747	1.297535
-1.309126	-0.321388
0.341633	1.533237
0.035646	1.183804
-1.198056	-0.308765
-0.404142	0.936120
-0.680360	0.148660
-0.801302	0.046859
-0.369173	1.221667
-1.336444	-0.038935
-0.406411	1.192278
-0.771584	0.135238
-0.838165	0.084722
-0.385216	1.345691
-1.306971	0.095056
-0.661441	0.779299
-0.642693	0.852164
-1.314935	0.074617
-0.375473	1.326102
-0.836105	0.064931
-0.730302	0.147285
-0.407462	1.083195
-1.303748	-0.184476
0.196756	1.426789
0.080063	1.308395
-1.238169	-0.221976
-0.474561	0.914219
-0.649545	0.360653
-1.096331	0.010570
-0.201640	1.873249
-0.224780	1.789193
-1.067803	-0.000567
-0.638249	0.343814
-0.466364	0.878868
-1.210014	-0.243854
0.042711	1.287933
0.222014	1.477025
-1.313207	-0.184364
-0.362106	1.124120
-0.770673	0.026729
-0.626098	0.155938
-0.407900	0.767200
-1.083803	-0.301767
-0.090643	1.250857
-1.326993	-0.172493
-0.261504	1.191132
-0.880531	-0.188631
-0.380851	0.463809
-0.396559	-1.855719
-0.579800	-0.053517
-0.394419	0.170666
-0.501955	-1.834502
-0.526914	-0.180180
-0.241273	0.257516
-0.779358	-0.994802
0.082881	0.730583
-1.205668	-0.574685
0.480162	1.289748
0.183283	1.039424
-1.275629	-0.381586
-0.082579	1.128003
-1.078036	-0.380610
-0.345404	0.852871
-0.697640	-0.055307
-0.451093	0.215738
-0.397946	-1.958617
-0.485464	0.124925
-0.595874	0.003187
-0.351820	-1.840921
-0.383063	0.563912
-0.947338	-0.233411
-0.214549	1.252588
-1.332189	-0.110146
-0.346679	1.185869
-0.803123	-0.007273
-0.579636	0.199393
-0.244010	-1.980379
-0.425447	0.630432
-1.036120	-0.233437
-0.150351	1.343442
-1.306499	-0.053356
-0.562963	0.941149
-0.666465	0.569736
-1.252441	0.075546
-0.304961	1.469409
-0.929701	-0.031918
-0.580874	0.281310
-0.189755	-2.015537
-0.445010	0.674178
-1.080598	-0.234340
-0.109092	1.358571
0.142182	1.720872
-1.297031	-0.067161
-0.564992	0.909569
-0.655271	0.586527
-1.251861	0.057963
-0.279524	1.469028
-0.948427	-0.064788
-0.536519	0.332461
-0.214607	-2.067069
-0.465470	0.535695
-1.037555	-0.165438
-0.171430	1.450339
0.044834	1.862507
-1.253541	-0.013989
-0.613514	0.674801
0.124145	-2.095558
-0.583051	0.784319
-1.265621	-0.067842
0.088828	1.643464
-0.084500	1.413766
-1.112586	-0.201070
-0.475646	0.663447
-0.136801	-2.076130
-0.567062	0.390001
-1.045023	-0.055347
-0.214007	1.643556
-0.116362	1.920551
-1.155944	0.002349
-0.628280	0.446801
-0.501453	0.860779
-1.230703	-0.196106
0.064489	1.361237
0.141985	1.442109
-1.281893	-0.154731
-0.501924	0.960279
-0.664726	0.420081
-1.165753	0.039301
-0.263381	1.636402
-1.007234	-0.025002
-0.603783	0.321601
-0.137034	-1.968841
-0.455413	0.766059
-1.136310	-0.252698
-0.046300	1.319221
0.188013	1.607225
-1.309487	-0.120175
-0.483068	1.039531
-0.694980	0.350608
-1.123496	0.049665
-0.280779	1.735634
-1.020326	0.018201
-0.671545	0.283327
-0.450719	0.963134
-1.250973	-0.234054
0.102231	1.282003
0.224516	1.401679
-1.310109	-0.213847
-0.318830	1.134712
-0.807579	-0.081350
-0.464354	0.286436
-0.343205	-2.003057
-0.487435	0.224730
-0.747894	-0.047822
-0.339284	1.005347
-1.215657	-0.345184
0.063490	1.110049
0.426638	1.553981
-1.259090	-0.456811
0.165671	0.911543
-1.040174	-0.731033
-0.085495	0.607574
-0.643003	-0.589268
-0.311278	0.268796
-0.610935	-0.136351
-0.357517	0.511553
-0.882049	-0.223408
-0.250620	1.155719
-1.311179	-0.238853
0.238893	1.369470
0.130162	1.265927
-1.266313	-0.241467
-0.418605	1.014080
-0.700713	0.185834
-0.884864	0.041199
-0.357272	1.435703
-1.268651	0.108291
-0.682241	0.590298
-0.578212	0.972456
-1.320838	-0.000178
-0.280321	1.316387
-0.900620	-0.113099
-0.460635	0.370353
-0.305732	-2.026055
-0.504058	0.252061
-0.805315	-0.053685
-0.328987	1.153664
-1.320503	-0.175900
0.240126	1.573437
-0.015073	1.272149
-1.160611	-0.272248
-0.446343	0.827678
-0.626457	0.288978
-0.986042	-0.009465
-0.287446	1.618973
-1.176378	0.058545
-0.681227	0.417172
-0.506456	1.004215
-1.304079	-0.113773
0.174225	1.595516
-0.042718	1.331472
-1.141039	-0.243646
-0.462165	0.760046
-0.125375	-1.996099
-0.600043	0.344765
-1.030785	-0.029020
-0.242105	1.671267
-1.147036	0.022264
-0.651342	0.410659
-0.494210	0.924291
-1.258145	-0.187817
0.106302	1.367003
0.135084	1.395472
-1.275846	-0.174729
-0.488366	0.964107
-0.666455	0.384701
-1.135774	0.031761
-0.256120	1.700310
-1.027980	-0.009657
-0.627215	0.319774
-0.456471	0.839484
-1.177566	-0.260497
0.003296	1.282297
0.229480	1.537190
-1.317389	-0.173333
-0.358011	1.134965
-0.777271	0.017002
-0.610894	0.167356
-0.412524	0.722007
-1.064762	-0.282147
-0.112492	1.280095
-1.324785	-0.126011
-0.397490	1.136563
-0.754813	0.117466
-0.793265	0.086624
-0.386497	1.225787
-1.336401	-0.016913
-0.449355	1.168439
-0.748785	0.239601
-1.012824	0.061231
-0.318293	1.795610
-1.102276	0.078623
-0.747710	0.300769
-0.477193	1.177892
-1.336728	0.032037
-0.485724	1.166933
-0.743110	0.322525
-1.126032	0.083929
-0.327142	1.734608
-0.993190	0.057720
-0.744165	0.229142
-0.443883	1.153351
-1.334454	-0.044257
-0.314950	1.252634
-0.850465	-0.066644
-0.502235	0.286028
-0.289219	-2.038511
-0.467656	0.381777
-0.920373	-0.113830
-0.271693	1.356061
-1.306219	0.022202
-0.620020	0.848501
-0.651165	0.731686
-1.292345	0.063015
-0.311591	1.387825
-0.898484	-0.042878
-0.555104	0.278282
-0.222942	-2.040791
-0.448614	0.581017
-1.040893	-0.195180
-0.158106	1.406091
0.087926	1.859466
-1.276625	-0.025954
-0.605654	0.768536
0.163834	-2.102149
-0.615635	0.732671
-1.272501	-0.009431
-0.182970	1.417353
-1.019392	-0.176072
-0.450760	0.536141
-0.239767	-2.043687
-0.543523	0.275477
-0.881443	-0.047293
-0.315165	1.345026
-1.310585	0.043539
-0.628967	0.852362
-0.656075	0.749376
-1.298657	0.076483
-0.341130	1.372263
-0.872707	0.004174
-0.627085	0.214675
-0.423847	0.800191
-1.120752	-0.294195
-0.055374	1.256307
0.256511	1.682763
-1.324901	-0.179670
-0.272273	1.182015
-0.866662	-0.171532
-0.388477	0.433479
-0.395711	-1.882848
-0.567722	-0.034790
-0.413541	0.148628
-0.483364	-1.868358
-0.506567	-0.098359
-0.310111	0.173191
-0.645064	-1.498308
-0.642853	-0.786715
-0.043321	0.625702
-1.092635	-0.699135
0.580687	1.251246
0.193412	0.939609
-1.269625	-0.445621
0.411756	1.445902
0.097861	1.119202
-1.239724	-0.329963
-0.327082	1.036923
-0.768748	-0.077220
-0.452771	0.266811
-0.370165	-1.980377
-0.491678	0.163519
-0.659988	-0.016303
-0.361793	0.766484
-1.030927	-0.342980
-0.128508	1.177035
-1.312071	-0.275201
0.263834	1.337663
0.157417	1.240060
-1.278452	-0.258934
-0.362524	1.066733
-0.750313	0.025441
-0.612874	0.150757
-0.408265	0.719741
-1.058449	-0.284786
-0.117532	1.274137
-1.326074	-0.130599
-0.377628	1.149896
-0.770195	0.066628
-0.702526	0.123191
-0.396515	0.989938
-1.235310	-0.290075
0.085464	1.190348
0.330651	1.437614
-1.309880	-0.324018
0.307825	1.339630
0.154628	1.200780
-1.275011	-0.280474
-0.333079	1.076037
-0.776049	-0.054373
-0.489542	0.242137
-0.330701	-2.012140
-0.466128	0.306343
-0.833781	-0.088174
-0.310881	1.193249
-1.331015	-0.131656
-0.180621	1.249590
-0.984272	-0.268181
-0.382268	0.635865
-0.611676	0.027553
-0.533560	0.108591
-0.348896	-1.971283
-0.423895	0.402606
-0.885595	-0.142542
-0.275243	1.253839
-1.333814	-0.071322
-0.405306	1.169325
-0.763425	0.134468
-0.831734	0.081847
-0.384128	1.326558
-1.314236	0.081733
-0.647638	0.840211
-0.659297	0.795554
-1.309320	0.094106
-0.389607	1.338416
-0.833497	0.093610
-0.786889	0.127736
-0.404663	1.231258
-1.335712	0.008389
-0.496624	1.133208
-0.729874	0.355881
-1.154196	0.087605
-0.329880	1.670078
-0.974269	0.047464
-0.725125	0.226004
-0.438632	1.099537
-1.319755	-0.121273
0.210158	1.725164
-0.086892	1.295463
-1.093710	-0.272991
-0.428913	0.740834
-0.197656	-1.891763
-0.607163	0.229539
-0.878054	-0.008158
-0.334098	1.374439
-1.297985	0.072626
-0.654259	0.749303
-0.628321	0.848530
-1.309420	0.040424
-0.307515	1.348068
-0.888353	-0.059246
-0.526993	0.293614
-0.250781	-2.051434
-0.459641	0.482421
-0.996102	-0.151105
-0.210811	1.429533
-1.268280	0.009418
-0.626150	0.694160
0.158717	-2.066781
-0.595295	0.806742
-1.281351	-0.041287
0.103716	1.772484
-0.136208	1.393492
-1.059890	-0.208690
-0.449176	0.617725
-0.205319	-2.038698
-0.564171	0.288685
-0.921979	-0.041615
-0.303525	1.442245
-1.266329	0.071676
-0.661004	0.617830
-0.580066	0.913877
-1.305734	-0.034718
-0.179624	1.348815
-1.007251	-0.214441
-0.422143	0.580208
-0.270786	-1.981662
-0.569978	0.173675
-0.750494	0.001326
-0.354408	1.050388
-1.262586	-0.287055
0.131101	1.186717
0.328449	1.370486
-1.307316	-0.340175
0.312354	1.311867
0.177054	1.192663
-1.283912	-0.290173
-0.281613	1.105982
-0.834388	-0.176844
-0.369400	0.424508
-0.434569	-1.808807
-0.584810	-0.130037
-0.307062	0.248366
-0.649200	-0.648877
-0.069074	0.624813
-1.062023	-0.712708
0.166151	0.927346
-1.260746	-0.446452
0.038271	1.112579
-1.196195	-0.352190
-0.349051	0.978559
-0.731337	-0.021626
-0.520717	0.190523
-0.318117	-2.007257
-0.442691	0.403100
-0.909605	-0.133306
-0.268725	1.312217
-1.322186	-0.011282
-0.564021	0.995271
-0.686831	0.550886
-1.256722	0.108146
-0.352212	1.459884
-0.896194	0.036729
-0.694538	0.194376
-0.421206	1.000328
-1.257837	-0.249886
0.116378	1.251699
0.256596	1.385807
-1.314275	-0.248711
-0.192613	1.172568
-0.953547	-0.299794
-0.350589	0.654366
-0.644953	-0.097922
-0.368927	0.243132
-0.512038	-1.784254
-0.561728	-0.260980
-0.195073	0.353729
-0.863833	-0.920367
0.153199	0.765355
-1.240579	-0.544962
0.426689	1.160211
0.268589	1.053082
-1.288938	-0.421203
0.360570	1.262772
0.211087	1.140494
-1.290941	-0.333513
-0.131230	1.142867
-1.022518	-0.363351
-0.344560	0.781927
-0.679974	-0.076776
-0.412124	0.233697
-0.446907	-1.896582
-0.517961	-0.045290
-0.375519	0.135445
-0.545832	-1.773639
-0.543486	-0.317151
-0.160107	0.377326
-0.924845	-0.907146
0.227497	0.751217
-1.251352	-0.570374
0.342930	0.895341
0.498404	0.913536
-1.152657	-0.696677
0.023694	0.565424
-0.703378	-1.580313
-0.337929	-0.182206
-0.215065	0.050193
-0.853044	-1.181704
0.233338	0.551110
-1.224258	-0.668711
0.268901	0.573872
-0.896404	-1.053850
-0.181638	0.189543
-0.419646	-0.244695
-0.624371	-1.727726
-0.473785	-0.435402
-0.111137	0.336770
-0.999810	-0.910310
-1.198454	-0.710291
0.129260	0.453698
-0.802192	-1.465682
-0.062960	0.085575
-1.055319	-0.956130
-1.031592	-0.987004
-0.085877	0.066568
-0.794811	-1.468106
0.128081	0.481305
-1.200984	-0.698631
0.360834	0.567221
-1.030419	-0.867717
-0.088387	0.386254
-0.491131	-0.563247
-0.632831	-1.713445
-0.405507	-0.221119
-0.193347	0.159704
-0.878752	-1.084768
0.252231	0.587237
-1.227762	-0.658911
0.257586	0.591371
-0.885974	-1.066753
-0.188214	0.179456
-0.416811	-0.231916
-0.623695	-1.727757
-0.477139	-0.443180
-0.109088	0.343942
-1.002643	-0.904900
0.348612	0.458276
-1.199943	-0.706791
0.131735	0.460908
-0.801527	-1.463126
-0.071193	0.072748
-1.047033	-0.967976
-1.038872	-0.978789
-0.079077	0.066431
-0.799122	-1.463600
0.131520	0.470042
-1.200875	-0.702745
0.352754	0.523564
-1.012593	-0.890557
-0.101806	0.361255
-0.483236	-0.476168
-0.625731	-1.723861
-0.411708	-0.219371
-0.194387	0.167196
-0.876342	-1.081060
0.247579	0.601363
-1.229950	-0.651871
0.267756	0.617531
-0.905300	-1.016355
-0.174604	0.236914
-0.450446	-0.260908
-0.599147	-1.760160
-0.443011	-0.237173
-0.186347	0.214760
-0.886599	-1.039926
0.249150	0.631357
-1.233899	-0.639256
0.275684	0.655190
-0.928412	-0.964491
-0.159061	0.298587
-0.484115	-0.298362
-0.581626	-1.773948
-0.414793	-0.095236
-0.283505	0.103383
-0.717270	-1.373527
0.046263	0.667687
-1.176969	-0.626193
0.502376	1.188048
0.229260	0.997647
-1.281603	-0.426497
0.389569	1.376405
0.131647	1.133140
-1.259979	-0.318148
-0.303144	1.069959
-0.801528	-0.134781
-0.395549	0.353081
-0.418938	-1.891477
-0.548963	-0.048092
-0.386849	0.152213
-0.521409	-1.809444
-0.532681	-0.236767
-0.202407	0.308174
-0.851998	-0.962502
0.161421	0.743052
-1.240575	-0.558662
0.413989	1.083308
0.324404	1.032455
-1.277242	-0.483624
0.288651	0.971432
0.488896	1.073807
-1.179262	-0.643573
0.053386	0.633362
-0.718830	-1.476150
-0.298419	-0.006331
-0.324731	-0.049682
-0.688424	-1.568163
0.011219	0.595121
-1.144602	-0.686393
0.519803	1.024569
0.290093	0.931740
-1.271754	-0.506580
0.313338	0.968886
0.473134	1.041544
-1.189672	-0.637560
0.069939	0.632051
-0.730874	-1.458515
-0.293791	-0.023562
-0.309816	-0.051188
-0.711816	-1.516881
0.042972	0.614968
-1.170661	-0.658547
0.494144	1.039915
0.300768	0.953774
-1.272711	-0.503368
0.304171	0.959369
0.487268	1.041736
-1.177200	-0.651459
0.051793	0.621137
-0.718049	-1.499605
-0.304798	-0.044298
-0.297510	-0.032458
-0.726730	-1.472729
0.064097	0.627955
-1.185784	-0.641868
0.477643	1.042155
0.310294	0.965273
-1.272137	-0.505360
0.293721	0.939752
0.511002	1.029890
-1.153744	-0.677118
0.021824	0.601561
-0.696477	-1.553029
-0.320402	-0.054350
-0.293298	-0.010127
-0.728259	-1.455720
0.066333	0.635306
-1.187795	-0.636709
0.477456	1.057773
0.302871	0.972423
-1.274817	-0.494957
0.305738	0.977647
0.471570	1.059023
-1.193099	-0.630374
0.074297	0.642284
-0.734140	-1.431889
-0.287728	0.005039
-0.330082	-0.065341
-0.684739	-1.582509
0.005520	0.584594
-1.139065	-0.695478
0.522783	0.997940
0.296945	0.920610
-1.268891	-0.518291
0.301094	0.927098
0.514653	1.003014
-1.147414	-0.687360
0.014991	0.590108
-0.692137	-1.570530
-0.326828	-0.074129
-0.280090	0.003805
-0.747519	-1.400721
0.092819	0.642472
-1.203299	-0.623993
0.454371	1.025440
0.333796	0.972469
-1.266174	-0.523377
0.261352	0.865889
-1.059403	-0.765113
-0.068713	0.541181
-0.584520	-0.654046
-0.619484	-1.655454
-0.342836	0.078130
-0.426602	-0.038622
-0.545626	-1.815950
-0.476972	-0.177934
-0.230239	0.213475
-0.805569	-1.067372
0.136148	0.710291
-1.228952	-0.577447
0.430612	1.083732
0.315270	1.018936
-1.278043	-0.481496
0.298821	0.991141
0.465218	1.079515
-1.200962	-0.617088
0.085599	0.658764
-0.743904	-1.366989
-0.275856	0.052649
-0.364627	-0.090185
-0.643406	-1.672532
-0.051326	0.500142
-1.078249	-0.778737
0.326309	0.811002
-1.244540	-0.597317
0.227988	0.702482
-0.892714	-0.976920
-0.180313	0.293679
-0.499240	-0.261846
-0.556905	-1.795103
-0.406094	-0.001023
-0.374291	0.042002
-0.584229	-1.739683
-0.537856	-0.424036
-0.116890	0.426162
-0.992227	-0.860433
0.286148	0.751470
-1.246125	-0.599659
0.266002	0.730101
-0.953920	-0.900577
-0.142178	0.381594
-0.529059	-0.351261
-0.566598	-1.765510
-0.382471	0.057855
-0.428063	-0.003749
-0.529532	-1.832794
-0.478637	-0.141601
-0.260045	0.188013
-0.748120	-1.120256
0.067815	0.703358
-1.194256	-0.596239
0.489211	1.246343
0.203831	1.022881
-1.279767	-0.398903
0.003465	1.134877
-1.167354	-0.351944
-0.367473	0.933384
-0.702752	0.032080
-0.597757	0.131260
-0.270764	-1.898670
-0.406546	0.655799
-1.024565	-0.259249
-0.152762	1.297213
-1.322820	-0.088725
-0.471415	1.085377
-0.713381	0.310054
-1.089709	0.052985
-0.281752	1.828126
-1.039982	0.040232
-0.706474	0.277008
-0.455862	1.060954
-1.308871	-0.141463
0.194671	1.546454
-0.008874	1.313220
-1.169632	-0.245128
-0.467197	0.805792
-0.613414	0.357106
-1.058664	-0.019340
-0.221824	1.732891
-0.172633	1.893492
-1.117374	0.006860
-0.640258	0.388978
-0.483059	0.891641
-1.231601	-0.217025
0.069318	1.321838
0.183201	1.438724
-1.299635	-0.171913
-0.441723	1.052168
-0.706619	0.242773
-0.987198	0.037061
-0.316201	1.689038
-1.145498	0.076836
-0.720720	0.352856
-0.492530	1.108940
-1.332319	-0.027213
-0.310892	1.269230
-0.859342	-0.071348
-0.499085	0.295484
-0.288388	-2.040081
-0.470819	0.373973
-0.916302	-0.109856
-0.275237	1.353002
-1.307588	0.022606
-0.618861	0.856424
-0.653579	0.726068
-1.292084	0.067361
-0.317882	1.388098
-0.894059	-0.032397
-0.570215	0.264061
-0.213359	-2.022657
-0.442261	0.628681
-1.056404	-0.219025
-0.136457	1.376115
0.120616	1.792930
-1.290391	-0.045771
-0.587476	0.850993
-0.640134	0.659714
-1.266758	0.034832
-0.249243	1.437160
-0.963864	-0.111394
-0.484729	0.404360
-0.250453	-2.064364
-0.498702	0.365584
-0.941442	-0.093206
-0.270215	1.421143
-1.275942	0.045792
-0.645175	0.680040
-0.597791	0.855443
-1.297323	-0.023430
-0.182809	1.368109
-1.008349	-0.202235
-0.429799	0.563706
-0.264016	-2.001954
-0.561522	0.199858
-0.785332	-0.013236
-0.346307	1.134657
-1.314926	-0.186927
0.228129	1.486237
0.037109	1.282142
-1.205335	-0.248540
-0.463206	0.875483
-0.637813	0.335262
-1.057076	-0.001965
-0.234910	1.768715
-0.196282	1.922608
-1.105323	0.017305
-0.656200	0.362889
-0.477242	0.934174
-1.251535	-0.209964
0.099222	1.326157
0.177160	1.403559
-1.295525	-0.183740
-0.436402	1.048373
-0.706746	0.229392
-0.965542	0.037244
-0.327865	1.635711
-1.170249	0.087728
-0.719188	0.379374
-0.503548	1.104994
-1.332969	-0.013732
-0.336510	1.264309
-0.838073	-0.020350
-0.570916	0.226845
-0.236331	-2.005162
-0.433390	0.613007
-1.037840	-0.219925
-0.152869	1.365418
-1.296886	-0.041057
-0.585581	0.875350
-0.648565	0.645524
-1.267672	0.050106
-0.272555	1.437469
-0.944508	-0.083991
-0.510344	0.355182
-0.238730	-2.068354
-0.478330	0.446129
-0.991940	-0.127731
-0.223576	1.458465
-1.253950	0.019905
-0.632337	0.635253
-0.574959	0.841119
-1.279179	-0.073586
0.113784	1.641825
-0.079824	1.388375
-1.113403	-0.215543
-0.468348	0.684575
-0.141357	-2.058418
-0.575400	0.365810
-1.028762	-0.047430
-0.233316	1.635888
-1.162452	0.017068
-0.641915	0.439553
-0.502545	0.898742
-1.250910	-0.184611
0.093769	1.374501
0.127850	1.409118
-1.272770	-0.167318
-0.500329	0.943777
-0.658653	0.421240
-1.161569	0.032512
-0.254675	1.642964
-1.015092	-0.029486
-0.597881	0.332560
-0.135621	-1.998537
-0.458659	0.750079
-1.132109	-0.245147
-0.052462	1.333186
0.172512	1.612248
-1.304240	-0.108142
-0.512352	0.997977
-0.679309	0.433494
-1.187284	0.061170
-0.289623	1.596457
-0.978438	-0.013466
-0.618658	0.288665
-0.445895	0.803153
-1.145831	-0.270391
-0.032354	1.284551
0.226330	1.599206
-1.319169	-0.155949
-0.380861	1.129401
-0.760891	0.075187
-0.713931	0.114160
-0.393845	1.018317
-1.256071	-0.270911
0.116644	1.215290
0.297920	1.387810
-1.313955	-0.294612
0.330296	1.609681
0.000706	1.193430
-1.168758	-0.315831
-0.407182	0.894778
-0.665296	0.159304
-0.808996	0.037284
-0.364681	1.235583
-1.335939	-0.025376
-0.447749	1.163766
-0.747266	0.236364
-1.007180	0.060088
-0.320803	1.777329
-1.109094	0.080037
-0.746292	0.306526
-0.479562	1.174731
-1.336745	0.031646
-0.482415	1.170644
-0.744751	0.314405
-1.117078	0.081541
-0.323780	1.756586
-1.000581	0.059111
-0.745684	0.232866
-0.445905	1.158705
-1.335285	-0.034692
-0.340362	1.244300
-0.828328	-0.014869
-0.576568	0.216838
-0.236199	-1.993373
-0.430015	0.628347
-1.040979	-0.229093
-0.147431	1.353324
-1.302132	-0.049552
-0.572916	0.912799
-0.658630	0.602594
-1.259804	0.065521
-0.292457	1.454302
-0.934108	-0.052960
-0.549698	0.309163
-0.210888	-2.055758
-0.456982	0.574418
-1.048212	-0.186161
-0.154473	1.424974
0.071412	1.809397
-1.266127	-0.025719
-0.607121	0.730445
0.146280	-2.111308
-0.601690	0.750227
-1.268291	-0.035292
0.079742	1.764204
-0.139679	1.418002
-1.061140	-0.193775
-0.457888	0.597876
-0.198436	-2.056571
-0.555235	0.317890
-0.950780	-0.052423
-0.284660	1.490008
-1.241339	0.062339
-0.660243	0.551626
-0.553274	0.931290
-1.298246	-0.078928
0.149482	1.680441
-0.091050	1.352595
-1.097579	-0.237645
-0.450155	0.697212
-0.170836	-2.016628
-0.585310	0.302451
-0.962878	-0.033758
-0.287701	1.538048
-1.216677	0.063492
-0.668746	0.489924
-0.531677	0.964839
-1.299880	-0.098796
0.160383	1.621183
-0.059715	1.344054
-1.126591	-0.239668
-0.460027	0.734978
-0.137995	-2.015269
-0.592942	0.337959
-1.015758	-0.033353
-0.252099	1.638659
-1.163490	0.030893
-0.656201	0.425441
-0.501471	0.937469
-1.270133	-0.169294
0.123467	1.404782
0.098061	1.378274
-1.253832	-0.181853
-0.503035	0.902989
-0.643730	0.439921
-1.163906	0.018945
-0.235982	1.633247
-1.026242	-0.046164
-0.576264	0.362015
-0.142300	-2.056175
-0.467413	0.686959
-1.113186	-0.217371
-0.079655	1.386138
0.116509	1.642344
-1.280627	-0.074055
-0.573741	0.847368
-0.634417	0.630106
-1.253609	0.023472
-0.228982	1.459440
-0.987570	-0.121850
-0.481835	0.434946
-0.238672	-2.069606
-0.506537	0.365774
-0.950982	-0.089031
-0.266933	1.444165
-1.264181	0.047404
-0.647313	0.636534
-0.581616	0.875533
-1.294744	-0.049272
0.129256	1.806996
-0.136308	1.366851
-1.054919	-0.224188
-0.438852	0.634304
-0.217211	-2.013531
-0.573407	0.252671
-0.879797	-0.028353
-0.324226	1.359940
-1.304527	0.058346
-0.643024	0.799670
0.256685	-2.061295
-0.642429	0.802361
-1.304787	0.057511
-0.323622	1.358882
-0.880024	-0.029174
-0.571533	0.253461
-0.218468	-2.016566
-0.439529	0.628748
-1.052934	-0.221373
-0.138999	1.371175
0.124995	1.813480
-1.293063	-0.046232
-0.585199	0.863771
-0.644117	0.649525
-1.266141	0.041865
-0.259663	1.439347
-0.955680	-0.098862
-0.495938	0.381847
-0.245335	-2.067658
-0.489365	0.401119
-0.965874	-0.107866
-0.249650	1.445896
-1.262455	0.036173
-0.641121	0.643356
-0.581699	0.859119
-1.289432	-0.055119
0.123680	1.737761
-0.119976	1.375152
-1.072644	-0.222714
-0.447535	0.649168
-0.194789	-2.029078
-0.573244	0.287616
-0.930294	-0.037099
-0.302212	1.465265
-1.254595	0.073450
-0.664483	0.578064
-0.565670	0.934273
-1.305421	-0.052427
-0.149578	1.345670
-1.037386	-0.232036
-0.426606	0.629557
-0.241994	-1.983660
-0.578865	0.204561
-0.809639	-0.009786
-0.345149	1.201638
-1.334547	-0.089274
-0.281974	1.236854
-0.874064	-0.135357
-0.426130	0.387129
-0.352471	-1.972293
-0.529335	0.111471
-0.611683	0.024311
-0.381792	0.634425
-0.982768	-0.267990
-0.181803	1.249098
-1.331080	-0.132183
-0.307877	1.194366
-0.836817	-0.094239
-0.459060	0.315016
-0.336419	-2.006234
-0.495323	0.217550
-0.745694	-0.042101
-0.341290	1.004062
-1.215276	-0.344041
0.062841	1.112034
0.424471	1.552260
-1.260839	-0.453471
0.169255	0.917680
-1.050543	-0.724119
-0.077752	0.613193
-0.643506	-0.616075
-0.310515	0.253959
-0.593960	-0.130480
-0.429195	-1.783479
-0.365341	0.457196
-0.854648	-0.193714
-0.269967	1.133317
-1.300721	-0.259548
0.213042	1.282097
0.213267	1.281991
-1.300790	-0.259535
-0.269466	1.133254
-0.855253	-0.194334
-0.364879	0.458135
-0.429458	-1.780246
-0.594693	-0.131627
-0.309520	0.254824
-0.645263	-0.620425
-0.076605	0.615939
-1.052127	-0.721654
0.167398	0.919161
-1.260427	-0.451781
0.424693	1.590068
0.054554	1.111369
-1.209027	-0.346693
-0.344270	0.995118
-0.740533	-0.033901
-0.505139	0.206911
-0.329034	-2.008089
-0.452517	0.349727
-0.868156	-0.109853
-0.293440	1.251406
-1.334327	-0.061979
-0.414777	1.168027
-0.758993	0.157595
-0.873629	0.072100
-0.375665	1.431646
-1.269448	0.120907
-0.689718	0.581759
-0.578016	0.993233
-1.325185	0.015656
-0.324904	1.300595
-0.859188	-0.037695
-0.549994	0.254797
-0.243877	-2.033257
-0.444605	0.550585
-1.019707	-0.186441
-0.179213	1.403035
-1.279917	-0.014201
-0.611712	0.766771
0.175158	-2.100130
-0.617160	0.747193
-1.277631	-0.005482
-0.191993	1.408737
-1.008812	-0.174890
-0.447257	0.525440
-0.250728	-2.036676
-0.543003	0.258384
-0.856533	-0.041979
-0.323904	1.291138
-1.327788	0.005486
-0.557924	1.028049
-0.697478	0.525745
-1.251762	0.119731
-0.367098	1.468347
-0.890911	0.062109
-0.742730	0.171706
-0.418941	1.129338
-1.325876	-0.109613
-0.142965	1.281751
-1.032288	-0.272515
-0.403228	0.679488
-0.269238	-1.839368
-0.605959	0.124045
-0.696634	0.038134
-0.369870	0.919566
-1.156890	-0.353409
-0.008177	1.140685
-1.284092	-0.386050
0.212548	1.051413
0.455508	1.238978
-1.224930	-0.556027
0.116724	0.750170
-0.820068	-0.954542
-0.219217	0.306206
-0.547372	-0.218335
-0.502605	-1.813013
-0.379949	0.222602
-0.631135	-0.084124
-0.357311	0.620294
-0.943951	-0.277973
-0.204028	1.190039
-1.322352	-0.213006
0.269903	1.564302
-0.002000	1.246083
-1.170194	-0.284000
-0.436952	0.858084
-0.639725	0.256788
-0.951436	0.000761
-0.312725	1.556736
-1.208352	0.081036
-0.688252	0.454457
-0.524512	1.018988
-1.316531	-0.067606
-0.156824	1.318043
-1.024415	-0.244747
-0.413898	0.635983
-0.263629	-1.941516
-0.588199	0.155648
-0.736765	0.015325
-0.360091	1.022251
-1.241578	-0.308410
0.097844	1.155552
0.369768	1.428342
-1.294401	-0.384364
0.259551	1.107194
0.378657	1.194234
-1.274232	-0.471307
0.234059	0.927525
0.567018	1.117830
-1.102596	-0.708378
-0.033204	0.601997
-0.650585	-1.575682
-0.321944	0.089829
-0.425429	-0.058247
-0.554848	-1.806017
-0.476493	-0.201229
-0.213486	0.229303
-0.836392	-1.043888
0.173933	0.703675
-1.238979	-0.582904
0.390238	0.964437
0.415617	0.972469
-1.224589	-0.604529
0.138337	0.663882
-0.785722	-1.239485
-0.249349	0.091285
-0.383555	-0.129971
-0.631260	-1.702711
-0.073971	0.443587
-1.049779	-0.825533
0.344514	0.721566
-1.224533	-0.647980
0.177948	0.582730
-0.807868	-1.315618
-0.251910	-0.063758
-0.276639	-0.113543
-0.776980	-1.399888
0.134113	0.598686
-1.215888	-0.640498
0.398841	0.842397
0.467045	0.822035
-1.167775	-0.696949
0.047181	0.542675
-0.727564	-1.562991
-0.149787	0.096749
-0.951097	-1.059636
-1.154857	-0.808261
0.063576	0.239732
-0.828432	-1.459079
0.079301	0.265754
-1.164115	-0.792039
-0.945870	-1.058263
-0.152896	0.112538
-0.354919	-0.367580
-0.713748	-1.587340
0.027273	0.531915
-1.152972	-0.712689
0.483046	0.794956
0.386175	0.834991
-1.221945	-0.633100
0.149789	0.611023
-0.787557	-1.346157
-0.262468	-0.045630
-0.288151	-0.094432
-0.755556	-1.438647
0.103782	0.612270
-1.205596	-0.638084
0.434700	0.931554
0.394632	0.923447
-1.230423	-0.604504
0.158247	0.663983
-0.802738	-1.192158
-0.238463	0.113080
-0.395412	-0.147350
-0.622336	-1.720299
-0.504192	-0.524051
-0.091642	0.403085
-1.026582	-0.859883
0.345873	0.655026
-1.215169	-0.671669
0.160295	0.532404
-0.800769	-1.403706
-0.180309	-0.055435
-0.916930	-1.146274
-1.168274	-0.796641
0.096641	0.134638
-0.846715	-1.431152
-1.152223	-0.823896
-0.932541	-1.127890
-0.169332	-0.059726
-0.806664	-1.399509
0.166421	0.514409
-1.214389	-0.679024
0.332680	0.610791
-0.994686	-0.900604
-0.114872	0.359128
-0.490900	-0.419522
-0.609832	-1.739650
-0.406236	-0.147820
-0.239515	0.124389
-0.798909	-1.182889
0.150759	0.671550
-1.229343	-0.599754
0.405133	0.959171
0.406346	0.959172
-1.228640	-0.600815
0.149067	0.670400
-0.796771	-1.193266
-0.241167	0.118305
-0.401653	-0.145180
-0.614141	-1.732687
-0.496376	-0.454439
-0.105759	0.376750
-1.007426	-0.884076
0.338482	0.626334
-1.214325	-0.676948
0.162946	0.520625
-0.804018	-1.404292
-0.169925	-0.054644
-0.931412	-1.127952
-1.153835	-0.821066
0.068238	0.100213
-0.846410	-1.431852
0.093864	0.143776
-1.167050	-0.798454
-0.918636	-1.143140
-0.178866	-0.049774
-0.798722	-1.408385
0.157228	0.534389
-1.214773	-0.670682
0.350135	0.665409
-1.035787	-0.849575
-0.084615	0.413563
-0.506780	-0.575886
-0.627591	-1.713434
-0.393514	-0.156575
-0.231545	0.114826
-0.815302	-1.174681
0.175072	0.654568
-1.233106	-0.610438
0.373243	0.864844
0.484441	0.850984
-1.157507	-0.701786
0.031794	0.548032
-0.713759	-1.578737
-0.345463	-0.284855
-0.173731	0.084217
-0.916519	-1.097047
-1.187353	-0.754128
0.130864	0.314802
-0.832353	-1.440453
0.003363	0.097846
-1.112509	-0.882601
-0.972584	-1.070224
-0.137480	-0.014940
-0.799658	-1.432034
0.150098	0.507417
-1.210027	-0.683504
0.347759	0.616793
-1.018897	-0.874056
-0.097281	0.385113
-0.495924	-0.495185
-0.621839	-1.724213
-0.401696	-0.169201
-0.224180	0.130578
-0.826874	-1.148498
0.188115	0.651807
-1.234906	-0.613561
0.357393	0.827515
-1.120843	-0.742562
-0.010334	0.518520
-0.682207	-1.629984
-0.362478	-0.223711
-0.193403	0.099281
-0.884007	-1.119477
0.266954	0.484628
-1.215159	-0.694697
0.213613	0.471803
-0.837328	-1.304287
-0.243769	-0.204626
-0.225503	-0.151487
-0.859058	-1.254307
0.239522	0.330932
-1.207488	-0.718466
0.217870	0.370780
-0.846299	-1.316581
-0.187496	-0.224692
-0.914580	-1.172721
-1.163570	-0.809304
-0.854300	-1.420265
-1.157443	-0.819591
-0.921198	-1.162137
-0.182249	-0.208502
-0.843964	-1.324062
0.214418	0.383449
-1.207995	-0.716690
0.244884	0.343568
-0.862549	-1.234991
-0.219817	-0.098569
-0.261441	-0.204874
-0.812310	-1.353766
0.181157	0.536484
-1.219426	-0.669233
0.324289	0.632008
-0.987868	-0.903882
-0.119672	0.359132
-0.494445	-0.403085
-0.603707	-1.745232
-0.403913	-0.120716
-0.259325	0.107648
-0.763493	-1.256058
0.105686	0.676871
-1.212869	-0.601096
0.451087	1.081366
0.305699	1.002080
-1.278101	-0.481558
0.308418	1.007390
0.445365	1.081757
-1.217509	-0.594709
0.114046	0.685552
-0.773380	-1.201145
-0.251833	0.135124
-0.423001	-0.136048
-0.586412	-1.771476
-0.473780	-0.286075
-0.163660	0.278976
-0.921539	-0.979903
0.274367	0.640972
-1.232195	-0.644583
0.246538	0.618278
-0.879280	-1.063860
-0.191689	0.188847
-0.426286	-0.226360
-0.612284	-1.743157
-0.466932	-0.358547
-0.133525	0.302545
-0.968033	-0.945572
0.324539	0.531153
-1.209106	-0.695284
0.161049	0.477058
-0.810563	-1.420044
-0.123334	-0.028778
-0.990523	-1.051320
-1.090939	-0.915546
-0.023637	0.058372
-0.828852	-1.436452
0.143120	0.349488
-1.193324	-0.740947
-0.916277	-1.083607
-0.172580	0.113621
-0.362486	-0.276804
-0.692987	-1.617869
0.001039	0.519360
-1.131036	-0.734587
0.369220	0.824587
-1.229007	-0.624036
0.170721	0.629106
-0.805412	-1.253008
-0.243062	0.043399
-0.342934	-0.132377
-0.684681	-1.604931
0.001018	0.558520
-1.133482	-0.713091
0.519476	0.909700
0.324575	0.888696
-1.256964	-0.557804
0.252851	0.795733
-0.987358	-0.840156
-0.120456	0.460041
-0.563606	-0.427009
-0.573156	-1.723154
-0.358906	0.133512
-0.501195	-0.052738
-0.467467	-1.887375
-0.421182	0.159785
-0.589388	-0.038166
-0.380472	-1.842091
-0.379185	0.510915
-0.910514	-0.210950
-0.241294	1.222106
-1.332085	-0.138210
-0.228298	1.227242
-0.925942	-0.227169
-0.376022	0.542359
-0.374093	-1.810937
-0.598144	-0.036475
-0.427142	0.161893
-0.457867	-1.899113
-0.496532	-0.021807
-0.394213	0.106517
-0.529577	-1.811082
-0.520580	-0.234045
-0.201096	0.295415
-0.855113	-0.975985
0.172581	0.733711
-1.242279	-0.565562
0.400208	1.029478
0.367934	1.013466
-1.257788	-0.537980
0.219056	0.802872
-0.959346	-0.847602
-0.138717	0.455705
-0.577205	-0.386159
-0.553746	-1.719843
-0.353077	0.207552
-0.585384	-0.088981
-0.411947	-1.827249
-0.374015	0.458284
-0.867008	-0.189952
-0.266550	1.163554
-1.316827	-0.214448
0.247501	1.458210
0.059840	1.264081
-1.221394	-0.252554
-0.453404	0.914216
-0.653650	0.300230
-1.026860	0.006925
-0.268242	1.729829
-1.124727	0.040663
-0.681837	0.360940
-0.483539	1.005167
-1.293913	-0.152291
0.165228	1.467009
0.045269	1.339306
-1.215401	-0.212712
-0.491294	0.848135
-0.624335	0.421810
-1.132262	-0.004950
-0.144211	1.859003
-0.206203	1.691430
-1.061330	-0.040542
-0.586179	0.385666
-0.113824	-2.050398
-0.474325	0.726140
-1.138465	-0.221544
-0.050339	1.371512
0.132616	1.595711
-1.285989	-0.093211
-0.555154	0.894619
-0.647240	0.569976
-1.240045	0.042536
-0.256502	1.488908
-0.972485	-0.083786
-0.518635	0.372075
-0.216902	-2.077766
-0.479421	0.484445
-1.022221	-0.138345
-0.195267	1.478804
-1.240120	0.001274
-0.621540	0.617894
0.097874	-2.038443
-0.564208	0.819991
-1.264129	-0.097956
0.095959	1.560963
-0.031750	1.407455
-1.159028	-0.195211
-0.495386	0.719265
-0.076027	-2.084766
-0.580442	0.454059
-1.115192	-0.048390
-0.140020	1.717533
-0.146085	1.704846
-1.108611	-0.052068
-0.576136	0.451011
-0.084069	-2.088997
-0.494185	0.705710
-1.151798	-0.193620
-0.041052	1.415192
0.088705	1.573122
-1.260724	-0.092423
-0.568576	0.801042
0.100924	-2.074432
-0.615775	0.635303
-1.241775	-0.009069
0.023218	1.883520
-0.179702	1.472514
-1.034897	-0.149436
-0.475249	0.510951
-0.210115	-2.077265
-0.526636	0.364138
-0.972782	-0.077769
-0.259416	1.498432
-1.235350	0.044614
-0.649276	0.554694
-0.550217	0.903782
-1.286191	-0.099072
0.134823	1.580653
-0.040509	1.369173
-1.147128	-0.220215
-0.477700	0.736548
-0.103277	-2.049528
-0.588826	0.396443
-1.074429	-0.038994
-0.193390	1.710195
-0.151475	1.816229
-1.121991	-0.014199
-0.615281	0.419204
-0.488701	0.821945
-1.199284	-0.218005
0.024099	1.341900
0.163647	1.493432
-1.294647	-0.141002
-0.495425	0.994236
-0.677386	0.394008
-1.153135	0.045858
-0.274106	1.665675
-1.007421	-0.006926
-0.631259	0.300725
-0.450719	0.847003
-1.176249	-0.267596
0.002794	1.270700
0.242347	1.542665
-1.319684	-0.185179
-0.314323	1.156291
-0.818636	-0.087675
-0.460096	0.299496
-0.342980	-2.002108
-0.492076	0.213307
-0.736198	-0.041076
-0.342834	0.977770
-1.191243	-0.359695
0.032809	1.104848
-1.252528	-0.459201
0.149142	0.904559
-1.021882	-0.736544
-0.098838	0.605315
-0.649541	-0.550634
-0.308889	0.311474
-0.651889	-0.155858
-0.339496	0.630557
-0.926618	-0.295193
-0.209537	1.143291
-1.298754	-0.287955
0.217715	1.231754
0.263520	1.270503
-1.307811	-0.304089
-0.073265	1.173667
-1.093321	-0.349784
-0.375004	0.835791
-0.667922	0.046249
-0.602364	0.108907
-0.281303	-1.862991
-0.400843	0.658600
-1.018714	-0.265078
-0.155953	1.284786
-1.325877	-0.100100
-0.435081	1.119593
-0.733841	0.213897
-0.959565	0.051819
-0.339948	1.638342
-1.168968	0.096810
-0.731290	0.369426
-0.503384	1.136994
-1.336161	0.023535
-0.437203	1.213481
-0.768930	0.204086
-0.966040	0.069889
-0.349215	1.677628
-1.150607	0.101832
-0.751874	0.338817
-0.496154	1.191917
-1.334562	0.074907
-0.565377	1.083326
-0.719488	0.521658
-1.260370	0.157553
-0.422436	1.438742
-0.856668	0.156456
-0.921474	0.115309
-0.392920	1.598106
-1.185244	0.138258
-0.770285	0.363420
-0.513378	1.241601
-1.321741	0.147036
-0.671087	0.862774
-0.677002	0.839747
-1.319681	0.151270
-0.510891	1.250127
-0.773546	0.356614
-1.179945	0.136438
-0.391618	1.609017
-0.925547	0.115099
-0.855608	0.158676
-0.423687	1.437165
-1.261054	0.158362
-0.719469	0.522698
-0.566099	1.083100
-1.334540	0.075768
-0.497433	1.190466
-0.751522	0.342526
-1.153618	0.102858
-0.350722	1.670728
-0.963345	0.070668
-0.769996	0.201807
-0.436512	1.216204
-1.335998	0.025462
-0.508589	1.131274
-0.729317	0.382904
-1.179830	0.101291
-0.344835	1.615175
-0.950085	0.053573
-0.736045	0.207110
-0.432780	1.123779
-1.326660	-0.098102
-0.164724	1.282584
-1.008761	-0.260880
-0.398024	0.644701
-0.291565	-1.861237
-0.601327	0.094781
-0.641106	0.055149
-0.381317	0.755501
-1.046514	-0.321945
-0.119890	1.213800
-1.324901	-0.215835
-0.072354	1.225835
-1.100104	-0.315897
-0.403049	0.802652
-0.639323	0.142534
-0.756718	0.037197
-0.366668	1.093546
-1.297442	-0.221548
0.191983	1.336684
0.161449	1.307692
-1.283886	-0.224012
-0.406345	1.049522
-0.718730	0.147687
-0.828086	0.060538
-0.373982	1.302249
-1.322952	0.054350
-0.614858	0.935526
-0.681073	0.684411
-1.293790	0.120839
-0.399591	1.373616
-0.841938	0.113854
-0.830900	0.121102
-0.403569	1.348450
-1.304128	0.111394
-0.671672	0.748192
-0.635346	0.888411
-1.319483	0.074021
-0.390145	1.309656
-0.822659	0.094557
-0.783726	0.123243
-0.402355	1.220369
-1.336549	-0.007572
-0.458582	1.165980
-0.745989	0.261472
-1.045142	0.063701
-0.298126	1.904785
-1.068841	0.068290
-0.746097	0.277113
-0.465904	1.169923
-1.336833	0.006759
-0.432985	1.203693
-0.766435	0.195856
-0.949767	0.069045
-0.354979	1.632167
-1.171556	0.108217
-0.744135	0.364115
-0.505199	1.171196
-1.335704	0.065499
-0.536967	1.123914
-0.729169	0.446987
-1.227490	0.137295
-0.387991	1.513678
-0.896156	0.100759
-0.821397	0.150609
-0.418136	1.337498
-1.306611	0.117460
-0.673338	0.758276
-0.639950	0.887686
-1.320444	0.084495
-0.410164	1.300918
-0.810829	0.136366
-0.862147	0.099809
-0.391556	1.420321
-1.273359	0.130310
-0.693846	0.588078
-0.582357	1.001055
-1.327497	0.031383
-0.361923	1.287813
-0.829759	0.035089
-0.668836	0.168801
-0.410376	0.911531
-1.183603	-0.309088
0.017532	1.195032
0.329538	1.564141
-1.313659	-0.298229
0.301385	1.390407
0.115170	1.212089
-1.255067	-0.272448
-0.392945	1.017182
-0.714180	0.111773
-0.756089	0.076537
-0.381363	1.117182
-1.313845	-0.172664
0.219057	1.506406
0.021676	1.290829
-1.193611	-0.248400
-0.465189	0.852425
-0.629536	0.344820
-1.060436	-0.007790
-0.227743	1.761543
-0.189716	1.898387
-1.106972	0.011808
-0.648709	0.370867
-0.478378	0.913729
-1.240549	-0.216862
0.082878	1.317400
0.187256	1.422630
-1.300303	-0.180523
-0.426330	1.064287
-0.715961	0.200117
-0.922487	0.044502
-0.349460	1.535233
-1.219306	0.108859
-0.708229	0.452102
-0.531195	1.070274
-1.330861	-0.003949
-0.331457	1.276613
-0.845991	-0.029242
-0.559542	0.239225
-0.241709	-2.021374
-0.438794	0.578338
-1.027146	-0.201469
-0.167873	1.386220
-1.287693	-0.025168
-0.602615	0.812572
0.176441	-2.053136
-0.631071	0.708591
-1.275397	0.019372
-0.229820	1.418041
-0.975789	-0.139218
-0.461816	0.451479
-0.262661	-2.048574
-0.519292	0.291928
-0.876603	-0.061985
-0.310066	1.319142
-1.319992	0.021143
-0.597805	0.942915
-0.677684	0.644361
-1.282579	0.107745
-0.367054	1.404985
-0.868850	0.054831
-0.722181	0.167777
-0.414544	1.069020
-1.298622	-0.191609
0.186412	1.396170
0.106189	1.316684
-1.255294	-0.214174
-0.468878	0.949786
-0.663250	0.336790
-1.081769	0.017984
-0.224239	1.870759
-0.232120	1.837368
-1.071639	0.014798
-0.659922	0.330379
-0.465836	0.939748
-1.246746	-0.224458
0.093848	1.301063
0.204473	1.410683
-1.305347	-0.195705
-0.380754	1.100034
-0.750434	0.075287
-0.708351	0.110489
-0.392442	1.000267
-1.241090	-0.287628
0.094168	1.191292
0.328315	1.423789
-1.309944	-0.324342
0.310641	1.348584
0.147603	1.199159
-1.271645	-0.280383
-0.343168	1.067101
-0.764859	-0.027944
-0.526214	0.208617
-0.300974	-2.016205
-0.443523	0.435077
-0.939031	-0.144528
-0.250007	1.353068
-1.306984	0.007448
-0.609462	0.869857
-0.655043	0.699784
-1.286338	0.067381
-0.311300	1.400725
-0.902984	-0.040177
-0.560637	0.277210
-0.216624	-2.036972
-0.447212	0.600507
-1.048984	-0.203982
-0.147962	1.396895
0.098586	1.814571
-1.280604	-0.033727
-0.600101	0.794074
0.163919	-2.083881
-0.623146	0.710117
-1.270919	0.004034
-0.203659	1.423374
-1.001249	-0.159237
-0.455174	0.497662
-0.250528	-2.046950
-0.532701	0.281280
-0.877638	-0.053516
-0.313535	1.330275
-1.316170	0.032108
-0.613655	0.902486
-0.668559	0.695132
-1.291436	0.095483
-0.358915	1.386724
-0.866942	0.038343
-0.689060	0.180126
-0.415593	0.978226
-1.238360	-0.273318
0.087883	1.217846
0.298585	1.427399
-1.315803	-0.282993
0.325303	1.666995
-0.017515	1.197025
-1.152193	-0.320287
-0.405063	0.875479
-0.660197	0.152716
-0.792301	0.038649
-0.366071	1.192141
-1.334463	-0.082923
-0.280320	1.242041
-0.877316	-0.136646
-0.426054	0.390612
-0.350932	-1.972966
-0.529979	0.112841
-0.614551	0.023924
-0.380855	0.644149
-0.986332	-0.273397
-0.177926	1.245710
-1.330954	-0.139348
-0.287914	1.199775
-0.856861	-0.134805
-0.419518	0.378192
-0.367593	-1.956155
-0.532778	0.077221
-0.559543	0.047956
-0.356251	-1.931710
-0.403607	0.462111
-0.908819	-0.176401
-0.253443	1.260506
-1.332766	-0.076710
-0.410598	1.160832
-0.757990	0.147904
-0.854905	0.074711
-0.379117	1.383674
-1.291502	0.109144
-0.675705	0.682615
-0.612105	0.923760
-1.320057	0.040596
-0.340628	1.316424
-0.853522	-0.005005
-0.603916	0.216126
-0.209418	-1.911339
-0.425693	0.723668
-1.081171	-0.270459
-0.099738	1.300221
0.203399	1.770277
-1.319222	-0.110961
-0.457217	1.085193
-0.715474	0.275498
-1.044006	0.045911
-0.283224	1.853460
-1.082061	0.055542
-0.719704	0.300016
-0.469092	1.101566
-1.326985	-0.073323
-0.201746	1.287887
-0.969921	-0.228775
-0.396371	0.572855
-0.322122	-1.899783
-0.586725	0.064151
-0.578061	0.072563
-0.324288	-1.921810
-0.400752	0.547689
-0.961429	-0.214595
-0.211750	1.296610
-1.325343	-0.059128
-0.498155	1.072844
-0.707104	0.376794
-1.159323	0.072384
-0.309151	1.657720
-0.982904	0.022892
-0.680574	0.253117
-0.441002	0.980706
-1.256283	-0.236678
0.111557	1.275926
0.230472	1.390692
-1.310801	-0.222966
-0.293287	1.143858
-0.834108	-0.139304
-0.405260	0.373217
-0.393456	-1.921623
-0.543498	0.009644
-0.463055	0.101794
-0.437765	-1.926302
-0.462585	0.103497
-0.544932	0.008123
-0.392547	-1.920738
-0.404465	0.379002
-0.837915	-0.141701
-0.291437	1.150743
-1.313843	-0.214579
0.236897	1.427964
0.081688	1.271961
-1.237186	-0.242449
-0.453704	0.938180
-0.662043	0.296935
-1.029949	0.012436
-0.269388	1.746524
-1.118122	0.041883
-0.685667	0.351744
-0.481000	1.014942
-1.297416	-0.147902
0.171364	1.485216
0.031256	1.333895
-1.204351	-0.219915
-0.486971	0.834481
-0.619977	0.412401
-1.119914	-0.010310
-0.156901	1.828587
-0.198848	1.717047
-1.071869	-0.034088
-0.594204	0.387544
-0.102120	-2.034032
-0.475436	0.752488
-1.151738	-0.226642
-0.033783	1.356490
0.148580	1.573232
-1.292269	-0.106601
-0.536085	0.939533
-0.660100	0.509358
-1.221037	0.054632
-0.275001	1.527945
-0.969218	-0.050660
-0.561355	0.326986
-0.184471	-2.056719
-0.459257	0.623498
-1.074959	-0.202630
-0.123586	1.409370
0.090284	1.725766
-1.271795	-0.045575
-0.595177	0.775989
0.145800	-2.100681
-0.614626	0.706092
-1.263930	-0.012264
-0.175706	1.432035
-1.029596	-0.172664
-0.457393	0.539170
-0.226752	-2.054980
-0.541024	0.302622
-0.915308	-0.055855
-0.299478	1.412067
-1.281154	0.062852
-0.653550	0.682562
-0.602254	0.873376
-1.304596	-0.006975
-0.222170	1.356315
-0.966471	-0.174798
-0.429410	0.495468
-0.295860	-1.998698
-0.547095	0.174587
-0.730358	-0.005822
-0.353911	0.988120
-1.207806	-0.341437
0.052266	1.122098
0.413052	1.570691
-1.269583	-0.433681
0.186984	0.956492
0.567406	1.276167
-1.109323	-0.681135
-0.028694	0.642588
-0.656384	-0.899467
-0.659045	-1.447626
-0.303375	0.171977
-0.498885	-0.102824
-0.492617	-1.863331
-0.417935	0.114014
-0.524409	-0.015528
-0.425274	-1.912005
-0.411922	0.281781
-0.739800	-0.098379
-0.326718	0.940627
-1.143782	-0.392363
-0.017937	1.086094
-1.230521	-0.475608
0.106113	0.882716
-0.969462	-0.749128
-0.133848	0.590341
-0.665467	-0.468012
-0.304383	0.414433
-0.740850	-0.204923
-0.302939	0.849097
-1.034307	-0.418792
-0.113392	1.067291
-1.212326	-0.461503
0.073015	0.918940
-1.007233	-0.700932
-0.110435	0.659875
-0.701126	-0.550841
-0.283405	0.439331
-0.733683	-0.228940
-0.300868	0.807464
-0.995887	-0.409575
-0.143005	1.063132
-1.210975	-0.450525
0.069481	0.938349
-1.034749	-0.681145
-0.091637	0.684726
-0.712262	-0.599814
-0.276198	0.426665
-0.714513	-0.226934
-0.307540	0.756840
-0.963794	-0.384051
-0.168755	1.072581
-1.227006	-0.421906
0.090360	0.974098
-1.093122	-0.651249
-0.045950	0.705062
-0.715833	-0.713417
-0.272028	0.352188
-0.646930	-0.194997
-0.336099	0.583125
-0.896261	-0.271941
-0.230981	1.124025
-1.287764	-0.304354
0.190951	1.176806
0.327256	1.292835
-1.302733	-0.366043
0.313926	1.253218
0.226266	1.180788
-1.297080	-0.320021
-0.127096	1.151480
-1.028823	-0.359177
-0.349783	0.782963
-0.675188	-0.057003
-0.437523	0.210013
-0.420282	-1.935562
-0.494436	0.059480
-0.504754	0.047011
-0.414425	-1.935930
-0.430116	0.245388
-0.714445	-0.075883
-0.337295	0.887160
-1.100156	-0.390555
-0.061211	1.109322
-1.256578	-0.422485
0.147462	0.963484
-1.099658	-0.672406
-0.038624	0.665796
-0.676983	-0.764468
-0.291841	0.249065
-0.569516	-0.139850
-0.449664	-1.830347
-0.375532	0.362951
-0.785531	-0.147561
-0.303650	1.018490
-1.210527	-0.370965
0.059332	1.070685
-1.216938	-0.519817
0.090647	0.817533
-0.875914	-0.817245
-0.187826	0.469086
-0.638159	-0.321340
-0.326893	0.452096
-0.800004	-0.210848
-0.283591	0.992792
-1.172715	-0.409307
0.015588	1.037920
-1.170600	-0.554940
0.027323	0.799521
-0.828043	-0.781141
-0.213848	0.464051
-0.665010	-0.292325
-0.317834	0.557055
-0.857531	-0.269587
-0.248907	1.056076
-1.228341	-0.383628
0.087033	1.036727
-1.178803	-0.574124
0.040446	0.758964
-0.784381	-0.857925
-0.236533	0.353343
-0.606594	-0.220734
-0.470523	-1.680464
-0.350138	0.430425
-0.813552	-0.189227
-0.284860	1.046709
-1.231174	-0.362339
0.088607	1.070524
0.469720	1.543381
-1.220242	-0.525112
0.097936	0.806118
-0.866379	-0.837332
-0.193004	0.441606
-0.624811	-0.301526
-0.334605	0.426221
-0.789746	-0.194909
-0.290569	0.984094
-1.166709	-0.408232
0.008601	1.044459
-1.178871	-0.544251
0.036666	0.809989
-0.843508	-0.780784
-0.205673	0.480096
-0.666395	-0.308702
-0.315650	0.547626
-0.848975	-0.265870
-0.253289	1.043308
-1.215945	-0.393925
0.069647	1.028658
-1.164783	-0.581638
0.023113	0.760070
-0.779555	-0.825943
-0.238902	0.371291
-0.624455	-0.226929
-0.341651	0.485101
-0.843215	-0.218854
-0.267076	1.081862
-1.259663	-0.336503
0.134357	1.103300
0.423921	1.378163
-1.258632	-0.477122
0.173568	0.881089
-1.006783	-0.764355
-0.108666	0.567843
-0.628418	-0.507507
-0.321078	0.283149
-0.636768	-0.137250
-0.347492	0.597011
-0.918776	-0.272192
-0.219579	1.160729
-1.310385	-0.252513
0.242682	1.344675
0.151994	1.260322
-1.277038	-0.246923
-0.386963	1.051350
-0.729434	0.093665
-0.730846	0.092198
-0.386574	1.054871
-1.279208	-0.243908
0.155831	1.267836
0.234505	1.340302
-1.308836	-0.247312
-0.246415	1.152110
-0.885822	-0.231830
-0.353643	0.524972
-0.617444	-0.146456
-0.303729	0.282791
-0.656396	-0.619997
-0.077597	0.628862
-1.051320	-0.713637
0.151107	0.925470
-1.255093	-0.445986
0.003905	1.108048
-1.166076	-0.369042
-0.346557	0.948366
-0.724187	-0.033598
-0.497690	0.201084
-0.341938	-2.001122
-0.455301	0.316056
-0.832659	-0.096259
-0.308318	1.182935
-1.328304	-0.149413
-0.124003	1.256387
-1.048679	-0.293915
-0.398882	0.722132
-0.619753	0.116388
-0.693545	0.046584
-0.372586	0.915932
-1.155996	-0.351162
-0.009421	1.144907
-1.287230	-0.378383
0.220132	1.071466
0.431529	1.233174
-1.243936	-0.526523
0.153648	0.796252
-0.894293	-0.868896
-0.177538	0.420617
-0.592731	-0.310105
-0.517361	-1.714770
-0.349428	0.315350
-0.704100	-0.137961
-0.326281	0.805013
-1.019544	-0.386949
-0.129477	1.108159
-1.259896	-0.393142
0.147153	1.010787
0.525045	1.394464
-1.161135	-0.614739
0.022551	0.706568
-0.724670	-0.965597
-0.268582	0.234977
-0.531849	-0.150484
-0.484182	-1.848107
-0.394157	0.213120
-0.633610	-0.074117
-0.358109	0.636361
-0.953376	-0.285641
-0.196377	1.192054
-1.322616	-0.213860
0.271871	1.573527
-0.006085	1.244596
-1.166418	-0.286491
-0.434919	0.855199
-0.639581	0.250454
-0.941600	0.001310
-0.317699	1.535151
-1.219383	0.085587
-0.686701	0.473627
-0.532025	1.012249
-1.316928	-0.059677
-0.171046	1.319005
-1.009600	-0.236242
-0.411251	0.612442
-0.277867	-1.941848
-0.584459	0.139065
-0.704399	0.023345
-0.365037	0.933003
-1.164961	-0.355071
0.001059	1.132345
-1.277359	-0.403457
0.197844	1.012020
0.504045	1.255058
-1.179800	-0.612188
0.047928	0.690612
-0.726965	-1.205907
-0.271873	0.165459
-0.466235	-0.124592
-0.535124	-1.829648
-0.438267	-0.047248
-0.338100	0.091180
-0.622494	-1.640861
-0.592582	-0.677469
-0.064916	0.554024
-1.064514	-0.754799
0.593298	0.962719
0.252122	0.878614
-1.268434	-0.510152
0.348625	1.029265
0.401483	1.057181
-1.245282	-0.555163
0.176089	0.752770
-0.873231	-0.937609
-0.190216	0.338947
-0.544496	-0.261928
-0.523195	-1.795645
-0.378384	0.179838
-0.575813	-0.065243
-0.405583	-1.857434
-0.381154	0.442092
-0.863517	-0.178916
-0.271203	1.168144
-1.319387	-0.203415
0.251108	1.508531
0.025792	1.262340
-1.194976	-0.264327
-0.451347	0.875848
-0.640929	0.299659
-1.014557	-0.001438
-0.272564	1.690190
-1.142048	0.044247
-0.679658	0.379804
-0.490555	1.000081
-1.294972	-0.144687
0.165313	1.486561
0.029849	1.339759
-1.203669	-0.217059
-0.489173	0.829076
-0.617908	0.419468
-1.124402	-0.011719
-0.150050	1.827037
-0.197021	1.705968
-1.070967	-0.038785
-0.588493	0.392721
-0.105892	-2.049020
-0.476678	0.735122
-1.145204	-0.221332
-0.042599	1.369139
0.135213	1.583923
-1.286576	-0.097920
-0.550659	0.903517
-0.649484	0.556066
-1.235889	0.044864
-0.260020	1.497460
-0.972036	-0.076894
-0.526789	0.362994
-0.210392	-2.077045
-0.475010	0.511780
-1.034757	-0.150137
-0.179726	1.472469
0.023664	1.884430
-1.242074	-0.008833
-0.615810	0.635626
0.101515	-2.074736
-0.568885	0.801409
-1.260914	-0.092021
0.088858	1.574984
-0.042014	1.414652
-1.150942	-0.193609
-0.493730	0.704645
-0.085281	-2.088635
-0.575935	0.449908
-1.107317	-0.052497
-0.147619	1.704273
-0.139747	1.719995
-1.115867	-0.047107
-0.581513	0.453101
-0.074864	-2.083286
-0.495298	0.723215
-1.160333	-0.196432
-0.029945	1.405694
0.098229	1.558349
-1.265291	-0.098974
-0.563106	0.825325
0.097070	-2.020882
-0.623267	0.613852
-1.239766	0.003983
-0.199749	1.480159
-1.018575	-0.134752
-0.480978	0.476103
-0.218417	-2.077974
-0.516192	0.376266
-0.973431	-0.086473
-0.254832	1.487677
-1.240682	0.041505
-0.646396	0.572549
-0.556005	0.892395
-1.285458	-0.092966
0.131512	1.596361
-0.050640	1.372114
-1.138315	-0.220838
-0.474598	0.724628
-0.113685	-2.051365
-0.585799	0.386926
-1.061870	-0.041197
-0.205455	1.691823
-0.143967	1.856259
-1.132154	-0.005342
-0.623752	0.421738
-0.491349	0.847110
-1.214593	-0.212974
0.044152	1.339886
0.164853	1.467916
-1.293824	-0.151467
-0.484596	1.003486
-0.681307	0.364137
-1.127429	0.040841
-0.268761	1.723212
-1.025031	0.005812
-0.651453	0.300102
-0.453086	0.908267
-1.216915	-0.255238
0.053879	1.262869
0.249385	1.466418
-1.317437	-0.213614
-0.262878	1.165285
-0.871532	-0.195834
-0.371265	0.468991
-0.412706	-1.812425
-0.589888	-0.095225
-0.347110	0.216247
-0.560721	-1.697165
-0.585803	-0.414208
-0.130075	0.479355
-0.973057	-0.828780
0.216705	0.818860
-1.259725	-0.527264
0.374879	1.053452
0.367381	1.048940
-1.262875	-0.520950
0.227528	0.838280
-1.001768	-0.804898
-0.111158	0.508604
-0.588792	-0.471633
-0.578582	-1.677221
-0.343274	0.187587
-0.552248	-0.085243
-0.435203	-1.871940
-0.389764	0.339409
-0.779181	-0.131899
-0.309507	1.017336
-1.211910	-0.366437
0.060724	1.077390
-1.224714	-0.509951
0.102857	0.828981
-0.896794	-0.808976
-0.176226	0.490612
-0.639843	-0.346484
-0.324154	0.437329
-0.784817	-0.205378
-0.289612	0.961484
-1.141326	-0.420204
-0.017646	1.042562
-1.175301	-0.537197
0.031251	0.824915
-0.861762	-0.759625
-0.196191	0.518684
-0.681283	-0.339816
-0.306382	0.563796
-0.846492	-0.280295
-0.251001	1.022077
-1.191284	-0.415807
0.038719	1.012071
-1.136600	-0.594248
-0.007900	0.765307
-0.779892	-0.761806
-0.238970	0.421582
-0.664248	-0.249871
-0.322742	0.590910
-0.883181	-0.284507
-0.234086	1.086457
-1.255490	-0.357418
0.130164	1.068729
0.464631	1.401500
-1.224709	-0.531888
0.108581	0.791598
-0.856375	-0.865592
-0.198526	0.406807
-0.605459	-0.279157
-0.499051	-1.674642
-0.345504	0.380929
-0.764758	-0.168898
-0.303663	0.945245
-1.132434	-0.413196
-0.027414	1.059535
-1.197417	-0.511543
0.057922	0.848080
-0.900806	-0.759780
-0.174636	0.549080
-0.677332	-0.382569
-0.304446	0.516525
-0.815035	-0.255909
-0.268354	0.981572
-1.151889	-0.429718
-0.005641	1.020359
-1.144127	-0.569053
-0.002002	0.800585
-0.823437	-0.741993
-0.216796	0.495675
-0.690054	-0.306648
-0.306092	0.617050
-0.876636	-0.310460
-0.231349	1.045004
-1.210499	-0.410127
0.063780	1.005973
-1.132183	-0.608586
-0.011341	0.745156
-0.756761	-0.773725
-0.250709	0.378860
-0.644756	-0.221490
-0.333785	0.554167
-0.876891	-0.258641
-0.243356	1.105702
-1.274952	-0.323195
0.164075	1.130216
0.385627	1.325147
-1.281083	-0.434848
0.233990	0.988887
0.508965	1.173139
-1.169169	-0.637280
0.036731	0.657020
-0.708300	-1.426296
-0.291032	0.083040
-0.399796	-0.082623
-0.595267	-1.751963
-0.500761	-0.386202
-0.125388	0.360904
-0.979570	-0.905271
0.312289	0.658072
-1.226364	-0.654383
0.203027	0.574397
-0.827231	-1.252651
-0.235039	-0.008262
-0.306094	-0.145335
-0.739166	-1.494210
0.077977	0.598943
-1.191341	-0.653260
0.455820	0.942651
0.371183	0.923462
-1.243094	-0.582615
0.192812	0.710791
-0.859327	-1.006266
-0.199792	0.264837
-0.493947	-0.227442
-0.548784	-1.806413
-0.411662	0.001170
-0.379315	0.044771
-0.576033	-1.753235
-0.531863	-0.385618
-0.129159	0.401559
-0.973936	-0.881276
0.279370	0.735264
-1.245008	-0.603660
0.270144	0.726018
-0.956619	-0.900428
-0.140462	0.380791
-0.527020	-0.354833
-0.568959	-1.764648
-0.383590	0.047232
-0.416904	0.001943
-0.541383	-1.816465
-0.489125	-0.196587
-0.219448	0.237664
-0.824277	-1.035563
0.153432	0.715770
-1.235175	-0.574396
0.414966	1.046781
0.347368	1.012139
-1.266677	-0.517045
0.250334	0.865190
-1.049277	-0.769537
-0.076814	0.541076
-0.588256	-0.605446
-0.611495	-1.654806
-0.340901	0.109536
-0.460062	-0.053208
-0.512166	-1.854427
-0.448708	-0.022019
-0.370687	0.081326
-0.574665	-1.742957
-0.544902	-0.404100
-0.124780	0.426501
-0.980612	-0.863365
0.270433	0.761704
-1.250277	-0.585545
0.290652	0.785439
-1.020599	-0.826492
-0.097089	0.465331
-0.548739	-0.499811
-0.598807	-1.715297
-0.365759	0.037334
-0.395302	-0.004546
-0.572487	-1.772051
-0.510274	-0.330943
-0.147549	0.347494
-0.945799	-0.924983
0.274760	0.695810
-1.239949	-0.620300
0.263531	0.685073
-0.926106	-0.951604
-0.160124	0.317635
-0.499326	-0.300609
-0.570291	-1.780389
-0.404024	-0.028337
-0.343788	0.056455
-0.625497	-1.653693
-0.582947	-0.708811
-0.062589	0.542139
-1.066861	-0.760946
0.268382	0.866853
-1.265739	-0.527094
0.325118	0.949978
0.478121	1.008214
-1.181387	-0.652718
0.059174	0.613156
-0.724081	-1.502449
-0.306372	-0.078748
-0.273663	-0.021671
-0.764053	-1.381057
0.116468	0.631491
-1.213032	-0.624874
0.428057	0.951319
0.391274	0.941173
-1.234995	-0.593893
0.167186	0.684031
-0.818934	-1.111109
-0.225635	0.173762
-0.438271	-0.174656
-0.583184	-1.777896
-0.457536	-0.231111
-0.191445	0.228555
-0.876778	-1.033464
0.231383	0.662059
-1.238922	-0.619041
0.308380	0.738554
-1.011627	-0.851431
-0.103186	0.430072
-0.529517	-0.469312
-0.599841	-1.730151
-0.378468	-0.015723
-0.346022	0.030661
-0.630866	-1.654806
-0.057467	0.539289
-1.072811	-0.759430
0.277886	0.864142
-1.264205	-0.534961
0.311811	0.912480
0.515878	0.967232
-1.142578	-0.697186
0.010192	0.577696
-0.689761	-1.585092
-0.333368	-0.100681
-0.262473	0.019899
-0.774921	-1.327235
0.130219	0.641542
-1.219343	-0.617528
0.417166	0.943441
0.404435	0.940068
-1.227018	-0.606841
0.147741	0.659587
-0.792322	-1.231934
-0.246073	0.088752
-0.379659	-0.133835
-0.637274	-1.693262
-0.065439	0.458083
-1.060465	-0.811562
0.344911	0.743170
-1.227503	-0.639808
0.183063	0.600323
-0.812424	-1.274136
-0.243368	-0.003346
-0.311010	-0.129843
-0.728736	-1.511592
0.063587	0.599496
-1.183058	-0.658067
0.470140	0.967784
0.348780	0.932380
-1.254624	-0.557598
0.228672	0.775523
-0.944950	-0.876340
-0.147676	0.417633
-0.559570	-0.353440
-0.549987	-1.750598
-0.364432	0.169532
-0.549653	-0.066519
-0.427774	-1.882446
-0.393128	0.343290
-0.787466	-0.131978
-0.307504	1.038366
-1.231859	-0.349337
0.087951	1.091688
0.445576	1.498838
-1.243160	-0.491101
0.137043	0.853232
-0.947859	-0.791110
-0.146451	0.531119
-0.635970	-0.411442
-0.321683	0.374874
-0.728554	-0.177572
-0.311826	0.839993
-1.034639	-0.409099
-0.114498	1.081341
-1.229480	-0.441350
0.097628	0.940557
-1.047071	-0.688433
-0.082036	0.670189
-0.694171	-0.617889
-0.284624	0.373383
-0.680893	-0.196462
-0.323520	0.686039
-0.937227	-0.336240
-0.194260	1.105885
-1.266109	-0.358306
0.152464	1.068637
0.458841	1.350412
-1.228503	-0.532997
0.117047	0.787509
-0.857773	-0.876077
-0.197835	0.397322
-0.597592	-0.275831
-0.500171	-1.711773
-0.349569	0.357733
-0.747545	-0.156607
-0.311000	0.910869
-1.101664	-0.413796
-0.056997	1.072083
-1.214374	-0.481528
0.079218	0.883874
-0.959023	-0.736634
-0.140739	0.604507
-0.681840	-0.464953
-0.296796	0.460508
-0.766568	-0.231358
-0.289781	0.890832
-1.064316	-0.434543
-0.087296	1.047428
-1.183976	-0.500441
0.038235	0.878517
-0.937974	-0.718019
-0.154112	0.620691
-0.705705	-0.454444
-0.286429	0.530321
-0.800153	-0.274436
-0.269942	0.928669
-1.091549	-0.448481
-0.062412	1.021971
-1.146522	-0.542068
-0.001725	0.842968
-0.879914	-0.711835
-0.187431	0.586280
-0.715851	-0.390269
-0.286990	0.612373
-0.849653	-0.320588
-0.241333	0.983672
-1.140637	-0.452023
-0.015402	0.992336
-1.102318	-0.594360
-0.041319	0.790221
-0.810879	-0.690901
-0.224439	0.526795
-0.720078	-0.317977
-0.292902	0.689335
-0.902389	-0.360667
-0.208561	1.026763
-1.181524	-0.445652
0.029569	0.970911
-1.074596	-0.634398
-0.062859	0.742371
-0.758870	-0.665797
-0.251284	0.465990
-0.712389	-0.263498
-0.302877	0.717785
-0.932283	-0.368659
-0.190669	1.057755
-1.214299	-0.425904
0.071205	0.976610
-1.091623	-0.643414
-0.047773	0.718701
-0.730306	-0.703587
-0.264826	0.385454
-0.667224	-0.214653
-0.325925	0.629428
-0.908670	-0.303964
-0.217120	1.106127
-1.270205	-0.342327
0.157830	1.096139
0.425816	1.336185
-1.255285	-0.489588
0.169406	0.859483
-0.977800	-0.788041
-0.127614	0.537326
-0.622764	-0.448933
-0.326290	0.307596
-0.668534	-0.145604
-0.335473	0.691312
-0.954898	-0.329976
-0.184930	1.134841
-1.289734	-0.317728
0.201062	1.160341
0.342444	1.278472
-1.297123	-0.391299
0.294923	1.154507
0.319708	1.172701
-1.294400	-0.408887
0.316278	1.164739
0.303174	1.154950
-1.295992	-0.399438
0.333946	1.231732
0.240803	1.157501
-1.297513	-0.342397
-0.045252	1.157834
-1.121541	-0.354237
-0.373574	0.873794
-0.680068	0.046380
-0.609836	0.112631
-0.399999	0.686426
-1.031595	-0.278357
-0.142163	1.273425
-1.327343	-0.119972
-0.387081	1.149581
-0.764914	0.090493
-0.746241	0.105357
-0.392235	1.106275
-1.311320	-0.174050
0.212713	1.485853
0.035386	1.296058
-1.204915	-0.240883
-0.469994	0.864296
-0.632646	0.357110
-1.077385	-0.004214
-0.212262	1.796382
-0.200174	1.835945
-1.091998	0.002305
-0.638911	0.364861
-0.474068	0.884474
-1.220069	-0.231878
0.054888	1.302217
0.205420	1.458440
-1.308010	-0.177931
-0.400862	1.094587
-0.737780	0.129171
-0.805378	0.075273
-0.381434	1.251306
-1.334029	0.009250
-0.519361	1.100941
-0.718667	0.416202
-1.200394	0.105506
-0.347342	1.572811
-0.935749	0.049009
-0.725541	0.203032
-0.429316	1.092949
-1.314851	-0.142446
0.209231	1.586988
-0.030069	1.299780
-1.149440	-0.259796
-0.453710	0.794265
-0.613358	0.315052
-1.008104	-0.018935
-0.266504	1.648364
-1.160479	0.041368
-0.668649	0.409630
-0.499152	0.971254
-1.285475	-0.152422
0.148299	1.451778
0.056681	1.355209
-1.224800	-0.200818
-0.498906	0.853182
-0.625739	0.441984
-1.149732	-0.001458
-0.122620	1.890900
-0.210019	1.654810
-1.050637	-0.052467
-0.570735	0.391283
-0.130661	-2.073535
-0.475986	0.676737
-1.118557	-0.205036
-0.076866	1.406331
0.096652	1.631436
-1.269269	-0.072569
-0.579219	0.802774
0.123676	-2.072979
-0.619523	0.659413
-1.252783	-0.003154
-0.188546	1.454385
-1.022689	-0.154051
-0.467446	0.507041
-0.225255	-2.066478
-0.528952	0.333152
-0.939662	-0.069057
-0.282187	1.447131
-1.263298	0.058007
-0.653466	0.622051
-0.578539	0.894878
-1.299148	-0.047387
-0.146115	1.359243
-1.043543	-0.225478
-0.432876	0.625709
-0.231753	-2.001065
-0.574454	0.227981
-0.843079	-0.020003
-0.336044	1.277867
-1.330564	0.000786
-0.538068	1.062019
-0.706341	0.470099
-1.228891	0.113527
-0.355916	1.515338
-0.912573	0.051254
-0.726086	0.189868
-0.423992	1.089435
-1.311888	-0.154103
0.206631	1.534311
0.001109	1.302052
-1.177324	-0.248333
-0.465485	0.823285
-0.619591	0.349806
-1.056467	-0.014998
-0.226893	1.739197
-0.177989	1.910098
-1.115595	0.010660
-0.645330	0.382293
-0.481864	0.905220
-1.238472	-0.214543
0.079306	1.322921
0.181853	1.426698
-1.298520	-0.176032
-0.438871	1.052113
-0.707412	0.235173
-0.975713	0.037419
-0.322830	1.661225
-1.158265	0.082823
-0.720715	0.365695
-0.498061	1.109399
-1.333000	-0.017954
-0.330878	1.264611
-0.842203	-0.031976
-0.552969	0.241513
-0.248445	-2.026162
-0.440908	0.554872
-1.017372	-0.190727
-0.179616	1.394384
-1.284403	-0.016063
-0.609402	0.787277
0.180440	-2.088743
-0.624052	0.733683
-1.278169	0.007155
-0.212339	1.410437
-0.989942	-0.158432
-0.451297	0.488596
-0.261681	-2.039285
-0.532685	0.262453
-0.851184	-0.047190
-0.322894	1.273461
-1.331615	-0.014086
-0.514395	1.087959
-0.713403	0.409156
-1.191742	0.095069
-0.334638	1.590815
-0.948422	0.036121
-0.702489	0.220914
-0.432408	1.033469
-1.285249	-0.204827
0.160033	1.345471
0.154228	1.339630
-1.282298	-0.206014
-0.437370	1.024464
-0.697693	0.236282
-0.969283	0.032256
-0.322822	1.638487
-1.168835	0.083858
-0.715253	0.380332
-0.502760	1.094558
-1.331099	-0.027075
-0.299780	1.276481
-0.870888	-0.090753
-0.476792	0.325925
-0.304317	-2.031439
-0.487162	0.298057
-0.848135	-0.077271
-0.311624	1.238286
-1.335279	-0.066257
-0.384784	1.189841
-0.780879	0.083801
-0.741721	0.114825
-0.395714	1.099026
-1.308537	-0.179505
0.207336	1.458384
0.055480	1.300212
-1.220393	-0.232538
-0.473167	0.886012
-0.639708	0.362482
-1.089575	0.002059
-0.203211	1.833407
-0.212179	1.803207
-1.078697	-0.002154
-0.635111	0.355902
-0.470116	0.871904
-1.209197	-0.239823
0.040994	1.295353
0.213539	1.477790
-1.311183	-0.177099
-0.387119	1.108562
-0.749814	0.091990
-0.740502	0.099209
-0.389670	1.086862
-1.300350	-0.202498
0.193756	1.380210
0.120764	1.308893
-1.263386	-0.217935
-0.454678	0.978305
-0.676248	0.291817
-1.035537	0.021389
-0.271222	1.776926
-1.106648	0.043746
-0.692741	0.336784
-0.476830	1.032614
-1.303934	-0.137811
0.182328	1.531125
-0.000739	1.324301
