1.103131	-0.617846
-0.304461	-3.866293
-0.842010	-3.288420
0.850656	-0.778473
-0.659898	-1.932191
-0.016217	-5.408496
0.668854	-1.874821
-0.842277	-0.817155
0.798663	-3.453480
0.329778	-3.787022
-1.086314	-0.584928
1.173531	-1.678419
0.041533	-4.328197
-1.194575	-1.343771
1.159849	-0.794246
-0.211447	-4.090303
-0.994321	-2.670872
0.890383	-0.639252
-0.612369	-2.268487
-0.173201	-5.282640
0.714784	-1.589751
-0.798216	-1.072249
0.551302	-4.327334
0.463725	-3.216980
-0.995862	-0.526855
1.132624	-1.990075
0.105961	-4.259928
-1.195405	-1.106298
1.186817	-0.970607
-0.147824	-4.198636
-1.087426	-2.239083
0.943050	-0.556773
-0.541155	-2.761756
-0.376851	-4.853012
0.765322	-1.287705
-0.747142	-1.400029
0.294651	-5.056984
0.571712	-2.559113
-0.920867	-0.581931
1.055907	-2.393242
0.170068	-4.165204
-1.178752	-0.902017
1.196729	-1.193946
-0.082167	-4.290011
-1.152049	-1.861499
1.031249	-0.534470
-0.411381	-3.470263
-0.655652	-3.972197
0.816621	-0.962574
-0.695940	-1.703828
0.105490	-5.362241
0.633141	-2.121681
-0.873353	-0.689567
0.936640	-2.913691
0.246738	-4.019028
-1.139345	-0.715028
1.188428	-1.471447
-0.009686	-4.344149
-1.183944	-1.546349
1.122824	-0.666018
-0.273779	-3.952241
-0.893248	-3.088304
0.862087	-0.731179
-0.646613	-2.025365
-0.061139	-5.393603
0.682505	-1.787486
-0.829548	-0.885883
0.728370	-3.713121
0.370421	-3.642026
-1.058734	-0.550299
1.163880	-1.769372
0.062354	-4.310566
-1.196570	-1.265035
1.170296	-0.847824
-0.190382	-4.129062
-1.026913	-2.526967
0.904005	-0.609943
-0.594681	-2.395927
-0.227939	-5.193406
0.729906	-1.501089
-0.782887	-1.172281
0.467289	-4.593473
0.502481	-3.001449
-0.969601	-0.534445
1.113797	-2.099723
0.124857	-4.232923
-1.192693	-1.041078
1.191640	-1.027068
-0.130017	-4.224647
-1.108906	-2.126595
0.963649	-0.539557
-0.511633	-2.945464
-0.447887	-4.651554
0.779191	-1.196970
-0.733563	-1.479313
0.241030	-5.169176
0.590113	-2.429209
-0.907415	-0.601259
1.032972	-2.499640
0.185431	-4.139410
-1.172338	-0.857378
1.196639	-1.250590
-0.066974	-4.305914
-1.161839	-1.786846
1.052931	-0.547575
-0.379127	-3.607040
-0.713766	-3.765736
0.826905	-0.901546
-0.685311	-1.769551
0.069588	-5.389051
0.643769	-2.046516
-0.864449	-0.719723
0.902056	-3.053431
0.267863	-3.968612
-1.126387	-0.673575
1.184821	-1.532277
0.005664	-4.344846
-1.187790	-1.484370
1.136518	-0.705896
-0.251681	-4.006893
-0.929354	-2.943316
0.871300	-0.697734
-0.635789	-2.101790
-0.097729	-5.368885
0.693476	-1.720125
-0.818997	-0.946445
0.667644	-3.930657
0.404043	-3.504197
-1.035886	-0.535648
1.154054	-1.846680
0.078412	-4.294558
-1.196864	-1.204830
1.177380	-0.894357
-0.173731	-4.158148
-1.051593	-2.413494
0.917912	-0.587416
-0.576042	-2.527910
-0.283728	-5.080906
0.744268	-1.418094
-0.768169	-1.268919
0.390616	-4.815746
0.535176	-2.801206
-0.947065	-0.550556
1.091849	-2.216567
0.143719	-4.205412
-1.188032	-0.980804
1.194903	-1.093099
-0.110277	-4.253541
-1.129111	-2.011482
0.990080	-0.528567
-0.472575	-3.168860
-0.533738	-4.384263
0.794849	-1.095478
-0.718054	-1.569908
0.184404	-5.266385
0.608505	-2.296900
-0.893372	-0.629625
1.001827	-2.638401
0.205908	-4.101901
-1.162570	-0.805537
1.195083	-1.325808
-0.046839	-4.324032
-1.171696	-1.698154
1.079801	-0.577290
-0.339569	-3.753295
-0.783043	-3.511492
0.839163	-0.834652
-0.672471	-1.849262
0.026643	-5.406629
0.656360	-1.958237
-0.853558	-0.764293
0.855169	-3.237789
0.296339	-3.890452
-1.108454	-0.627289
1.179958	-1.602465
0.023330	-4.339386
-1.191541	-1.415091
1.148957	-0.750263
-0.230878	-4.051994
-0.963243	-2.803320
0.880643	-0.666368
-0.624538	-2.181536
-0.134358	-5.332830
0.703955	-1.656080
-0.808789	-1.007161
0.610349	-4.129324
0.434537	-3.363935
-1.015513	-0.527457
1.143763	-1.918684
0.092658	-4.277677
-1.196404	-1.153805
1.182631	-0.933579
-0.159963	-4.180639
-1.070938	-2.320993
0.930774	-0.569320
-0.558205	-2.650453
-0.332663	-4.966646
0.755714	-1.349686
-0.756580	-1.342477
0.334782	-4.962357
0.556886	-2.659807
-0.931655	-0.566683
1.071978	-2.315943
0.158709	-4.183337
-1.182981	-0.935560
1.196262	-1.151489
-0.093965	-4.275693
-1.143218	-1.922446
1.014093	-0.529458
-0.436876	-3.351598
-0.606565	-4.142098
0.807967	-1.013798
-0.704880	-1.648822
0.136799	-5.330101
0.623485	-2.190102
-0.881353	-0.662762
0.965328	-2.794633
0.229115	-4.056614
-1.149853	-0.751775
1.191619	-1.411495
-0.024704	-4.338711
-1.179758	-1.606225
1.106965	-0.625590
-0.298614	-3.883594
-0.851740	-3.250923
0.852757	-0.768161
-0.657435	-1.949835
-0.023839	-5.407208
0.671315	-1.858261
-0.840117	-0.827758
0.787280	-3.495926
0.336492	-3.765018
-1.081690	-0.577930
1.172167	-1.692986
0.044921	-4.325669
-1.195031	-1.330091
1.161793	-0.802799
-0.207753	-4.097365
-0.999973	-2.646353
0.892430	-0.634865
-0.609757	-2.287165
-0.181183	-5.271158
0.717011	-1.577110
-0.795839	-1.088333
0.538741	-4.368161
0.469692	-3.185730
-0.991753	-0.527248
1.129932	-2.006453
0.108817	-4.255924
-1.195177	-1.095497
1.187634	-0.978568
-0.145118	-4.202777
-1.090624	-2.222825
0.945885	-0.552688
-0.537003	-2.788972
-0.386971	-4.825327
0.767262	-1.275824
-0.745150	-1.412056
0.286373	-5.075640
0.574672	-2.538233
-0.918789	-0.584694
1.052671	-2.408497
0.172467	-4.160986
-1.177900	-0.894761
1.196750	-1.202512
-0.080137	-4.292116
-1.153554	-1.850494
1.034548	-0.535874
-0.406371	-3.492814
-0.664768	-3.940164
0.818264	-0.952312
-0.694310	-1.713667
0.099752	-5.367269
0.634842	-2.109753
-0.871961	-0.693174
0.931341	-2.935291
0.250011	-4.011762
-1.137339	-0.708077
1.187913	-1.481212
-0.007339	-4.344598
-1.184717	-1.535160
1.125362	-0.672433
-0.269970	-3.961529
-0.899771	-3.062425
0.863708	-0.725104
-0.644807	-2.037671
-0.067663	-5.390010
0.684520	-1.774677
-0.827679	-0.896307
0.717427	-3.752918
0.376632	-3.617412
-1.054559	-0.547773
1.162267	-1.782929
0.065138	-4.308041
-1.196646	-1.254399
1.171703	-0.855859
-0.187224	-4.134875
-1.031472	-2.506368
0.906395	-0.605325
-0.591664	-2.417089
-0.237995	-5.174319
0.732400	-1.487480
-0.780283	-1.189084
0.453195	-4.635915
0.508927	-2.962627
-0.965356	-0.536398
1.110197	-2.119557
0.128030	-4.228496
-1.191963	-1.030822
1.192281	-1.038548
-0.126430	-4.230292
-1.112557	-2.106601
0.967863	-0.536459
-0.505508	-2.981998
-0.462098	-4.608724
0.781765	-1.180500
-0.730945	-1.494972
0.231492	-5.187090
0.593352	-2.405745
-0.905030	-0.605760
1.028409	-2.520336
0.188568	-4.133612
-1.170997	-0.849014
1.196534	-1.261424
-0.063784	-4.309112
-1.163516	-1.773027
1.057005	-0.550778
-0.373322	-3.629328
-0.724433	-3.727116
0.828733	-0.891522
-0.683515	-1.779684
0.063027	-5.392794
0.645738	-2.032109
-0.862791	-0.727327
0.895510	-3.079542
0.272042	-3.957118
-1.123941	-0.666640
1.184170	-1.542510
0.008428	-4.344404
-1.188331	-1.474509
1.138515	-0.712934
-0.248420	-4.014200
-0.934970	-2.920300
0.872749	-0.692350
-0.634099	-2.113664
-0.103477	-5.363923
0.695100	-1.710350
-0.817361	-0.956661
0.658552	-3.962662
0.409059	-3.481788
-1.032578	-0.534320
1.152379	-1.858793
0.080874	-4.291735
-1.196842	-1.196296
1.178342	-0.900241
-0.171326	-4.162390
-1.054831	-2.398267
0.919992	-0.584608
-0.573071	-2.548969
-0.291501	-5.064023
0.746288	-1.405874
-0.766198	-1.281142
0.380581	-4.843094
0.539367	-2.774007
-0.944211	-0.553429
1.088473	-2.233808
0.146026	-4.202619
-1.187202	-0.972958
1.195274	-1.102539
-0.107404	-4.257601
-1.131804	-1.995176
0.994205	-0.528037
-0.466585	-3.200509
-0.546763	-4.341712
0.797140	-1.081259
-0.715803	-1.582725
0.175919	-5.279080
0.611123	-2.278237
-0.891247	-0.635887
0.996187	-2.662953
0.209590	-4.094818
-1.160690	-0.796685
1.194612	-1.339625
-0.043462	-4.326645
-1.173112	-1.683424
1.084433	-0.583167
-0.332893	-3.775470
-0.794517	-3.468702
0.841369	-0.822419
-0.670050	-1.865496
0.018433	-5.408240
0.658763	-1.941073
-0.851590	-0.772090
0.845730	-3.274251
0.301755	-3.875369
-1.104728	-0.620004
1.178912	-1.615850
0.026446	-4.337830
-1.192138	-1.402496
1.151015	-0.758126
-0.226974	-4.060890
-0.969187	-2.778224
0.882288	-0.662124
-0.622580	-2.195036
-0.141379	-5.324416
0.705861	-1.643952
-0.806911	-1.019573
0.600175	-4.164069
0.439646	-3.339173
-1.012072	-0.526908
1.141988	-1.930513
0.095172	-4.274303
-1.196276	-1.145395
1.183414	-0.940017
-0.157991	-4.183287
-1.074042	-2.305781
0.932841	-0.568186
-0.555359	-2.669157
-0.340307	-4.947766
0.757524	-1.337548
-0.754909	-1.352337
0.327082	-4.981296
0.559711	-2.641063
-0.929579	-0.569221
1.068832	-2.331307
0.160661	-4.180703
-1.182218	-0.928964
1.196345	-1.160092
-0.091908	-4.278133
-1.145019	-1.910389
1.017443	-0.530612
-0.431815	-3.376104
-0.616351	-4.108659
0.809680	-1.004033
-0.703046	-1.660372
0.130239	-5.337596
0.625602	-2.174527
-0.879711	-0.668299
0.959580	-2.818785
0.232569	-4.049620
-1.147856	-0.743468
1.191077	-1.423271
-0.021645	-4.340155
-1.180727	-1.593426
1.110441	-0.634281
-0.293265	-3.898851
-0.860901	-3.215329
0.854647	-0.761222
-0.655319	-1.963865
-0.031578	-5.405351
0.673496	-1.844880
-0.837971	-0.839483
0.775653	-3.539316
0.343488	-3.740157
-1.077143	-0.571413
1.170665	-1.707979
0.048712	-4.322568
-1.195389	-1.317239
1.163574	-0.812092
-0.204089	-4.104535
-1.005323	-2.623026
0.894581	-0.628519
-0.607134	-2.305791
-0.189626	-5.258289
0.719301	-1.564011
-0.793519	-1.102832
0.525663	-4.410510
0.476046	-3.150776
-0.987605	-0.527967
1.127232	-2.022650
0.111716	-4.251828
-1.194751	-1.086276
1.188386	-0.987476
-0.142358	-4.206948
-1.094143	-2.204724
0.948805	-0.550683
-0.533036	-2.813487
-0.397347	-4.796685
0.769290	-1.263027
-0.743227	-1.422394
0.278092	-5.093793
0.577415	-2.519450
-0.916703	-0.587594
1.049185	-2.424876
0.174466	-4.158310
-1.176902	-0.889028
1.196776	-1.210976
-0.077670	-4.294933
-1.155017	-1.839584
1.037878	-0.537036
-0.401347	-3.515028
-0.673805	-3.908291
0.819801	-0.944128
-0.692696	-1.723357
0.093989	-5.372077
0.636522	-2.097935
-0.870531	-0.698416
0.925979	-2.957101
0.253257	-4.004432
-1.135354	-0.700903
1.187333	-1.491213
-0.004601	-4.344975
-1.185262	-1.525779
1.127735	-0.678727
-0.266230	-3.970946
-0.906040	-3.037364
0.865239	-0.719950
-0.642904	-2.051531
-0.073745	-5.386385
0.686250	-1.765076
-0.825921	-0.905649
0.707347	-3.789043
0.382370	-3.594782
-1.050600	-0.544955
1.160660	-1.796048
0.067853	-4.305490
-1.196802	-1.243213
1.173016	-0.863470
-0.184128	-4.140725
-1.035795	-2.486696
0.908753	-0.601136
-0.588476	-2.440039
-0.247032	-5.157296
0.734958	-1.472286
-0.777662	-1.206911
0.439231	-4.677676
0.514707	-2.928287
-0.961311	-0.538345
1.106445	-2.139913
0.131167	-4.224108
-1.191321	-1.019232
1.192965	-1.048939
-0.123262	-4.234741
-1.116099	-2.086897
0.972140	-0.535649
-0.499064	-3.020130
-0.476498	-4.564721
0.784390	-1.163433
-0.728443	-1.508643
0.221930	-5.204445
0.596384	-2.384318
-0.902654	-0.610384
1.023583	-2.542092
0.191751	-4.127862
-1.169499	-0.841396
1.196364	-1.273001
-0.060539	-4.312227
-1.165036	-1.759812
1.061202	-0.555461
-0.367054	-3.653636
-0.735225	-3.688006
0.830658	-0.880567
-0.681448	-1.792923
0.056555	-5.396041
0.647604	-2.019309
-0.861195	-0.732020
0.888703	-3.106497
0.275892	-3.947923
-1.121328	-0.659581
1.183441	-1.553393
0.010801	-4.343893
-1.188953	-1.463716
1.140531	-0.719763
-0.245131	-4.021450
-0.940227	-2.898833
0.874162	-0.688588
-0.632385	-2.125660
-0.109198	-5.358755
0.696744	-1.700397
-0.815807	-0.964983
0.649786	-3.993026
0.413720	-3.461669
-1.029293	-0.532809
