0.085498	-0.142870
0.233179	-6.747385
-0.262529	-0.372520
0.626908	-5.829689
-0.275242	-1.141825
0.071224	-7.493917
0.170407	-1.337514
-0.459405	-6.486386
0.316855	-0.572030
-0.471204	-6.154437
0.025468	-0.138723
0.359270	-6.467065
-0.293726	-0.480900
0.530187	-6.211557
-0.220720	-1.256561
-0.008401	-7.522035
0.232212	-1.236272
-0.549136	-6.137077
0.287627	-0.459600
-0.333874	-6.530357
-0.037806	-0.139008
0.498175	-6.073683
-0.322023	-0.591323
0.442242	-6.551350
-0.157984	-1.352920
-0.087523	-7.479391
0.284357	-1.120028
-0.647003	-5.750582
0.256412	-0.353293
-0.211627	-6.784747
-0.096359	-0.143701
0.639503	-5.627269
-0.342526	-0.692864
0.368518	-6.820077
-0.095256	-1.419144
-0.161162	-7.378909
0.322254	-1.006333
-0.745625	-5.365273
0.226227	-0.265849
-0.107241	-6.918249
-0.145023	-0.157110
0.769710	-5.205265
-0.352270	-0.782775
0.305717	-7.027105
-0.037375	-1.454102
-0.226022	-7.245265
0.344855	-0.904734
-0.828483	-5.043379
0.195629	-0.203670
-0.016092	-6.963410
-0.183501	-0.186797
0.839976	-4.992209
-0.349442	-0.869696
0.247495	-7.192161
0.017149	-1.459578
-0.285524	-7.087665
0.352693	-0.816126
-0.809616	-5.077749
0.160120	-0.166707
0.072612	-6.943370
-0.215326	-0.238715
0.779288	-5.234992
-0.332386	-0.965799
0.184949	-7.334760
0.073376	-1.435807
-0.344845	-6.901088
0.347356	-0.728632
-0.689714	-5.464295
0.115385	-0.148094
0.170541	-6.847755
-0.245274	-0.317423
0.682895	-5.609463
-0.300030	-1.076510
0.114152	-7.449712
0.134480	-1.381959
-0.414237	-6.655944
0.330564	-0.631323
-0.551230	-5.908956
0.060113	-0.140405
0.286200	-6.640969
-0.276236	-0.418308
0.583965	-5.999440
-0.252860	-1.193037
0.036919	-7.514746
0.198128	-1.296457
-0.497046	-6.341210
0.304645	-0.522782
-0.409629	-6.332032
-0.002307	-0.138294
0.419053	-6.305958
-0.306787	-0.529539
0.489940	-6.368656
-0.193791	-1.301991
-0.043001	-7.511992
0.256574	-1.186435
-0.591173	-5.970980
0.273935	-0.411634
-0.277891	-6.658532
-0.064428	-0.140358
0.560399	-5.880524
-0.332140	-0.638247
0.408368	-6.677431
-0.130054	-1.386119
-0.120916	-7.440810
0.302779	-1.069618
-0.690489	-5.579847
0.243069	-0.311722
-0.163874	-6.856362
-0.118986	-0.148601
0.699012	-5.434201
-0.348205	-0.733857
0.339851	-6.917707
-0.069243	-1.438283
-0.190704	-7.323098
0.333990	-0.960671
-0.786254	-5.208253
0.213127	-0.234890
-0.066537	-6.946669
-0.162971	-0.167731
0.815497	-5.059599
-0.352693	-0.820174
0.280588	-7.101947
-0.013301	-1.460106
-0.252583	-7.178889
0.350010	-0.865082
-0.840866	-4.986863
0.180998	-0.184204
0.022360	-6.962451
-0.197959	-0.206438
0.823688	-5.062293
-0.343849	-0.909394
0.221428	-7.256084
0.041168	-1.452978
-0.310637	-7.011890
0.351863	-0.778769
-0.761897	-5.230192
0.141856	-0.156530
0.113723	-6.912612
-0.228406	-0.270179
0.738429	-5.393095
-0.320104	-1.013013
0.154985	-7.389617
0.099549	-1.415839
-0.373606	-6.802298
0.341316	-0.687502
-0.630279	-5.656772
0.092404	-0.143980
0.219197	-6.772103
-0.258687	-0.358920
0.639053	-5.781712
-0.281181	-1.126664
0.081082	-7.485515
0.162534	-1.347429
-0.448794	-6.526696
0.320122	-0.585348
-0.488967	-6.101135
0.033295	-0.138995
0.342421	-6.509744
-0.289867	-0.467554
0.541650	-6.166417
-0.228051	-1.243673
0.001445	-7.522427
0.224868	-1.250260
-0.537121	-6.184341
0.291458	-0.474323
-0.350178	-6.489950
-0.030019	-0.138711
0.480442	-6.127279
-0.318834	-0.577802
0.452210	-6.513553
-0.166018	-1.342082
-0.077770	-7.488398
0.278569	-1.134853
-0.634959	-5.798145
0.260272	-0.365686
-0.225744	-6.760405
-0.089533	-0.142881
0.622458	-5.682184
-0.340503	-0.681137
0.376900	-6.790660
-0.102841	-1.412682
-0.152378	-7.393837
0.318409	-1.019178
-0.733695	-5.411559
0.229944	-0.275449
-0.119641	-6.906829
-0.139535	-0.155226
0.755095	-5.252294
-0.351735	-0.771345
0.313086	-7.004198
-0.044351	-1.451334
-0.218702	-7.262347
0.342881	-0.916297
-0.820742	-5.074153
0.199622	-0.209405
-0.027274	-6.961457
-0.179173	-0.181426
0.839412	-4.990286
-0.350564	-0.858093
0.255107	-7.172276
0.010348	-1.460483
-0.278139	-7.108948
0.352517	-0.825878
-0.820329	-5.044447
0.164979	-0.170340
0.061038	-6.949601
-0.211541	-0.231264
0.790273	-5.192541
-0.335360	-0.952602
0.193667	-7.317082
0.066097	-1.440449
-0.337346	-6.926081
0.348677	-0.740041
-0.706310	-5.410371
0.121556	-0.149656
0.157564	-6.864794
-0.241506	-0.306228
0.695433	-5.560449
-0.304984	-1.060899
0.123844	-7.436968
0.126689	-1.389934
-0.405002	-6.689830
0.333176	-0.645232
-0.568814	-5.853514
0.067521	-0.140859
0.271030	-6.673132
-0.272321	-0.404890
0.596071	-5.951549
-0.259451	-1.179065
0.046533	-7.510238
0.190301	-1.308663
-0.485904	-6.384422
0.308199	-0.538055
-0.427125	-6.282791
0.005642	-0.138322
0.402130	-6.352871
-0.303142	-0.515828
0.501062	-6.325425
-0.201563	-1.289752
-0.033344	-7.516143
0.249881	-1.200563
-0.579006	-6.019083
0.277852	-0.425045
-0.293627	-6.624274
-0.056966	-0.140016
0.542800	-5.935801
-0.329452	-0.624587
0.417619	-6.643353
-0.137993	-1.377170
-0.111134	-7.453378
0.297817	-1.083904
-0.678447	-5.627092
0.246817	-0.324131
-0.176757	-6.838884
-0.112755	-0.146705
0.682426	-5.488051
-0.346789	-0.722784
0.347372	-6.892506
-0.076556	-1.433413
-0.182641	-7.339160
0.330996	-0.972528
-0.774714	-5.252715
0.216877	-0.243537
-0.078062	-6.939954
-0.158046	-0.164400
0.803794	-5.096377
-0.352846	-0.809099
0.287256	-7.082600
-0.020113	-1.458980
-0.244937	-7.198681
0.348865	-0.875355
-0.839972	-4.993840
0.185278	-0.189852
0.011164	-6.963956
-0.193954	-0.199974
0.830929	-5.033267
-0.345711	-0.898181
0.228693	-7.238939
0.034218	-1.455475
-0.303276	-7.034624
0.352376	-0.788884
-0.776523	-5.183123
0.147255	-0.159410
0.101943	-6.922779
-0.224690	-0.260683
0.750308	-5.347043
-0.323933	-0.998835
0.163680	-7.374622
0.091850	-1.422658
-0.365246	-6.831485
0.343251	-0.699536
-0.647328	-5.601744
0.099160	-0.145017
0.204978	-6.796029
-0.254804	-0.347757
0.651611	-5.732277
-0.286857	-1.112047
0.090756	-7.476245
0.154481	-1.358133
-0.438831	-6.564359
0.323248	-0.599059
-0.506666	-6.047320
0.041062	-0.139183
0.326029	-6.549807
-0.286023	-0.452855
0.553620	-6.119270
-0.235308	-1.229782
0.012038	-7.521620
0.217457	-1.263227
-0.525619	-6.229568
0.295299	-0.487699
-0.366945	-6.446945
-0.022167	-0.138521
0.463255	-6.178239
-0.315511	-0.564651
0.462821	-6.473132
-0.174000	-1.331061
-0.067840	-7.496507
0.272518	-1.150202
-0.622169	-5.848518
0.264125	-0.379288
-0.240298	-6.733780
-0.082558	-0.141972
0.604862	-5.738818
-0.338346	-0.668485
0.385333	-6.760696
-0.110493	-1.405805
-0.143374	-7.408338
0.314294	-1.032736
-0.721630	-5.458457
0.233671	-0.285220
-0.131862	-6.894468
-0.133903	-0.152567
0.739468	-5.302911
-0.350965	-0.760757
0.320476	-6.980813
-0.051247	-1.448414
-0.210511	-7.280937
0.340641	-0.928687
-0.811979	-5.108540
0.203526	-0.216595
-0.038410	-6.958517
-0.174706	-0.177544
0.835952	-4.998390
-0.351430	-0.847356
0.261926	-7.154043
0.003566	-1.460928
-0.270719	-7.129859
0.352093	-0.836497
-0.829100	-5.017912
0.169709	-0.173801
0.050058	-6.954443
-0.207744	-0.223162
0.800666	-5.152276
-0.338065	-0.940192
0.201471	-7.300714
0.058898	-1.444616
-0.329891	-6.950553
0.349849	-0.750592
-0.722933	-5.356278
0.127561	-0.151133
0.145062	-6.879894
-0.237765	-0.295100
0.707811	-5.512141
-0.309561	-1.047512
0.132571	-7.424736
0.118790	-1.398323
-0.395804	-6.723222
0.335734	-0.656565
-0.586393	-5.797660
0.074794	-0.141549
0.255627	-6.704534
-0.268419	-0.391418
0.608029	-5.904199
-0.265916	-1.164129
0.056778	-7.504268
0.182491	-1.319786
-0.475355	-6.425221
0.311708	-0.552103
-0.444500	-6.232967
0.013565	-0.138449
0.385067	-6.399189
-0.299419	-0.502272
0.512748	-6.279898
-0.209323	-1.276418
-0.023601	-7.519274
0.242954	-1.215088
-0.567302	-6.065421
0.281727	-0.439755
-0.309139	-6.589298
-0.049400	-0.139562
0.525181	-5.990626
-0.326591	-0.611464
0.426900	-6.608830
-0.145941	-1.367892
-0.101881	-7.464273
0.292694	-1.097266
-0.665679	-5.677104
0.250628	-0.335381
-0.190783	-6.818078
-0.106331	-0.145859
0.665319	-5.543656
-0.345227	-0.710841
0.355631	-6.864509
-0.083951	-1.428075
-0.173648	-7.356423
0.327733	-0.985158
-0.763605	-5.295755
0.220630	-0.251451
-0.089461	-6.932314
-0.152964	-0.161702
0.791130	-5.136527
-0.352754	-0.798890
0.294617	-7.060803
-0.026959	-1.457390
-0.237915	-7.216328
0.347372	-0.888175
-0.837160	-5.007442
0.189470	-0.195195
-0.000052	-6.964446
-0.189864	-0.194051
0.836186	-5.011171
-0.347398	-0.886123
0.236557	-7.219752
0.027469	-1.457333
-0.295922	-7.056910
0.352649	-0.799849
-0.790157	-5.139562
0.152499	-0.162203
0.090005	-6.932027
-0.220972	-0.251424
0.762066	-5.301550
-0.327491	-0.985385
0.172163	-7.359272
0.084369	-1.428423
-0.356938	-6.860112
0.345045	-0.710668
-0.664403	-5.546426
0.105760	-0.145957
0.191202	-6.817733
-0.250989	-0.335327
0.664001	-5.683542
-0.292268	-1.098011
0.100234	-7.466193
0.146539	-1.367672
-0.428876	-6.601667
0.326283	-0.611671
-0.524315	-5.993014
0.048727	-0.139708
0.310087	-6.587309
-0.282113	-0.439530
0.565469	-6.072471
-0.242477	-1.214864
0.021847	-7.519745
0.209870	-1.276397
-0.514024	-6.274973
0.299040	-0.502566
-0.384178	-6.401293
-0.014278	-0.138329
0.445365	-6.230759
-0.312065	-0.551811
0.473411	-6.432492
-0.181909	-1.319934
-0.058499	-7.503105
0.266325	-1.164589
-0.609796	-5.897387
0.268041	-0.391566
-0.255286	-6.704790
-0.075429	-0.141381
0.587275	-5.795104
-0.335993	-0.656494
0.394490	-6.727882
-0.118341	-1.397819
-0.134148	-7.422349
0.309906	-1.046981
-0.709422	-5.506004
0.237386	-0.296259
-0.144583	-6.880251
-0.128078	-0.151158
0.723341	-5.355286
-0.350040	-0.749330
0.327895	-6.956932
-0.058362	-1.444740
-0.202892	-7.297583
0.338227	-0.940217
-0.802163	-5.146682
0.207395	-0.223250
-0.049481	-6.954621
-0.170128	-0.173419
0.829591	-5.016554
-0.352127	-0.835793
0.269401	-7.133545
-0.003210	-1.460914
-0.263252	-7.150419
0.351417	-0.847984
-0.835953	-4.998038
0.174298	-0.177889
0.038297	-6.958662
-0.203879	-0.216483
0.810490	-5.114091
-0.340501	-0.928588
0.209106	-7.284133
0.051776	-1.448306
-0.321777	-6.976701
0.350792	-0.761955
-0.738518	-5.305852
0.133387	-0.153162
0.132357	-6.894118
-0.234017	-0.285210
0.720036	-5.464513
-0.313971	-1.033202
0.141819	-7.410845
0.111077	-1.405593
-0.386647	-6.756091
0.338037	-0.670112
-0.603973	-5.741423
0.081923	-0.142547
0.240655	-6.733499
-0.264500	-0.379164
0.620421	-5.855251
-0.272129	-1.149670
0.066133	-7.497841
0.174455	-1.331914
-0.464774	-6.465871
0.315163	-0.564934
-0.462392	-6.180482
0.021470	-0.138596
0.367844	-6.444867
-0.295681	-0.487414
0.524352	-6.234477
-0.216924	-1.263201
-0.013045	-7.521475
0.235926	-1.228627
-0.555470	-6.112165
0.285637	-0.453102
-0.325751	-6.549947
-0.041743	-0.139049
0.507528	-6.044977
-0.323569	-0.598826
0.436861	-6.571559
-0.153884	-1.358345
-0.092422	-7.474478
0.287194	-1.112764
-0.653309	-5.725753
0.254438	-0.347827
-0.204576	-6.796361
-0.099761	-0.144396
0.648236	-5.599019
-0.343450	-0.699650
0.363938	-6.835944
-0.091424	-1.422279
-0.165184	-7.371862
0.324198	-0.998538
-0.751861	-5.341179
0.224347	-0.260700
-0.101412	-6.923089
-0.147733	-0.158878
0.776972	-5.181947
-0.352500	-0.787854
0.301974	-7.038580
-0.033849	-1.455333
-0.230063	-7.235580
0.345795	-0.898468
-0.831902	-5.029543
0.193586	-0.200160
-0.010572	-6.963997
-0.185680	-0.188692
0.839493	-4.995842
-0.348824	-0.874916
0.243589	-7.202159
0.020619	-1.458937
-0.288563	-7.078768
0.352761	-0.809987
-0.803326	-5.097640
0.157596	-0.164871
0.077923	-6.940267
-0.217220	-0.243499
0.773714	-5.256574
-0.330777	-0.972685
0.181176	-7.342104
0.076967	-1.433730
-0.349366	-6.885922
0.346626	-0.722549
-0.681502	-5.490863
0.112185	-0.147336
0.177194	-6.838530
-0.247207	-0.322904
0.676789	-5.633442
-0.297522	-1.083035
0.109506	-7.455440
0.138589	-1.376945
-0.418935	-6.638573
0.329156	-0.624760
-0.541931	-5.938235
0.056303	-0.140174
0.294591	-6.622312
-0.278236	-0.424838
0.577793	-6.023838
-0.249422	-1.200275
0.031597	-7.516810
0.202122	-1.289688
-0.502978	-6.318166
0.302768	-0.516128
-0.401250	-6.355002
-0.006343	-0.138299
0.427994	-6.280617
-0.308563	-0.537757
0.484609	-6.389360
-0.189858	-1.307675
-0.048266	-7.509274
0.259881	-1.179455
-0.597858	-5.944664
0.271940	-0.405061
-0.270038	-6.675044
-0.068167	-0.140690
0.569691	-5.851007
-0.333514	-0.643536
0.403687	-6.694541
-0.126096	-1.390158
-0.125441	-7.434696
0.305246	-1.061885
-0.697062	-5.554228
0.241154	-0.306250
-0.157101	-6.865153
-0.122103	-0.149033
0.707246	-5.407499
-0.348887	-0.738719
0.336044	-6.930322
-0.065553	-1.440588
-0.195105	-7.314020
0.335450	-0.954219
-0.791780	-5.186899
0.211195	-0.231328
-0.060470	-6.949813
-0.165428	-0.169110
0.820811	-5.043125
-0.352571	-0.825100
0.276826	-7.112694
-0.009845	-1.460504
-0.256440	-7.168705
0.350573	-0.858647
-0.839903	-4.988233
0.178757	-0.182610
0.027862	-6.961355
-0.199980	-0.209264
0.819260	-5.079670
-0.342764	-0.916123
0.217311	-7.265614
0.044728	-1.451519
-0.314387	-7.000148
0.351581	-0.772478
-0.754139	-5.255266
0.139034	-0.155796
0.120151	-6.906492
-0.230288	-0.275440
0.732118	-5.417535
-0.318110	-1.019578
0.150843	-7.396454
0.103419	-1.412479
-0.378211	-6.786110
0.340278	-0.681108
-0.621561	-5.684838
0.088911	-0.143479
0.226118	-6.760102
-0.260643	-0.365582
0.633231	-5.804794
-0.278200	-1.134248
0.076078	-7.489913
0.166477	-1.342875
-0.454170	-6.506310
0.318496	-0.578070
-0.479580	-6.129560
0.029328	-0.138811
0.351090	-6.487897
-0.291842	-0.474052
0.535865	-6.189226
-0.224349	-1.250183
-0.003206	-7.522380
0.228561	-1.243779
-0.543517	-6.159263
0.289529	-0.466434
-0.342154	-6.509864
-0.033997	-0.138712
0.489829	-6.098834
-0.320454	-0.585091
0.447484	-6.531580
-0.161939	-1.347629
-0.082765	-7.483912
0.281539	-1.127306
-0.640771	-5.775103
0.258281	-0.360253
-0.218136	-6.773863
-0.093019	-0.143373
0.631179	-5.654094
-0.341533	-0.687559
0.372296	-6.806817
-0.098973	-1.416037
-0.156509	-7.386954
0.320391	-1.012647
-0.739997	-5.387158
0.228063	-0.270191
-0.113206	-6.912941
-0.142349	-0.155969
0.762334	-5.229064
-0.352008	-0.777672
0.309336	-7.015908
-0.040794	-1.452807
-0.222811	-7.252783
0.343865	-0.911290
-0.824661	-5.058563
0.197598	-0.206592
-0.021771	-6.962534
-0.181390	-0.183913
0.840380	-4.988897
-0.349991	-0.864568
0.251246	-7.182429
0.013805	-1.460078
-0.281899	-7.098170
0.352629	-0.820988
-0.815019	-5.060901
0.162534	-0.168168
0.067101	-6.946440
-0.213472	-0.234834
0.784741	-5.213923
-0.333889	-0.959095
0.189257	-7.326117
0.069790	-1.438137
-0.341155	-6.913435
0.348060	-0.733556
-0.698080	-5.437054
0.118446	-0.148636
0.164328	-6.856004
-0.243423	-0.311694
0.688850	-5.586113
-0.302506	-1.068672
0.119309	-7.443018
0.130649	-1.385895
-0.409683	-6.672696
0.331859	-0.638382
-0.559525	-5.883006
0.063775	-0.140526
0.278874	-6.656602
-0.274318	-0.411451
0.589973	-5.975687
-0.256134	-1.186080
0.042014	-7.512470
0.194360	-1.301890
-0.491868	-6.361386
0.306420	-0.529841
-0.418180	-6.308117
0.001605	-0.138302
0.410505	-6.329888
-0.304963	-0.523934
0.495757	-6.346148
-0.197694	-1.295396
-0.038662	-7.513970
0.253309	-1.193359
-0.585171	-5.994709
0.275852	-0.418502
-0.285890	-6.641172
-0.060770	-0.140242
0.552101	-5.906498
-0.330852	-0.631168
0.412922	-6.660702
-0.134022	-1.381373
-0.115770	-7.447581
0.300421	-1.075855
-0.684543	-5.603156
0.244918	-0.317455
-0.170095	-6.848112
-0.115948	-0.147464
0.690642	-5.461461
-0.347583	-0.727251
0.343541	-6.905390
-0.072825	-1.435960
-0.186405	-7.331783
0.332593	-0.965679
-0.780807	-5.229292
0.214982	-0.238762
-0.072052	-6.943615
-0.160564	-0.166255
0.810089	-5.076465
-0.352768	-0.815276
0.284215	-7.091472
-0.016643	-1.459613
-0.248837	-7.188651
0.349472	-0.870173
-0.840957	-4.988451
0.183113	-0.187069
0.016683	-6.963349
-0.195992	-0.203501
0.827510	-5.047104
-0.344760	-0.904485
0.224645	-7.248590
0.037747	-1.454258
-0.307018	-7.023118
0.352135	-0.783839
-0.769267	-5.206417
0.144537	-0.157658
0.107765	-6.917930
-0.226570	-0.265836
0.744064	-5.371174
-0.322078	-1.005035
0.159647	-7.381627
0.095686	-1.419540
-0.369827	-6.815586
0.342317	-0.692780
-0.638599	-5.629971
0.095752	-0.144317
0.212019	-6.784424
-0.256779	-0.353211
0.645295	-5.757148
-0.284009	-1.119348
0.085848	-7.481075
0.158580	-1.352714
-0.443554	-6.546479
0.321696	-0.591570
-0.497313	-6.076005
0.037121	-0.139129
0.334799	-6.528328
-0.288013	-0.459343
0.547277	-6.144208
-0.231709	-1.236139
0.006641	-7.522191
0.221246	-1.256613
-0.531449	-6.206659
0.293343	-0.481178
-0.358365	-6.469130
-0.026162	-0.138636
0.472066	-6.152175
-0.317198	-0.571754
0.457449	-6.493639
-0.169950	-1.336692
-0.072924	-7.492489
0.275621	-1.142394
-0.628645	-5.822999
0.262156	-0.372633
-0.232813	-6.747678
-0.086112	-0.142714
0.613576	-5.710897
-0.339479	-0.674558
0.380705	-6.777135
-0.106592	-1.409369
-0.147617	-7.401647
0.316414	-1.025845
-0.728004	-5.433731
0.231784	-0.279875
-0.125520	-6.901063
-0.136791	-0.153691
0.747213	-5.277892
-0.351357	-0.766657
0.316714	-6.992768
-0.047801	-1.449808
-0.214696	-7.271518
0.341760	-0.923259
-0.816412	-5.091131
0.201536	-0.213542
-0.032932	-6.960071
-0.176986	-0.179723
0.837868	-4.993733
-0.350987	-0.853390
0.258818	-7.162391
0.007015	-1.460758
-0.274499	-7.119268
0.352331	-0.831166
-0.824758	-5.030998
0.167320	-0.172116
0.055475	-6.952196
-0.209672	-0.227556
0.795169	-5.173490
-0.336731	-0.946282
0.197152	-7.309889
0.062550	-1.442547
-0.333678	-6.938170
0.349271	-0.745355
-0.714688	-5.383049
0.124528	-0.150452
0.151246	-6.872624
-0.239669	-0.300530
0.701310	-5.537439
-0.307220	-1.054953
0.128148	-7.431034
0.122733	-1.394470
-0.400466	-6.706343
0.334446	-0.651000
-0.577109	-5.827351
0.071105	-0.141436
0.263591	-6.688415
-0.270408	-0.398010
0.602007	-5.928059
-0.262723	-1.170906
0.051572	-7.507449
0.186474	-1.314118
-0.480702	-6.404567
0.309981	-0.543754
-0.435615	-6.258587
0.009537	-0.138383
0.393514	-6.376503
-0.301330	-0.508855
0.506847	-6.302923
-0.205399	-1.283180
-0.028208	-7.517936
0.246500	-1.207689
-0.573537	-6.040815
0.279771	-0.431892
-0.301513	-6.606528
-0.053263	-0.139698
0.534497	-5.961551
-0.328015	-0.619338
0.422188	-6.626400
-0.141967	-1.372234
-0.106625	-7.458797
0.295327	-1.090454
-0.672424	-5.650737
0.248681	-0.329886
-0.183553	-6.829015
-0.109614	-0.146386
0.674070	-5.515207
-0.346059	-0.716564
0.351774	-6.877673
-0.080179	-1.430860
-0.178247	-7.347693
0.329370	-0.979571
-0.769222	-5.273971
0.218720	-0.247573
-0.083518	-6.936455
-0.155562	-0.163231
0.797909	-5.114916
-0.352800	-0.804626
0.290874	-7.071942
-0.023470	-1.458260
-0.241145	-7.208297
0.348199	-0.880869
-0.839107	-4.998729
0.187358	-0.192113
0.005475	-6.964335
-0.191947	-0.197294
0.833754	-5.021568
-0.346581	-0.891999
0.232572	-7.229547
0.030971	-1.456333
-0.299662	-7.045629
0.352531	-0.794370
-0.783394	-5.161115
0.149852	-0.160853
0.095905	-6.927635
-0.222854	-0.256445
0.755884	-5.325393
-0.325673	-0.992847
0.168237	-7.366422
0.088166	-1.425534
-0.361494	-6.844505
0.344149	-0.705168
-0.655661	-5.574793
0.102424	-0.145549
0.197682	-6.807888
-0.252948	-0.340801
0.657769	-5.708060
-0.289555	-1.105012
0.095427	-7.471412
0.150512	-1.363285
-0.433592	-6.583973
0.324748	-0.605491
-0.514989	-6.021946
0.044847	-0.139366
0.318308	-6.568071
-0.284111	-0.446031
0.559190	-6.097219
-0.238864	-1.222380
0.016470	-7.520912
0.213746	-1.269689
-0.519900	-6.251982
0.297161	-0.494585
-0.375045	-6.425811
-0.018296	-0.138382
0.454222	-6.204976
-0.313813	-0.558758
0.468050	-6.453103
-0.177898	-1.325609
-0.062912	-7.500128
0.269559	-1.156529
-0.616357	-5.871537
0.266059	-0.384945
-0.247251	-6.720682
-0.079074	-0.141546
0.595982	-5.767371
-0.337224	-0.662238
0.389839	-6.744599
-0.114273	-1.402299
-0.139245	-7.414673
0.312164	-1.039744
-0.715324	-5.482921
0.235490	-0.290842
-0.137649	-6.888295
-0.131056	-0.151997
0.731600	-5.328446
-0.350549	-0.754807
0.324117	-6.969142
-0.054733	-1.446676
-0.207158	-7.288288
0.339481	-0.934373
-0.807126	-5.127381
0.205432	-0.219984
-0.044039	-6.956636
-0.172475	-0.175279
0.832957	-5.006865
-0.351813	-0.841386
0.265606	-7.144014
0.000238	-1.460978
-0.267057	-7.140004
0.351784	-0.842212
-0.833069	-5.006054
0.171979	-0.175888
0.044451	-6.956576
-0.205854	-0.219657
0.805534	-5.133359
-0.339303	-0.934266
0.205602	-7.291773
0.055390	-1.446481
-0.325546	-6.964586
0.350331	-0.756304
-0.730788	-5.330805
0.130445	-0.152199
0.138643	-6.887285
-0.235910	-0.290592
0.713614	-5.489459
-0.311769	-1.040304
0.137508	-7.417389
0.114994	-1.401924
-0.391287	-6.739481
0.336913	-0.662630
-0.594691	-5.771296
0.078322	-0.141902
0.248070	-6.719409
-0.266477	-0.385794
0.614478	-5.878810
-0.269064	-1.156186
0.061751	-7.500950
0.178484	-1.326288
-0.470136	-6.445300
0.313438	-0.557921
-0.452939	-6.208488
0.017461	-0.138495
0.376373	-6.422501
-0.297573	-0.495362
0.518494	-6.257440
-0.213082	-1.269893
-0.018432	-7.520511
0.239462	-1.222385
-0.561162	-6.089610
0.283643	-0.446596
-0.317576	-6.569366
-0.045644	-0.139337
0.516264	-6.018259
-0.325135	-0.604906
0.432140	-6.589330
-0.149915	-1.362796
-0.097270	-7.469365
0.289962	-1.105652
-0.659572	-5.701104
0.252508	-0.341131
-0.197465	-6.807759
-0.103118	-0.145213
0.656976	-5.570697
-0.344390	-0.704996
0.360055	-6.849388
-0.087612	-1.425297
-0.169889	-7.363320
0.325973	-0.992568
-0.757532	-5.319142
0.222442	-0.256694
-0.095542	-6.927712
-0.150416	-0.160084
0.784244	-5.158591
-0.352669	-0.793154
0.298232	-7.049938
-0.030337	-1.456443
-0.234072	-7.225823
0.346667	-0.892419
-0.834826	-5.017435
0.191502	-0.197730
-0.005048	-6.964342
-0.187812	-0.191640
0.838031	-5.002875
-0.348140	-0.880358
0.239659	-7.212080
0.024099	-1.458176
-0.292307	-7.067702
0.352766	-0.804072
-0.797050	-5.117478
0.155031	-0.163204
0.083894	-6.936375
-0.219133	-0.247314
0.767589	-5.280150
-0.329196	-0.978117
0.176618	-7.350887
0.080723	-1.431076
-0.353211	-6.872862
0.345839	-0.716665
-0.672748	-5.519346
0.108938	-0.146703
0.184473	-6.827841
-0.249115	-0.329582
0.670077	-5.659670
-0.294836	-1.091274
0.104805	-7.461007
0.142563	-1.372680
-0.423640	-6.621088
0.327705	-0.618333
-0.533220	-5.965290
0.052463	-0.139986
0.302262	-6.605236
-0.280195	-0.432695
0.571584	-6.048360
-0.245923	-1.207615
0.027004	-7.518316
0.206078	-1.282929
-0.508263	-6.297451
0.300872	-0.509509
-0.392199	-6.379857
-0.010376	-0.138322
0.436905	-6.255121
-0.310367	-0.544569
0.478626	-6.412378
-0.185765	-1.314460
-0.053499	-7.506265
0.263242	-1.171170
-0.603908	-5.920701
0.269948	-0.398470
-0.262793	-6.689699
-0.071872	-0.141094
0.578395	-5.823478
-0.334776	-0.650558
0.399016	-6.711522
-0.122146	-1.394114
-0.129909	-7.428454
0.307643	-1.054316
-0.703039	-5.530811
0.239245	-0.300793
-0.150273	-6.873688
-0.125158	-0.150210
0.715489	-5.380745
-0.349511	-0.743785
0.332248	-6.942802
-0.061885	-1.442768
-0.198728	-7.306487
0.336840	-0.947970
-0.796770	-5.167463
0.209254	-0.227857
-0.055071	-6.952265
-0.167829	-0.171469
0.825136	-5.030105
-0.352302	-0.831944
0.273054	-7.123345
-0.006539	-1.460739
-0.260277	-7.158439
0.350983	-0.854126
-0.837967	-4.992975
0.176504	-0.180291
0.033351	-6.960024
-0.201963	-0.213190
0.814828	-5.097070
-0.341701	-0.921383
0.213157	-7.275069
0.048306	-1.449937
-0.318142	-6.988283
0.351238	-0.766404
-0.746389	-5.280303
0.136183	-0.154526
0.125842	-6.901013
-0.232201	-0.279628
0.725770	-5.442145
-0.316046	-1.026328
0.146645	-7.403210
0.107307	-1.409011
-0.382828	-6.769776
0.339187	-0.674892
-0.612278	-5.714874
0.085376	-0.143069
0.233654	-6.746417
-0.262607	-0.372235
0.626788	-5.830184
-0.275151	-1.141968
0.071029	-7.494074
0.170541	-1.337310
-0.459543	-6.485855
0.316779	-0.572396
-0.470787	-6.155735
0.025345	-0.138662
0.359708	-6.465864
-0.293808	-0.480553
0.530054	-6.212095
-0.220599	-1.256763
-0.008607	-7.522014
0.232327	-1.236078
-0.549267	-6.136544
0.287545	-0.459936
-0.333429	-6.531524
-0.037941	-0.138908
0.498589	-6.072370
-0.322037	-0.592487
0.442104	-6.551874
-0.157848	-1.353119
-0.087713	-7.479203
0.284442	-1.119902
-0.647120	-5.750100
0.256335	-0.353565
-0.211144	-6.785656
-0.096463	-0.143967
0.639906	-5.625921
-0.342579	-0.692540
0.368385	-6.820539
-0.095124	-1.419280
-0.161323	-7.378625
0.322304	-1.006304
-0.745728	-5.364848
0.226156	-0.266079
-0.107417	-6.918000
-0.145102	-0.157575
0.770107	-5.203936
-0.352297	-0.782540
0.305590	-7.027497
-0.037253	-1.454157
-0.226159	-7.244937
0.344871	-0.904816
-0.828581	-5.042973
0.195555	-0.203901
-0.016258	-6.963373
-0.183578	-0.186558
0.840374	-4.990883
-0.349438	-0.869572
0.247363	-7.192502
0.017269	-1.459553
-0.285651	-7.087293
0.352677	-0.816321
-0.809221	-5.079065
0.160049	-0.166171
0.072441	-6.943536
-0.215396	-0.238487
0.779188	-5.235403
-0.332348	-0.965789
0.184798	-7.335062
0.073504	-1.435701
-0.344975	-6.900653
0.347311	-0.728927
-0.689860	-5.463677
0.115276	-0.148332
0.171037	-6.846976
-0.245316	-0.318351
0.682783	-5.609922
-0.299958	-1.076603
0.114717	-7.448929
0.134616	-1.381780
-0.414373	-6.655439
0.330496	-0.631680
-0.550821	-5.910290
0.059997	-0.140254
0.286658	-6.639881
-0.276275	-0.419318
0.583838	-5.999959
-0.252755	-1.193212
0.036716	-7.514831
0.198257	-1.296248
-0.497182	-6.340670
0.304564	-0.523143
-0.409835	-6.331231
-0.002432	-0.138300
0.419478	-6.304697
-0.306815	-0.530638
0.489803	-6.369196
-0.193661	-1.302200
-0.043203	-7.511892
0.256677	-1.186265
-0.591895	-5.968252
0.273854	-0.411943
-0.278096	-6.657891
-0.064542	-0.140522
0.560807	-5.879187
-0.332206	-0.637892
0.408232	-6.677932
-0.129919	-1.386295
-0.121094	-7.440570
0.302849	-1.069532
-0.691157	-5.577358
0.242996	-0.311971
-0.163376	-6.857117
-0.119094	-0.148358
0.699412	-5.432856
-0.348247	-0.733568
0.339722	-6.918137
-0.069115	-1.438383
-0.190853	-7.322791
0.334121	-0.959028
-0.786353	-5.207843
0.213057	-0.235116
-0.066012	-6.947006
-0.163057	-0.167481
0.815386	-5.060059
-0.352707	-0.819986
0.280460	-7.102314
-0.013181	-1.460126
-0.252715	-7.178544
0.350012	-0.865214
-0.840469	-4.988184
0.180920	-0.184444
0.022194	-6.962502
-0.198031	-0.206207
0.823589	-5.062698
-0.343740	-0.911005
0.221289	-7.256409
0.041291	-1.452918
-0.310764	-7.011493
0.351912	-0.777335
-0.761500	-5.231523
0.141759	-0.156782
0.113545	-6.912876
-0.228477	-0.269946
0.738325	-5.393524
-0.320051	-1.013050
0.154821	-7.389894
0.099540	-1.416309
-0.373739	-6.801831
0.341261	-0.687830
-0.629875	-5.658119
0.092299	-0.143728
0.219000	-6.772620
-0.258728	-0.359886
0.638935	-5.782199
-0.281094	-1.126796
0.080890	-7.485690
0.162669	-1.347228
-0.448932	-6.526169
0.320047	-0.585715
-0.488553	-6.102443
0.033173	-0.138915
0.342864	-6.508565
-0.289950	-0.467214
0.541518	-6.166952
-0.227933	-1.243871
0.001239	-7.522430
0.224987	-1.250061
-0.537254	-6.183804
0.291423	-0.473273
-0.350387	-6.489198
-0.030156	-0.138630
0.480858	-6.125975
-0.318852	-0.578950
0.452072	-6.514082
-0.165884	-1.342285
-0.077963	-7.488227
0.278657	-1.134716
-0.635078	-5.797655
0.260194	-0.365966
-0.225266	-6.761354
-0.089639	-0.143124
0.622294	-5.682884
-0.340560	-0.680805
0.376767	-6.791131
-0.102708	-1.412827
-0.152543	-7.393561
0.318464	-1.019136
-0.733799	-5.411128
0.229873	-0.275683
-0.119129	-6.907410
-0.139633	-0.154973
0.754968	-5.252830
-0.351688	-0.772773
0.312958	-7.004598
-0.044227	-1.451399
-0.218842	-7.262024
0.342901	-0.916364
-0.820841	-5.073748
0.199550	-0.209634
-0.027440	-6.961395
-0.179233	-0.182061
0.839310	-4.990708
-0.350564	-0.857955
0.254976	-7.172623
0.010468	-1.460468
-0.278267	-7.108583
0.352505	-0.826060
-0.819934	-5.045761
0.164911	-0.169779
0.060869	-6.949740
-0.211611	-0.231037
0.790173	-5.192950
-0.335327	-0.952578
0.193519	-7.317390
0.066224	-1.440354
-0.337475	-6.925655
0.348710	-0.738669
-0.705910	-5.411716
0.121449	-0.149899
0.158064	-6.864062
-0.241548	-0.307144
0.695323	-5.560901
-0.304916	-1.060981
0.123668	-7.437210
0.126824	-1.389762
-0.405138	-6.689332
0.333175	-0.644004
-0.568407	-5.854852
0.067393	-0.141026
0.270825	-6.673760
-0.272402	-0.404584
0.595946	-5.952062
-0.259350	-1.179231
0.046332	-7.510344
0.190431	-1.308454
-0.486041	-6.383883
0.308172	-0.536951
-0.426701	-6.284059
0.005504	-0.138336
0.401923	-6.353668
-0.303171	-0.516914
0.500926	-6.325966
-0.201435	-1.289960
-0.033548	-7.516064
0.249987	-1.200385
-0.579735	-6.016329
0.277771	-0.425361
-0.293171	-6.625376
-0.057097	-0.139870
0.543209	-5.934469
-0.329458	-0.625791
0.417483	-6.643861
-0.137857	-1.377353
-0.111315	-7.453152
0.297890	-1.083807
-0.678559	-5.626630
0.246775	-0.323199
-0.176947	-6.838466
-0.112851	-0.147031
0.682827	-5.486703
-0.346835	-0.722485
0.347242	-6.892945
-0.076427	-1.433524
-0.182794	-7.338859
0.331035	-0.972533
-0.775340	-5.250432
0.216807	-0.243764
-0.077539	-6.940347
-0.158135	-0.164148
0.804189	-5.095058
-0.352864	-0.808898
0.287128	-7.082973
-0.019992	-1.459009
-0.245070	-7.198341
0.348871	-0.875473
-0.840072	-4.993426
0.185220	-0.189185
0.010999	-6.963981
-0.194027	-0.199741
0.830830	-5.033673
-0.345696	-0.898093
0.228556	-7.239268
0.034340	-1.455426
-0.303403	-7.034235
0.352350	-0.789113
-0.776127	-5.184450
0.147176	-0.158936
0.101767	-6.923015
-0.224760	-0.260452
0.750205	-5.347466
-0.323885	-0.998860
0.163520	-7.374906
0.091982	-1.422527
-0.365378	-6.831027
0.343198	-0.699856
-0.646925	-5.603092
0.099058	-0.144742
0.204783	-6.796514
-0.254880	-0.347487
0.651495	-5.732756
-0.286774	-1.112168
0.090567	-7.476438
0.154617	-1.357938
-0.438969	-6.563837
0.323174	-0.599424
-0.506253	-6.048637
0.040928	-0.139289
0.326475	-6.548651
-0.286105	-0.452522
0.553489	-6.119801
-0.235194	-1.229974
0.011833	-7.521648
0.217579	-1.263023
-0.525753	-6.229029
0.295216	-0.488047
-0.366508	-6.448155
-0.022304	-0.138460
0.463055	-6.179051
-0.315532	-0.565784
0.462684	-6.473665
-0.173866	-1.331267
-0.068036	-7.496355
0.272726	-1.148589
-0.622289	-5.848021
0.264084	-0.378309
-0.239825	-6.734767
-0.082667	-0.142191
0.605267	-5.737473
-0.338339	-0.669751
0.385199	-6.761176
-0.110358	-1.405960
-0.143543	-7.408072
0.314352	-1.032681
-0.721736	-5.458021
0.233600	-0.285457
-0.131354	-6.895099
-0.133988	-0.152981
0.739867	-5.301573
-0.350999	-0.760498
0.320348	-6.981221
-0.051123	-1.448489
-0.210654	-7.280619
0.340666	-0.928740
-0.812078	-5.108135
0.203455	-0.216822
-0.037881	-6.958714
-0.174787	-0.177300
0.835848	-4.998821
-0.351434	-0.847204
0.261797	-7.154395
0.003685	-1.460923
-0.270848	-7.129500
0.352085	-0.836665
-0.829207	-5.017469
0.169626	-0.174047
0.049890	-6.954557
-0.207792	-0.223943
0.800567	-5.152682
-0.338036	-0.940154
0.201326	-7.301026
0.059023	-1.444531
-0.330020	-6.950135
0.349811	-0.750864
-0.722534	-5.357619
0.127457	-0.151380
0.144878	-6.880234
-0.237807	-0.296004
0.707703	-5.512585
-0.309497	-1.047581
0.132399	-7.424989
0.118925	-1.398159
-0.395939	-6.722733
0.335672	-0.656912
-0.585986	-5.799002
0.074669	-0.141730
0.256094	-6.703511
-0.268460	-0.392408
0.607906	-5.904704
-0.265818	-1.164286
0.056579	-7.504396
0.182623	-1.319578
-0.475492	-6.424684
0.311684	-0.550986
-0.444079	-6.234248
0.013441	-0.138418
0.384859	-6.399975
-0.299501	-0.501917
0.512613	-6.280438
-0.209198	-1.276625
-0.023806	-7.519218
0.243065	-1.214903
-0.567431	-6.064894
0.281689	-0.438732
-0.309346	-6.588602
-0.049533	-0.139434
0.525591	-5.989301
-0.326601	-0.612652
0.426763	-6.609344
-0.145805	-1.368082
-0.102066	-7.464061
0.292772	-1.097157
-0.665793	-5.676634
0.250553	-0.335642
-0.190293	-6.818924
-0.106444	-0.145628
0.665721	-5.542308
-0.345276	-0.710531
0.355500	-6.864957
-0.083820	-1.428196
-0.173804	-7.356129
0.327776	-0.985148
-0.763706	-5.295338
0.220560	-0.251679
-0.089635	-6.932107
-0.153055	-0.161449
0.791012	-5.137017
-0.352775	-0.798675
0.294490	-7.061184
-0.026838	-1.457429
-0.238050	-7.215993
0.347471	-0.886589
-0.837260	-5.007033
0.189414	-0.194507
0.000479	-6.964445
-0.189919	-0.194742
0.836086	-5.011581
-0.347299	-0.887711
0.236423	-7.220086
0.027590	-1.457293
-0.296049	-7.056528
0.352627	-0.800064
-0.790275	-5.139070
0.152424	-0.161704
0.089831	-6.932235
-0.221017	-0.252264
0.761965	-5.301968
-0.327447	-0.985396
0.172007	-7.359564
0.084499	-1.428302
-0.357069	-6.859663
0.344996	-0.710978
-0.664001	-5.547774
0.105646	-0.146185
0.191010	-6.818185
-0.251065	-0.335064
0.663887	-5.684013
-0.292190	-1.098122
0.100049	-7.466401
0.146675	-1.367482
-0.429013	-6.601152
0.326211	-0.612034
-0.523904	-5.994338
0.048609	-0.139588
0.310538	-6.586178
-0.282195	-0.439204
0.565340	-6.072999
-0.242366	-1.215050
0.021642	-7.519796
0.209995	-1.276190
-0.514159	-6.274433
0.299008	-0.501493
-0.383746	-6.402522
-0.014402	-0.138363
0.445786	-6.229477
-0.312143	-0.551445
0.473274	-6.433029
-0.181777	-1.320142
-0.058698	-7.502972
0.266422	-1.164433
-0.609919	-5.896882
0.267961	-0.391862
-0.254818	-6.705813
-0.075554	-0.141197
0.587681	-5.793761
-0.336055	-0.656148
0.394355	-6.728371
-0.118206	-1.397983
-0.134320	-7.422093
0.309969	-1.046913
-0.709529	-5.505560
0.237344	-0.295357
-0.144078	-6.880933
-0.128181	-0.150909
0.723740	-5.353945
-0.350002	-0.750722
0.327766	-6.957349
-0.058236	-1.444824
-0.203037	-7.297269
0.338256	-0.940256
-0.802262	-5.146276
0.207324	-0.223477
-0.049649	-6.954508
-0.170210	-0.173172
0.829484	-5.016995
-0.352051	-0.837320
0.269272	-7.133903
-0.003090	-1.460919
-0.263382	-7.150066
0.351413	-0.848138
-0.835558	-4.999352
0.174218	-0.178132
0.038826	-6.958463
-0.203951	-0.216255
0.810392	-5.114496
-0.340477	-0.928536
0.208963	-7.284450
0.051901	-1.448231
-0.321905	-6.976292
0.350758	-0.762215
-0.738119	-5.307190
0.133286	-0.153412
0.132176	-6.894428
-0.234089	-0.284972
0.719930	-5.464950
-0.313912	-1.033258
0.141649	-7.411109
0.111211	-1.405438
-0.386781	-6.755610
0.338044	-0.668849
-0.603568	-5.742768
0.081814	-0.142330
0.241128	-6.732511
-0.264578	-0.378875
0.620300	-5.855750
-0.272035	-1.149818
0.066687	-7.497386
0.174589	-1.331709
-0.464911	-6.465337
0.315085	-0.565300
-0.461974	-6.181774
0.021347	-0.138545
0.368280	-6.443656
-0.295714	-0.488476
0.523595	-6.237319
-0.216801	-1.263406
-0.013250	-7.521444
0.236040	-1.228436
-0.555601	-6.111634
0.285555	-0.453433
-0.325304	-6.551102
-0.041864	-0.139152
0.507941	-6.043660
-0.323642	-0.598460
0.436724	-6.572080
-0.153749	-1.358541
-0.092610	-7.474282
0.287276	-1.112644
-0.653425	-5.725275
0.254397	-0.346874
-0.204091	-6.797250
-0.099862	-0.144674
0.648639	-5.597670
-0.343502	-0.699331
0.363806	-6.836402
-0.091293	-1.422409
-0.165344	-7.371575
0.324246	-0.998516
-0.751963	-5.340757
0.224277	-0.260930
-0.100895	-6.923590
-0.147827	-0.158625
0.777368	-5.180620
-0.352525	-0.787627
0.301846	-7.038968
-0.033727	-1.455383
-0.230199	-7.235250
0.345809	-0.898557
-0.832001	-5.029136
0.193513	-0.200393
-0.010738	-6.963973
-0.185737	-0.189362
0.839393	-4.996256
-0.348818	-0.874800
0.243456	-7.202498
0.020740	-1.458907
-0.288691	-7.078393
0.352743	-0.810189
-0.802931	-5.098959
0.157507	-0.165121
0.078445	-6.939874
-0.217290	-0.243272
0.773088	-5.258860
-0.330737	-0.972682
0.181023	-7.342403
0.077096	-1.433619
-0.349496	-6.885482
0.346579	-0.722848
-0.681101	-5.492210
0.112074	-0.147571
0.177688	-6.837729
-0.247249	-0.323837
0.676677	-5.633905
-0.297448	-1.083134
0.109324	-7.455663
0.138725	-1.376762
-0.419071	-6.638064
0.329087	-0.625120
-0.541522	-5.939565
0.056186	-0.140033
0.294385	-6.622983
-0.278276	-0.425853
0.577665	-6.024360
-0.249315	-1.200454
0.031393	-7.516883
0.202249	-1.289480
-0.503114	-6.317625
0.302687	-0.516486
-0.400821	-6.356248
-0.006468	-0.138314
0.428418	-6.279348
-0.308643	-0.537392
0.484472	-6.389899
-0.189727	-1.307885
-0.048467	-7.509163
0.259982	-1.179290
-0.597982	-5.944153
0.271859	-0.405365
-0.270242	-6.674419
-0.068281	-0.140865
0.570098	-5.849668
-0.333514	-0.644766
0.403552	-6.695037
-0.125960	-1.390330
-0.125617	-7.434451
0.305314	-1.061805
-0.697171	-5.553777
0.241081	-0.306497
-0.156600	-6.865882
-0.122194	-0.149397
0.707646	-5.406155
-0.348927	-0.738436
0.335915	-6.930747
-0.065427	-1.440683
-0.195253	-7.313710
0.335578	-0.952579
-0.791879	-5.186490
0.211125	-0.231554
-0.060639	-6.949675
-0.165496	-0.169674
0.820701	-5.043579
-0.352500	-0.826612
0.276698	-7.113058
-0.009871	-1.460455
-0.256571	-7.168357
0.350572	-0.858786
-0.839506	-4.989550
0.178697	-0.181978
0.027696	-6.961417
-0.200031	-0.210007
0.819162	-5.080076
-0.342743	-0.916057
0.217171	-7.265936
0.044852	-1.451455
-0.314514	-6.999747
0.351550	-0.772726
-0.753741	-5.256599
0.138952	-0.155361
0.119972	-6.906771
-0.230359	-0.275205
0.732013	-5.417967
-0.318055	-1.019622
0.150678	-7.396727
0.103553	-1.412333
-0.378344	-6.785639
0.340221	-0.681440
-0.621157	-5.686184
0.088805	-0.143239
0.226596	-6.759152
-0.260685	-0.366553
0.632532	-5.807428
-0.278111	-1.134386
0.075885	-7.490079
0.166612	-1.342673
-0.454308	-6.505781
0.318420	-0.578437
-0.479777	-6.128750
0.029206	-0.138741
0.351530	-6.486706
-0.291925	-0.473708
0.535732	-6.189763
-0.224230	-1.250383
-0.003411	-7.522372
0.228679	-1.243582
-0.543649	-6.158728
0.289446	-0.466772
-0.341712	-6.511042
-0.034118	-0.138794
0.490243	-6.097525
-0.320471	-0.586247
0.447346	-6.532107
-0.161804	-1.347830
-0.082957	-7.483732
0.281626	-1.127175
-0.641466	-5.772488
0.258240	-0.359289
-0.218333	-6.773347
-0.093124	-0.143627
0.631583	-5.652746
-0.341589	-0.687231
0.372163	-6.807283
-0.098841	-1.416177
-0.156672	-7.386675
0.320444	-1.012611
-0.740101	-5.386731
0.227992	-0.270423
-0.113383	-6.912677
-0.142430	-0.156421
0.762732	-5.227732
-0.352036	-0.777432
0.309208	-7.016304
-0.040671	-1.452867
-0.222949	-7.252456
0.343974	-0.909681
-0.824760	-5.058158
0.197526	-0.206822
-0.021240	-6.962645
-0.181450	-0.184560
0.840278	-4.989316
-0.349989	-0.864437
0.251114	-7.182773
0.013925	-1.460059
-0.282027	-7.097802
0.352614	-0.821177
-0.814625	-5.062216
0.162447	-0.168417
0.066931	-6.946593
-0.213542	-0.234607
0.784641	-5.214333
-0.333854	-0.959078
0.189107	-7.326422
0.069918	-1.438036
-0.341284	-6.913004
0.348017	-0.733846
-0.697679	-5.438399
0.118338	-0.148877
0.164141	-6.856391
-0.243465	-0.312617
0.688739	-5.586569
-0.302436	-1.068759
0.119131	-7.443255
0.130785	-1.385719
-0.409819	-6.672195
0.331793	-0.638736
-0.559117	-5.884342
0.063646	-0.140685
0.278668	-6.657245
-0.274357	-0.412456
0.589848	-5.976203
-0.256031	-1.186251
0.041812	-7.512567
0.194489	-1.301680
-0.492004	-6.360846
0.306339	-0.530203
-0.417755	-6.309378
0.001467	-0.138306
0.410932	-6.328633
-0.305044	-0.523573
0.495621	-6.346689
-0.197565	-1.295605
-0.038865	-7.513880
0.253414	-1.193185
-0.585896	-5.991968
0.275771	-0.418814
-0.285432	-6.642259
-0.060900	-0.140088
0.552509	-5.905164
-0.330856	-0.632381
0.412785	-6.661206
-0.133886	-1.381553
-0.115950	-7.447349
0.300493	-1.075763
-0.684654	-5.602697
0.244844	-0.317708
-0.170283	-6.847710
-0.116042	-0.147803
0.691043	-5.460115
-0.347554	-0.728607
0.343411	-6.905825
-0.072697	-1.436065
-0.186556	-7.331480
0.332631	-0.965690
-0.780907	-5.228881
0.214912	-0.238989
-0.072223	-6.943449
-0.160651	-0.166004
0.809977	-5.076933
-0.352783	-0.815082
0.284088	-7.091842
-0.016523	-1.459637
-0.248969	-7.188309
0.349475	-0.870298
-0.840560	-4.989775
0.183036	-0.187307
0.016517	-6.963386
-0.196065	-0.203269
0.827411	-5.047510
-0.344743	-0.904405
0.224507	-7.248916
0.037869	-1.454204
-0.307146	-7.022725
0.352187	-0.782396
-0.768870	-5.207746
0.144442	-0.157911
0.107589	-6.918180
-0.226640	-0.265605
0.743961	-5.371600
-0.322027	-1.005065
0.159486	-7.381909
0.095818	-1.419405
-0.369959	-6.815123
0.342263	-0.693104
-0.638195	-5.631319
0.095634	-0.144533
0.212501	-6.783512
-0.256821	-0.354171
0.645178	-5.757632
-0.283924	-1.119476
0.085657	-7.481260
0.158715	-1.352515
-0.443691	-6.545955
0.321621	-0.591936
-0.497507	-6.075201
0.037000	-0.139039
0.334590	-6.529061
-0.288049	-0.460384
0.547145	-6.144742
-0.231593	-1.236334
0.006436	-7.522206
0.221366	-1.256411
-0.531582	-6.206122
0.293260	-0.481523
-0.358574	-6.468369
-0.026298	-0.138566
0.472483	-6.150876
-0.317275	-0.571386
0.457311	-6.494171
-0.169816	-1.336897
-0.073118	-7.492328
0.275712	-1.142252
-0.628765	-5.822505
0.262115	-0.371659
-0.232338	-6.748645
-0.086234	-0.142512
0.613980	-5.709551
-0.339470	-0.675832
0.380571	-6.777610
-0.106459	-1.409519
-0.147784	-7.401377
0.316470	-1.025797
-0.728109	-5.433298
0.231713	-0.280110
-0.125009	-6.901668
-0.136875	-0.154117
0.747611	-5.276556
-0.351389	-0.766403
0.316586	-6.993172
-0.047677	-1.449878
-0.214837	-7.271197
0.341874	-0.921640
-0.816511	-5.090726
0.201485	-0.212792
-0.032403	-6.960240
-0.177066	-0.179480
0.838263	-4.992417
-0.350989	-0.853246
0.258687	-7.162740
0.007135	-1.460748
-0.274627	-7.118906
0.352321	-0.831341
-0.824867	-5.030549
0.167253	-0.171543
0.055307	-6.952322
-0.209742	-0.227330
0.795070	-5.173897
-0.336699	-0.946251
0.197005	-7.310199
0.062677	-1.442457
-0.333807	-6.937748
0.349232	-0.745633
-0.714288	-5.384392
0.124423	-0.150697
0.151749	-6.871915
-0.239711	-0.301441
0.701202	-5.537887
-0.307155	-1.055028
0.127974	-7.431282
0.122868	-1.394302
-0.400601	-6.705849
0.334382	-0.651349
-0.577285	-5.826602
0.070992	-0.141253
0.263387	-6.689028
-0.270449	-0.399005
0.601883	-5.928568
-0.262507	-1.172498
0.051372	-7.507566
0.186606	-1.313909
-0.480839	-6.404029
0.309901	-0.544119
-0.435192	-6.259862
0.009413	-0.138361
0.393944	-6.375264
-0.301361	-0.509935
0.506712	-6.303463
-0.205272	-1.283388
-0.028412	-7.517870
0.246609	-1.207508
-0.573665	-6.040292
0.279689	-0.432212
-0.301060	-6.607644
-0.053394	-0.139560
0.534311	-5.962335
-0.328085	-0.618977
0.422052	-6.626911
-0.141831	-1.372421
-0.106809	-7.458578
0.295402	-1.090351
-0.672536	-5.650271
0.248639	-0.328949
-0.183061	-6.829838
-0.109726	-0.146152
0.674472	-5.513859
-0.346107	-0.716260
0.351644	-6.878117
-0.080049	-1.430976
-0.178401	-7.347395
0.329411	-0.979569
-0.769323	-5.273556
0.218650	-0.247800
-0.083690	-6.936263
-0.155652	-0.162978
0.797793	-5.115398
-0.352819	-0.804419
0.290747	-7.072319
-0.023350	-1.458295
-0.241279	-7.207960
0.348207	-0.880979
-0.839207	-4.998317
0.187283	-0.192349
0.006006	-6.964305
-0.192021	-0.197060
0.833654	-5.021975
-0.346480	-0.893593
0.232436	-7.229879
0.030947	-1.456481
-0.299789	-7.045243
0.352507	-0.794592
-0.782998	-5.162440
0.149775	-0.160367
0.095731	-6.927856
-0.222924	-0.256216
0.755783	-5.325813
-0.325627	-0.992864
0.168079	-7.366711
0.088297	-1.425408
-0.361625	-6.844051
0.344098	-0.705483
-0.655258	-5.576141
0.102324	-0.145262
0.198169	-6.807020
-0.252989	-0.341752
0.657654	-5.708535
-0.289475	-1.105128
0.095240	-7.471613
0.150648	-1.363093
-0.433729	-6.583455
0.324676	-0.605855
-0.515179	-6.021150
0.044713	-0.139482
0.318757	-6.566927
-0.284193	-0.445701
0.559060	-6.097748
-0.238751	-1.222570
0.016265	-7.520951
0.213870	-1.269483
-0.520034	-6.251443
0.297078	-0.494935
-0.375253	-6.425034
-0.018420	-0.138426
0.454642	-6.203688
-0.313891	-0.558392
0.467913	-6.453638
-0.177765	-1.325817
-0.063110	-7.499987
0.269654	-1.156378
-0.616479	-5.871036
0.265980	-0.385237
-0.247452	-6.720102
-0.079184	-0.141755
0.596388	-5.766027
-0.337219	-0.663495
0.389705	-6.745083
-0.114138	-1.402458
-0.139415	-7.414411
0.312225	-1.039682
-0.715978	-5.480494
0.235448	-0.289947
-0.137831	-6.887972
-0.131158	-0.151746
0.731999	-5.327106
-0.350509	-0.756209
0.323989	-6.969554
-0.054608	-1.446756
-0.207302	-7.287971
0.339507	-0.934419
-0.807225	-5.126976
0.205361	-0.220211
-0.043510	-6.956862
-0.172556	-0.175034
0.833352	-5.005551
-0.351735	-0.842921
0.265477	-7.144369
0.000357	-1.460978
-0.267186	-7.139648
0.351777	-0.842373
-0.832674	-5.007367
0.171915	-0.175291
0.044284	-6.956677
-0.205924	-0.219429
0.805436	-5.133764
-0.339276	-0.934221
0.205457	-7.292088
0.055515	-1.446400
-0.325675	-6.964172
0.350295	-0.756570
-0.730389	-5.332145
0.130343	-0.152448
0.138461	-6.887610
-0.235982	-0.290351
0.713507	-5.489900
-0.311708	-1.040367
0.137337	-7.417648
0.115129	-1.401765
-0.391422	-6.738996
0.336851	-0.662973
-0.594862	-5.770565
0.078198	-0.142090
0.248540	-6.718403
-0.266556	-0.385501
0.614356	-5.879313
-0.268853	-1.157792
0.061553	-7.501089
0.178617	-1.326081
-0.470273	-6.444765
0.313360	-0.558287
-0.453140	-6.207676
0.017337	-0.138453
0.376806	-6.421280
-0.297656	-0.495010
0.517733	-6.260289
-0.212959	-1.270099
-0.018637	-7.520467
0.239574	-1.222197
-0.561292	-6.089081
0.283605	-0.445567
-0.317127	-6.570508
-0.045777	-0.139217
0.516676	-6.016938
-0.325147	-0.606086
0.432003	-6.589848
-0.149779	-1.362989
-0.097457	-7.469160
0.290043	-1.105537
-0.659687	-5.700630
0.252432	-0.341396
-0.196978	-6.808626
-0.103233	-0.144986
0.657378	-5.569348
-0.344441	-0.704682
0.359923	-6.849841
-0.087481	-1.425422
-0.170047	-7.363029
0.326018	-0.992552
-0.758166	-5.316820
0.222397	-0.255848
-0.095024	-6.928187
-0.150508	-0.159830
0.784640	-5.157266
-0.352692	-0.792933
0.298104	-7.050322
-0.030216	-1.456487
-0.234207	-7.225490
0.346679	-0.892516
-0.834925	-5.017027
0.191428	-0.197963
-0.005213	-6.964330
-0.187888	-0.191404
0.837931	-5.003286
-0.348043	-0.881940
0.239525	-7.212416
0.024220	-1.458141
-0.292435	-7.067323
0.352746	-0.804281
-0.796654	-5.118799
0.154941	-0.163456
0.084416	-6.935953
-0.219203	-0.247085
0.767488	-5.280565
-0.329056	-0.979771
0.176463	-7.351182
0.080853	-1.430961
-0.353341	-6.872417
0.345791	-0.716970
-0.672347	-5.520694
0.108826	-0.146935
0.184282	-6.828277
-0.249190	-0.329322
0.669964	-5.660137
-0.294759	-1.091379
0.104621	-7.461222
0.142700	-1.372494
-0.423777	-6.620576
0.327635	-0.618694
-0.532810	-5.966617
0.052345	-0.139856
0.302716	-6.604118
-0.280276	-0.432373
0.571456	-6.048884
-0.245814	-1.207798
0.026800	-7.518379
0.206204	-1.282721
-0.509028	-6.294592
0.300841	-0.508430
-0.391768	-6.381094
-0.010500	-0.138346
0.437327	-6.253846
-0.310446	-0.544203
0.478489	-6.412916
-0.185633	-1.314669
-0.053699	-7.506142
0.263341	-1.171009
-0.604031	-5.920193
0.269868	-0.398770
-0.262327	-6.690739
-0.071999	-0.140917
0.578802	-5.822137
-0.334840	-0.650208
0.398881	-6.712014
-0.122010	-1.394282
-0.130083	-7.428203
0.307708	-1.054242
-0.703700	-5.528354
0.239173	-0.301037
-0.150457	-6.873334
-0.125263	-0.149963
0.715889	-5.379402
-0.349476	-0.745169
0.332119	-6.943223
-0.061758	-1.442858
-0.198875	-7.306176
0.336966	-0.946334
-0.797386	-5.165229
0.209206	-0.227070
-0.054544	-6.952546
-0.167913	-0.171221
0.825531	-5.028791
-0.352312	-0.831771
0.272926	-7.123706
-0.006420	-1.460750
-0.260407	-7.158088
0.350980	-0.854273
-0.838071	-4.992547
0.176442	-0.179671
0.033185	-6.960099
-0.202034	-0.212961
0.814730	-5.097475
-0.341586	-0.923005
0.213016	-7.275389
0.048430	-1.449867
-0.318270	-6.987878
0.351205	-0.766659
-0.745991	-5.281638
0.136099	-0.154102
0.126353	-6.900406
-0.232244	-0.280513
0.725665	-5.442580
-0.315989	-1.026378
0.146478	-7.403479
0.107441	-1.408860
-0.382962	-6.769300
0.339128	-0.675228
-0.611873	-5.716220
0.085268	-0.142841
0.234129	-6.745446
-0.262649	-0.373210
0.626668	-5.830679
-0.275060	-1.142111
0.070834	-7.494231
0.170675	-1.337106
-0.459680	-6.485323
0.316759	-0.571258
-0.470370	-6.157033
0.025208	-0.138729
0.360146	-6.464662
-0.293843	-0.481610
0.529299	-6.214931
-0.220478	-1.256966
-0.008812	-7.521994
0.232443	-1.235884
-0.549399	-6.136011
0.287462	-0.460270
-0.333638	-6.530793
-0.038062	-0.139001
0.499002	-6.071057
-0.322111	-0.592120
0.441967	-6.552398
-0.157713	-1.353317
-0.087903	-7.479014
0.284526	-1.119776
-0.647236	-5.749618
0.256294	-0.352607
-0.210661	-6.786564
-0.096580	-0.143748
0.640310	-5.624572
-0.342564	-0.693842
0.368253	-6.821000
-0.094992	-1.419416
-0.161484	-7.378342
0.322354	-1.006275
-0.746367	-5.362497
0.226112	-0.265218
-0.106902	-6.918528
-0.145197	-0.157321
0.770504	-5.202606
-0.352324	-0.782306
0.305462	-7.027889
-0.037131	-1.454211
-0.226297	-7.244609
0.344887	-0.904897
-0.828680	-5.042568
0.195503	-0.203181
-0.015727	-6.963456
-0.183655	-0.186319
0.840273	-4.991299
-0.349434	-0.869449
0.247230	-7.192844
0.017389	-1.459528
-0.285779	-7.086921
0.352742	-0.814828
-0.808826	-5.080382
0.159961	-0.166421
0.072965	-6.943169
-0.215442	-0.239304
0.778565	-5.237677
-0.332311	-0.965780
0.184646	-7.335363
0.073489	-1.436050
-0.345105	-6.900217
0.347340	-0.727573
-0.689459	-5.465023
0.115181	-0.147997
0.170848	-6.847380
-0.245390	-0.318097
0.682672	-5.610382
-0.299886	-1.076697
0.114537	-7.449159
0.134752	-1.381601
-0.414509	-6.654934
0.330428	-0.632037
-0.550413	-5.911623
0.059866	-0.140404
0.287116	-6.638793
-0.276356	-0.419004
0.583111	-6.002704
-0.252650	-1.193387
0.036513	-7.514916
0.198385	-1.296040
-0.497318	-6.340130
0.304483	-0.523502
-0.409408	-6.332484
-0.002570	-0.138292
0.419903	-6.303435
-0.306895	-0.530276
0.489666	-6.369736
-0.193531	-1.302410
-0.043405	-7.511792
0.256780	-1.186096
-0.592021	-5.967737
0.273815	-0.410939
-0.277635	-6.658963
-0.064671	-0.140360
0.561215	-5.877850
-0.332273	-0.637537
0.408096	-6.678432
-0.129783	-1.386470
-0.121272	-7.440330
0.303025	-1.067874
-0.691267	-5.576904
0.242922	-0.312220
-0.163563	-6.856731
-0.119187	-0.148710
0.699269	-5.433462
-0.348290	-0.733280
0.339592	-6.918567
-0.068988	-1.438484
-0.191003	-7.322485
0.334156	-0.959046
-0.786453	-5.207433
0.212987	-0.235342
-0.066182	-6.946855
-0.163127	-0.168033
0.815781	-5.058744
-0.352721	-0.819799
0.280332	-7.102682
-0.013061	-1.460145
-0.252846	-7.178199
0.350013	-0.865346
-0.840571	-4.987764
0.180842	-0.184684
0.022029	-6.962551
-0.198104	-0.205976
0.823491	-5.063103
-0.343721	-0.910932
0.221150	-7.256734
0.041414	-1.452858
-0.310892	-7.011096
0.351883	-0.777577
-0.761102	-5.232855
0.141678	-0.156333
0.114059	-6.912321
-0.228521	-0.270817
0.737682	-5.395894
-0.319998	-1.013087
0.154658	-7.390170
0.099672	-1.416169
-0.373872	-6.801363
0.341205	-0.688158
-0.629472	-5.659467
0.092180	-0.143939
0.219479	-6.771690
-0.258806	-0.359608
0.638817	-5.782686
-0.281007	-1.126929
0.080698	-7.485866
0.162669	-1.347992
-0.449069	-6.525642
0.320030	-0.584561
-0.488138	-6.103751
0.033037	-0.139001
0.343306	-6.507385
-0.290032	-0.466874
0.541385	-6.167487
-0.227815	-1.244069
0.001034	-7.522432
0.225106	-1.249862
-0.538005	-6.180979
0.291341	-0.473615
-0.349947	-6.490388
-0.030278	-0.138703
0.481274	-6.124671
-0.318928	-0.578583
0.451935	-6.514611
-0.165749	-1.342488
-0.078156	-7.488056
0.278746	-1.134580
-0.635196	-5.797165
0.260116	-0.366245
-0.225464	-6.760822
-0.089759	-0.142916
0.622698	-5.681537
-0.340549	-0.682088
0.376634	-6.791602
-0.102575	-1.412972
-0.152707	-7.393286
0.318518	-1.019094
-0.733903	-5.410697
0.229829	-0.274807
-0.119307	-6.907132
-0.139715	-0.155413
0.755366	-5.251496
-0.351718	-0.772526
0.312831	-7.004997
-0.044104	-1.451464
-0.218981	-7.261700
0.342921	-0.916432
-0.820939	-5.073343
0.199478	-0.209863
-0.026910	-6.961536
-0.179312	-0.181820
0.839706	-4.989390
-0.350478	-0.859511
0.254845	-7.172969
0.010588	-1.460453
-0.278395	-7.108218
0.352492	-0.826241
-0.820044	-5.045306
0.164826	-0.170027
0.061395	-6.949429
-0.211682	-0.230810
0.789555	-5.195200
-0.335294	-0.952555
0.193370	-7.317697
0.066351	-1.440258
-0.337605	-6.925228
0.348669	-0.738953
-0.706051	-5.411118
0.121357	-0.149539
0.157878	-6.864434
-0.241621	-0.306897
0.694658	-5.563379
-0.304742	-1.062642
0.123491	-7.437453
0.126960	-1.389590
-0.405273	-6.688835
0.333110	-0.644356
-0.567999	-5.856190
0.067279	-0.140854
0.271288	-6.672703
-0.272442	-0.405584
0.595821	-5.952575
-0.259248	-1.179398
0.046131	-7.510450
0.190562	-1.308246
-0.486177	-6.383344
0.308092	-0.537314
-0.426277	-6.285327
0.005379	-0.138323
0.402352	-6.352422
-0.303253	-0.516555
0.500790	-6.326506
-0.201308	-1.290169
-0.033751	-7.515986
0.250094	-1.200208
-0.579862	-6.015808
0.277689	-0.425677
-0.293377	-6.624707
-0.057213	-0.140014
0.543619	-5.933138
-0.329526	-0.625432
0.417347	-6.644369
-0.137721	-1.377536
-0.111497	-7.452926
0.297964	-1.083709
-0.678671	-5.626168
0.246700	-0.323454
-0.176453	-6.839266
-0.112962	-0.146793
0.682680	-5.487330
-0.346881	-0.722186
0.347112	-6.893384
-0.076298	-1.433635
-0.182947	-7.338558
0.331075	-0.972537
-0.775440	-5.250019
0.216761	-0.242942
-0.077711	-6.940168
-0.158207	-0.164675
0.804075	-5.095533
-0.352800	-0.810386
0.287001	-7.083346
-0.019872	-1.459039
-0.245203	-7.198001
0.348876	-0.875590
-0.840173	-4.993013
0.185144	-0.189423
0.011530	-6.963923
-0.194081	-0.200453
0.830731	-5.034080
-0.345682	-0.898006
0.228419	-7.239597
0.034462	-1.455376
-0.303530	-7.033846
0.352404	-0.787661
-0.776249	-5.183941
0.147082	-0.159188
0.102284	-6.922511
-0.224805	-0.261309
0.749568	-5.349807
-0.323837	-0.998884
0.163360	-7.375191
0.092114	-1.422397
-0.365510	-6.830569
0.343215	-0.698548
-0.647083	-5.602421
0.098942	-0.144962
0.205267	-6.795624
-0.254957	-0.347216
0.651379	-5.733235
-0.286691	-1.112290
0.090379	-7.476631
0.154753	-1.357742
-0.439106	-6.563315
0.323161	-0.598255
-0.505840	-6.049953
0.040808	-0.139190
0.326921	-6.547495
-0.286142	-0.453557
0.553359	-6.120333
-0.235079	-1.230166
0.011628	-7.521675
0.217701	-1.262820
-0.525887	-6.228491
0.295134	-0.488395
-0.366717	-6.447385
-0.022427	-0.138514
0.463473	-6.177757
-0.315609	-0.565417
0.462546	-6.474198
-0.173732	-1.331474
-0.068232	-7.496203
0.272819	-1.148443
-0.622410	-5.847523
0.264005	-0.378597
-0.240026	-6.734203
-0.082790	-0.141994
0.605099	-5.738192
-0.338399	-0.669412
0.385065	-6.761656
-0.110224	-1.406114
-0.143711	-7.407805
0.314411	-1.032626
-0.721841	-5.457584
0.233557	-0.284568
-0.131535	-6.894792
-0.134089	-0.152729
0.739735	-5.302128
-0.350957	-0.761909
0.320220	-6.981629
-0.051143	-1.448242
-0.210796	-7.280300
0.340690	-0.928793
-0.812176	-5.107730
0.203405	-0.216063
-0.038048	-6.958627
-0.174867	-0.177055
0.836243	-4.997507
-0.351438	-0.847052
0.261667	-7.154747
0.003805	-1.460918
-0.270977	-7.129141
0.352076	-0.836832
-0.828813	-5.018782
0.169560	-0.173462
0.050417	-6.954300
-0.207863	-0.223716
0.800468	-5.153089
-0.338007	-0.940117
0.201180	-7.301339
0.059149	-1.444445
-0.330148	-6.949717
0.349773	-0.751136
-0.722135	-5.358960
0.127354	-0.151627
0.145383	-6.879550
-0.237880	-0.295761
0.707044	-5.515032
-0.309434	-1.047650
0.132968	-7.424083
0.119060	-1.397996
-0.396074	-6.722243
0.335609	-0.657258
-0.585580	-5.800344
0.074557	-0.141536
0.255892	-6.704108
-0.268540	-0.392110
0.607783	-5.905210
-0.265721	-1.164444
0.056381	-7.504524
0.182755	-1.319370
-0.475629	-6.424147
0.311605	-0.551351
-0.444281	-6.233435
0.013303	-0.138452
0.385291	-6.398745
-0.299532	-0.502992
0.512478	-6.280979
-0.209073	-1.276833
-0.024010	-7.519162
0.243175	-1.214718
-0.567560	-6.064368
0.281607	-0.439056
-0.308895	-6.589732
-0.049651	-0.139557
0.526002	-5.987976
-0.326672	-0.612289
0.426626	-6.609859
-0.145669	-1.368272
-0.102251	-7.463849
0.292850	-1.097047
-0.666474	-5.674082
0.250511	-0.334699
-0.189804	-6.819769
-0.106543	-0.145930
0.666123	-5.540959
-0.345325	-0.710222
0.355369	-6.865405
-0.083690	-1.428317
-0.173960	-7.355835
0.327820	-0.985139
-0.763807	-5.294921
0.220490	-0.251906
-0.089114	-6.932555
-0.153146	-0.161196
0.791408	-5.135695
-0.352797	-0.798461
0.294363	-7.061564
-0.026717	-1.457469
-0.238184	-7.215657
0.347480	-0.886693
-0.837359	-5.006624
0.189339	-0.194741
0.000314	-6.964446
-0.189994	-0.194507
0.835987	-5.011990
-0.347289	-0.887609
0.236288	-7.220420
0.027711	-1.457252
-0.296176	-7.056146
0.352686	-0.798596
-0.789880	-5.140393
0.152333	-0.161956
0.090351	-6.931785
-0.221087	-0.252036
0.761333	-5.304281
-0.327403	-0.985407
0.172586	-7.358405
0.084630	-1.428182
-0.357200	-6.859214
0.344946	-0.711288
-0.664153	-5.547124
0.105547	-0.145887
0.191499	-6.817338
-0.251107	-0.336009
0.663773	-5.684485
-0.292111	-1.098232
0.099863	-7.466610
0.146811	-1.367292
-0.429150	-6.600636
0.326140	-0.612396
-0.523493	-5.995661
0.048476	-0.139713
0.310988	-6.585047
-0.282233	-0.440229
0.565211	-6.073526
-0.242255	-1.215236
0.021437	-7.519846
0.210119	-1.275984
-0.514294	-6.273892
0.298926	-0.501847
-0.383314	-6.403751
-0.014526	-0.138398
0.446207	-6.228195
-0.312222	-0.551078
0.473136	-6.433565
-0.181644	-1.320351
-0.058896	-7.502839
0.266519	-1.164277
-0.610631	-5.894194
0.267921	-0.390874
-0.254350	-6.706834
-0.075665	-0.141395
0.588087	-5.792418
-0.336052	-0.657396
0.394220	-6.728859
-0.118071	-1.398146
-0.134492	-7.421837
0.310032	-1.046846
-0.709637	-5.505117
0.237271	-0.295598
-0.143573	-6.881613
-0.128269	-0.151298
0.724140	-5.352604
-0.350040	-0.750451
0.327638	-6.957765
-0.058110	-1.444909
-0.203182	-7.296955
0.338284	-0.940295
-0.802361	-5.145870
0.207254	-0.223703
-0.049121	-6.954763
-0.170276	-0.173761
0.829879	-5.015682
-0.352059	-0.837154
0.269143	-7.134260
-0.002971	-1.460924
-0.263511	-7.149713
0.351409	-0.848291
-0.835663	-4.998919
0.174154	-0.177524
0.038659	-6.958551
-0.204022	-0.216027
0.810293	-5.114901
-0.340452	-0.928485
0.208821	-7.284767
0.052026	-1.448156
-0.322033	-6.975882
0.350800	-0.760808
-0.738251	-5.306633
0.133200	-0.153001
0.132685	-6.893794
-0.234132	-0.285863
0.719824	-5.465388
-0.313853	-1.033315
0.141480	-7.411372
0.111345	-1.405283
-0.386915	-6.755129
0.337984	-0.669189
-0.603163	-5.744113
0.081690	-0.142524
0.241601	-6.731522
-0.264657	-0.378585
0.620179	-5.856249
-0.271942	-1.149966
0.066490	-7.497535
0.174722	-1.331503
-0.465048	-6.464803
0.315064	-0.564169
-0.461556	-6.183067
0.021210	-0.138601
0.368715	-6.442444
-0.295797	-0.488127
0.523461	-6.237858
-0.216679	-1.263610
-0.013456	-7.521413
0.236154	-1.228244
-0.555732	-6.111103
0.285518	-0.452400
-0.324858	-6.552257
-0.041998	-0.139041
0.507749	-6.044459
-0.323655	-0.599632
0.436587	-6.572601
-0.153613	-1.358736
-0.092799	-7.474085
0.287359	-1.112523
-0.653540	-5.724797
0.254321	-0.347142
-0.203606	-6.798137
-0.099979	-0.144451
0.649042	-5.596321
-0.343555	-0.699013
0.363674	-6.836859
-0.091161	-1.422540
-0.165503	-7.371288
0.324294	-0.998493
-0.752066	-5.340335
0.224207	-0.261159
-0.101070	-6.923357
-0.147905	-0.159102
0.777765	-5.179293
-0.352471	-0.789081
0.301719	-7.039355
-0.033605	-1.455432
-0.230336	-7.234919
0.345823	-0.898646
-0.832100	-5.028730
0.193439	-0.200625
-0.010207	-6.964027
-0.185813	-0.189124
0.839292	-4.996669
-0.348724	-0.876376
0.243323	-7.202836
0.020860	-1.458877
-0.288818	-7.078018
0.352725	-0.810392
-0.803045	-5.098482
0.157435	-0.164598
0.078273	-6.940053
-0.217360	-0.243044
0.772988	-5.259274
-0.330697	-0.972680
0.180870	-7.342702
0.077225	-1.433509
-0.349627	-6.885042
0.346605	-0.721504
-0.680699	-5.493557
0.111978	-0.147249
0.178182	-6.836925
-0.247323	-0.323581
0.676002	-5.636431
-0.297373	-1.083234
0.109142	-7.455885
0.138861	-1.376578
-0.419208	-6.637555
0.329018	-0.625479
-0.541112	-5.940896
0.056055	-0.140175
0.294840	-6.621880
-0.278357	-0.425535
0.576935	-6.027117
-0.249207	-1.200633
0.031190	-7.516956
0.202376	-1.289272
-0.503250	-6.317085
0.302657	-0.515401
-0.400393	-6.357493
-0.006606	-0.138296
0.428842	-6.278078
-0.308723	-0.537028
0.484335	-6.390438
-0.189596	-1.308095
-0.048667	-7.509051
0.260083	-1.179125
-0.598107	-5.943641
0.271819	-0.404367
-0.269779	-6.675474
-0.068409	-0.140696
0.569920	-5.850423
-0.333579	-0.644414
0.402746	-6.697861
-0.125824	-1.390501
-0.125793	-7.434205
0.305381	-1.061726
-0.697280	-5.553326
0.241008	-0.306743
-0.156786	-6.865513
-0.122300	-0.149152
0.708046	-5.404811
-0.348894	-0.739811
0.335786	-6.931173
-0.065300	-1.440778
-0.194670	-7.315005
0.335611	-0.952604
-0.791978	-5.186082
0.211078	-0.230758
-0.060113	-6.949983
-0.165580	-0.169425
0.821096	-5.042264
-0.352512	-0.826432
0.276569	-7.113422
-0.009752	-1.460470
-0.256701	-7.168009
0.350572	-0.858925
-0.839609	-4.989127
0.178618	-0.182219
0.028226	-6.961273
-0.200103	-0.209778
0.819063	-5.080481
-0.342722	-0.915991
0.217031	-7.266259
0.044975	-1.451390
-0.314642	-6.999346
0.351519	-0.772974
-0.753869	-5.256062
0.138854	-0.155612
0.120484	-6.906188
-0.230430	-0.274971
0.731909	-5.418398
-0.318000	-1.019666
0.150512	-7.397000
0.103545	-1.412822
-0.378478	-6.785166
0.340163	-0.681772
-0.620753	-5.687531
0.088684	-0.143444
0.227073	-6.758200
-0.260763	-0.366271
0.632413	-5.807919
-0.278021	-1.134524
0.075692	-7.490246
0.166746	-1.342470
-0.454445	-6.505251
0.318344	-0.578804
-0.479362	-6.130053
0.029070	-0.138817
0.351969	-6.485515
-0.291960	-0.474759
0.535599	-6.190300
-0.224110	-1.250583
-0.003617	-7.522363
0.228920	-1.242099
-0.543781	-6.158194
0.289364	-0.467111
-0.341269	-6.512220
-0.034240	-0.138877
0.490048	-6.098332
-0.320546	-0.585880
0.447209	-6.532633
-0.161669	-1.348031
-0.083148	-7.483552
0.281712	-1.127044
-0.641584	-5.772003
0.258163	-0.359565
-0.217853	-6.774276
-0.093243	-0.143414
0.631421	-5.653435
-0.341644	-0.686903
0.372030	-6.807749
-0.098708	-1.416318
-0.156835	-7.386395
0.320496	-1.012576
-0.740204	-5.386303
0.227948	-0.269554
-0.112869	-6.913231
-0.142526	-0.156168
0.763129	-5.226401
-0.352065	-0.777191
0.309081	-7.016699
-0.040548	-1.452927
-0.223088	-7.252130
0.343992	-0.909756
-0.824858	-5.057753
0.197474	-0.206093
-0.021406	-6.962597
-0.181528	-0.184320
0.840176	-4.989735
-0.349987	-0.864307
0.250982	-7.183117
0.014045	-1.460038
-0.282154	-7.097433
0.352600	-0.821365
-0.814736	-5.061755
0.162378	-0.167869
0.067456	-6.946252
-0.213589	-0.235415
0.784020	-5.216595
-0.333818	-0.959062
0.188957	-7.326727
0.069901	-1.438369
-0.341414	-6.912573
0.347974	-0.734135
-0.697279	-5.439744
0.118230	-0.149118
0.164639	-6.855635
-0.243539	-0.312366
0.688629	-5.587024
-0.302366	-1.068847
0.118952	-7.443492
0.130921	-1.385543
-0.409955	-6.671693
0.331790	-0.637518
-0.559298	-5.883577
0.063531	-0.140524
0.279129	-6.656172
-0.274438	-0.412146
0.589124	-5.978936
-0.255927	-1.186422
0.041610	-7.512664
0.194619	-1.301471
-0.492141	-6.360306
0.306258	-0.530564
-0.417960	-6.308573
0.001343	-0.138302
0.411358	-6.327379
-0.305125	-0.523212
0.494850	-6.349557
-0.197436	-1.295815
-0.039067	-7.513789
0.253519	-1.193012
-0.586023	-5.991450
0.275732	-0.417806
-0.284973	-6.643345
-0.061016	-0.140242
0.552327	-5.905934
-0.330924	-0.632024
0.412649	-6.661711
-0.133750	-1.381732
-0.116129	-7.447116
0.300564	-1.075671
-0.684765	-5.602239
0.244771	-0.317959
-0.169787	-6.848487
-0.116151	-0.147562
0.691444	-5.458768
-0.347599	-0.728313
0.343281	-6.906259
-0.072569	-1.436171
-0.186708	-7.331177
0.332668	-0.965701
-0.781007	-5.228470
0.214842	-0.239215
-0.071699	-6.943814
-0.160721	-0.166544
0.810372	-5.075616
-0.352799	-0.814888
0.283960	-7.092213
-0.016403	-1.459661
-0.249101	-7.187966
0.349479	-0.870423
-0.840661	-4.989358
0.182978	-0.186653
0.017048	-6.963300
-0.196138	-0.203038
0.826808	-5.049684
-0.344727	-0.904325
0.224369	-7.249243
0.037992	-1.454149
-0.307273	-7.022332
0.352159	-0.782632
-0.768473	-5.209075
0.144362	-0.157450
0.108104	-6.917650
-0.226711	-0.265373
0.743858	-5.372026
-0.321876	-1.006727
0.159324	-7.382190
0.095950	-1.419269
-0.370092	-6.814660
0.342209	-0.693428
-0.637792	-5.632667
0.095530	-0.144270
0.212305	-6.784015
-0.256898	-0.353897
0.645061	-5.758115
-0.283727	-1.121112
0.085467	-7.481444
0.158851	-1.352317
-0.443829	-6.545430
0.321547	-0.592302
-0.497093	-6.076513
0.036865	-0.139135
0.335034	-6.527892
-0.288132	-0.460047
0.547014	-6.145276
-0.231477	-1.236530
0.006230	-7.522221
0.221487	-1.256210
-0.531715	-6.205584
0.293226	-0.480468
-0.358136	-6.469569
-0.026421	-0.138629
0.472900	-6.149577
-0.317295	-0.572528
0.457174	-6.494702
-0.169681	-1.337102
-0.073313	-7.492166
0.275803	-1.142111
-0.628885	-5.822012
0.262037	-0.371943
-0.232537	-6.748098
-0.086341	-0.142743
0.614385	-5.708204
-0.339528	-0.675497
0.380438	-6.778085
-0.106325	-1.409668
-0.147950	-7.401106
0.316527	-1.025748
-0.728214	-5.432864
0.231642	-0.280345
-0.125189	-6.901376
-0.136974	-0.153865
0.748009	-5.275220
-0.351421	-0.766150
0.316458	-6.993576
-0.047553	-1.449948
-0.214978	-7.270875
0.341896	-0.921700
-0.816609	-5.090321
0.201414	-0.213021
-0.032569	-6.960167
-0.177145	-0.179236
0.838160	-4.992844
-0.350991	-0.853101
0.258557	-7.163090
0.007255	-1.460738
-0.274755	-7.118544
0.352310	-0.831516
-0.824472	-5.031862
0.167169	-0.171791
0.055833	-6.952039
-0.209812	-0.227102
0.794971	-5.174305
-0.336573	-0.947890
0.196858	-7.310508
0.062803	-1.442366
-0.333936	-6.937325
0.349267	-0.744253
-0.713888	-5.385734
0.124333	-0.150325
0.151564	-6.872272
-0.239784	-0.301196
0.701093	-5.538335
-0.307089	-1.055103
0.127799	-7.431530
0.123003	-1.394135
-0.400736	-6.705356
0.334383	-0.650113
-0.576878	-5.827942
0.070865	-0.141426
0.263852	-6.687987
-0.270529	-0.398703
0.601759	-5.929078
-0.262407	-1.172660
0.051172	-7.507683
0.186737	-1.313701
-0.480976	-6.403491
0.309822	-0.544483
-0.435396	-6.259051
0.009275	-0.138385
0.393736	-6.376056
-0.301442	-0.509578
0.506576	-6.304004
-0.205146	-1.283596
-0.028616	-7.517803
0.246718	-1.207326
-0.573793	-6.039768
0.279651	-0.431194
-0.300606	-6.608759
-0.053512	-0.139693
0.534721	-5.961006
-0.328155	-0.618616
0.421915	-6.627423
-0.141695	-1.372608
-0.106992	-7.458358
0.295478	-1.090248
-0.672649	-5.649805
0.248564	-0.329207
-0.183252	-6.829404
-0.109823	-0.146467
0.674322	-5.514496
-0.346154	-0.715956
0.351513	-6.878560
-0.079919	-1.431092
-0.178556	-7.347098
0.329453	-0.979566
-0.769951	-5.271261
0.218605	-0.246970
-0.083169	-6.936682
-0.155741	-0.162726
0.798188	-5.114077
-0.352839	-0.804211
0.290620	-7.072696
-0.023229	-1.458329
-0.241412	-7.207622
0.348215	-0.881090
-0.839307	-4.997906
0.187226	-0.191672
0.005840	-6.964318
-0.192076	-0.197762
0.833555	-5.022383
-0.346467	-0.893499
0.232300	-7.230210
0.031068	-1.456437
-0.299917	-7.044858
0.352563	-0.793133
-0.783118	-5.161939
0.149682	-0.160619
0.096249	-6.927379
-0.222995	-0.255986
0.755681	-5.326233
-0.325581	-0.992882
0.167920	-7.366999
0.088428	-1.425283
-0.361757	-6.843597
0.344117	-0.704166
-0.655414	-5.575480
0.102208	-0.145486
0.198656	-6.806150
-0.253065	-0.341485
0.657539	-5.709010
-0.289394	-1.105245
0.095053	-7.471813
0.150784	-1.362900
-0.433866	-6.582936
0.324664	-0.604678
-0.514767	-6.022470
0.044594	-0.139372
0.319205	-6.565783
-0.284230	-0.446731
0.558930	-6.098278
-0.238638	-1.222759
0.016059	-7.520989
0.213993	-1.269278
-0.520169	-6.250904
0.296996	-0.495286
-0.374819	-6.426253
-0.018557	-0.138376
0.455061	-6.202400
-0.313970	-0.558024
0.467776	-6.454173
-0.177632	-1.326025
-0.063307	-7.499845
0.269749	-1.156227
-0.616601	-5.870535
0.265939	-0.384254
-0.246982	-6.721107
-0.079309	-0.141564
0.596794	-5.764682
-0.337280	-0.663152
0.389570	-6.745567
-0.114004	-1.402616
-0.139586	-7.414149
0.312286	-1.039621
-0.716085	-5.480055
0.235376	-0.290186
-0.137325	-6.888628
-0.131245	-0.152148
0.732398	-5.325767
-0.350545	-0.755944
0.323861	-6.969966
-0.054483	-1.446835
-0.207446	-7.287654
0.339534	-0.934466
-0.807323	-5.126570
0.205312	-0.219442
-0.043677	-6.956763
-0.172620	-0.175635
0.833247	-5.005987
-0.351740	-0.842762
0.265347	-7.144724
0.000477	-1.460978
-0.267315	-7.139292
0.351771	-0.842534
-0.832780	-5.006930
0.171833	-0.175537
0.044812	-6.956448
-0.205973	-0.220201
0.805337	-5.134170
-0.339249	-0.934177
0.205313	-7.292403
0.055641	-1.446320
-0.325803	-6.963759
0.350334	-0.755172
-0.729990	-5.333484
0.130256	-0.152050
0.138967	-6.886951
-0.236025	-0.291249
0.713401	-5.490341
-0.311647	-1.040430
0.137166	-7.417907
0.115264	-1.401606
-0.391556	-6.738511
0.336790	-0.663316
-0.594457	-5.771909
0.078087	-0.141885
0.249010	-6.717396
-0.266635	-0.385207
0.614234	-5.879815
-0.268757	-1.157945
0.061355	-7.501227
0.178750	-1.325875
-0.470411	-6.444230
0.313337	-0.557163
-0.452720	-6.208962
0.017199	-0.138499
0.377240	-6.420059
-0.297688	-0.496078
0.517599	-6.260829
-0.212835	-1.270305
-0.018842	-7.520422
0.239687	-1.222009
-0.561422	-6.088552
0.283523	-0.445895
-0.316678	-6.571650
-0.045897	-0.139330
0.517088	-6.015617
-0.325219	-0.605721
0.431866	-6.590366
-0.149643	-1.363182
-0.097644	-7.468955
0.290123	-1.105422
-0.660371	-5.698063
0.252391	-0.340448
-0.196490	-6.809492
-0.103333	-0.145276
0.657780	-5.567999
-0.344421	-0.706002
0.359792	-6.850293
-0.087351	-1.425548
-0.170204	-7.362738
0.326064	-0.992536
-0.758267	-5.316400
0.222327	-0.256077
-0.095198	-6.927967
-0.150584	-0.160321
0.785036	-5.155942
-0.352636	-0.794396
0.297977	-7.050706
-0.030094	-1.456531
-0.234343	-7.225157
0.346690	-0.892612
-0.835024	-5.016619
0.191373	-0.197264
-0.004682	-6.964357
-0.187944	-0.192085
0.837831	-5.003697
-0.348035	-0.881831
0.239391	-7.212752
0.024341	-1.458105
-0.292562	-7.066945
0.352726	-0.804490
-0.796259	-5.120119
0.154867	-0.162945
0.084243	-6.936147
-0.219248	-0.247919
0.767388	-5.280981
-0.329014	-0.979775
0.176308	-7.351477
0.080982	-1.430845
-0.353472	-6.871972
0.345743	-0.717275
-0.672497	-5.520054
0.108728	-0.146625
0.184773	-6.827452
-0.249232	-0.330262
0.669851	-5.660605
-0.294683	-1.091484
0.104437	-7.461438
0.142836	-1.372307
-0.423914	-6.620063
0.327565	-0.619055
-0.532400	-5.967944
0.052213	-0.139989
0.303169	-6.603000
-0.280315	-0.433393
0.571327	-6.049409
-0.245705	-1.207980
0.026596	-7.518442
0.206330	-1.282514
-0.509163	-6.294052
0.300759	-0.508786
-0.391976	-6.380304
-0.010638	-0.138317
0.437749	-6.252570
-0.310471	-0.545316
0.478352	-6.413454
-0.185502	-1.314878
-0.053898	-7.506019
0.263440	-1.170848
-0.604155	-5.919685
0.269828	-0.397777
-0.261861	-6.691777
-0.072111	-0.141104
0.579209	-5.820796
-0.334838	-0.651448
0.398746	-6.712507
-0.121875	-1.394450
-0.130257	-7.427952
0.307773	-1.054168
-0.703808	-5.527907
0.239130	-0.300129
-0.149954	-6.874039
-0.125352	-0.150340
0.716288	-5.378059
-0.349515	-0.744892
0.331990	-6.943644
-0.061632	-1.442948
-0.199021	-7.305864
0.336996	-0.946366
-0.797485	-5.164822
0.209136	-0.227296
-0.054713	-6.952422
-0.167979	-0.171798
0.825423	-5.029239
-0.352321	-0.831598
0.272797	-7.124067
-0.006300	-1.460759
-0.259821	-7.159697
0.351063	-0.852727
-0.838175	-4.992120
0.176362	-0.179913
0.033714	-6.959927
-0.202106	-0.212732
0.814632	-5.097880
-0.341563	-0.922946
0.212874	-7.275709
0.048554	-1.449797
-0.318398	-6.987473
0.351172	-0.766913
-0.745593	-5.282974
0.135999	-0.154353
0.126173	-6.900701
-0.232315	-0.280277
0.725559	-5.443014
-0.315932	-1.026428
0.146311	-7.403748
0.107575	-1.408709
-0.383095	-6.768823
0.339070	-0.675564
-0.612040	-5.715508
0.085146	-0.143040
0.233930	-6.745997
-0.262727	-0.372925
0.626548	-5.831174
-0.274969	-1.142254
0.070640	-7.494388
0.170810	-1.336902
-0.459818	-6.484791
0.316682	-0.571624
-0.469953	-6.158331
0.025085	-0.138669
0.359937	-6.465425
-0.293925	-0.481263
0.529165	-6.215469
-0.220357	-1.257169
-0.009018	-7.521972
0.232559	-1.235690
-0.549530	-6.135478
0.287426	-0.459232
-0.333193	-6.531960
-0.038197	-0.138900
0.499416	-6.069744
-0.322126	-0.593284
0.441829	-6.552921
-0.157577	-1.353515
-0.088092	-7.478825
0.284611	-1.119650
-0.647928	-5.747019
0.256217	-0.352879
-0.210857	-6.786066
-0.096684	-0.144015
0.640150	-5.625251
-0.342617	-0.693519
0.368121	-6.821462
-0.094860	-1.419551
-0.161646	-7.378058
0.322504	-1.004615
-0.746470	-5.362072
0.226042	-0.265449
-0.107078	-6.918280
-0.145277	-0.157786
0.770381	-5.203123
-0.352272	-0.783752
0.305335	-7.028280
-0.037008	-1.454266
-0.226435	-7.244281
0.344903	-0.904979
-0.828779	-5.042162
0.195430	-0.203412
-0.015893	-6.963420
-0.183713	-0.186978
0.840172	-4.991715
-0.349342	-0.871019
0.247098	-7.193185
0.017509	-1.459503
-0.285907	-7.086549
0.352726	-0.815024
-0.808939	-5.079913
0.159873	-0.166671
0.072794	-6.943335
-0.215512	-0.239077
0.778465	-5.238089
-0.332273	-0.965770
0.184495	-7.335664
0.073617	-1.435945
-0.345235	-6.899781
0.347295	-0.727868
-0.689058	-5.466369
0.115071	-0.148235
0.171344	-6.846600
-0.245464	-0.317843
0.682561	-5.610841
-0.299813	-1.076790
0.114357	-7.449389
0.134888	-1.381421
-0.414646	-6.654429
0.330423	-0.630827
-0.550004	-5.912956
0.059750	-0.140254
0.286910	-6.639450
-0.276438	-0.418690
0.582984	-6.003223
-0.252544	-1.193562
0.036310	-7.515001
0.198514	-1.295831
-0.497454	-6.339590
0.304454	-0.522412
-0.408980	-6.333737
