0.020029	1.273383
-0.017855	1.050471
0.016263	1.289643
-0.014020	1.037174
0.012161	1.302481
-0.009782	1.027268
0.007812	1.311504
-0.005236	1.020999
0.003044	1.316452
-0.000579	1.018502
-0.001655	1.317078
0.003991	1.019872
-0.006319	1.313391
0.008580	1.025052
-0.010855	1.305512
0.012887	1.033932
-0.015038	1.293747
0.016922	1.046227
-0.018910	1.278436
0.020495	1.061661
-0.022135	1.260204
0.023524	1.079842
-0.024894	1.239455
0.025937	1.100312
-0.026875	1.216968
0.027677	1.122559
-0.028274	1.193170
0.028701	1.146030
-0.028819	1.168904
0.028870	1.170250
-0.028501	1.144809
0.028290	1.194494
-0.027444	1.121382
0.026979	1.218136
-0.025674	1.099208
0.024846	1.240637
-0.023232	1.078839
0.022060	1.261263
-0.020178	1.060786
0.018812	1.279344
-0.016584	1.045503
0.014921	1.294475
-0.012532	1.033379
0.010723	1.306038
-0.008213	1.024686
0.006179	1.313698
-0.003617	1.019704
0.001510	1.317155
0.000954	1.018538
-0.003188	1.316296
0.005608	1.021236
-0.007819	1.311150
0.010146	1.027700
-0.012288	1.301882
0.014369	1.037788
-0.016374	1.288850
0.018186	1.051250
-0.020119	1.272419
0.021616	1.067657
-0.023191	1.253250
0.024477	1.086651
-0.025648	1.231856
0.026592	1.107860
-0.027433	1.208846
0.028126	1.130559
-0.028503	1.184847
0.028821	1.154391
-0.028714	1.160605
0.028771	1.178652
-0.028294	1.136524
0.027857	1.202829
-0.026912	1.113538
0.026341	1.226076
-0.024941	1.091894
0.024019	1.247969
-0.022317	1.072244
0.021066	1.267784
-0.018997	1.055159
0.017549	1.284935
-0.015270	1.040909
0.013542	1.298883
-0.011115	1.029945
0.009129	1.309162
-0.006623	1.022542
0.004531	1.315384
-0.002091	1.018856
-0.000159	1.317347
0.002586	1.019036
-0.004844	1.314989
0.007211	1.023050
-0.009430	1.308386
0.011583	1.030819
-0.013821	1.297750
0.015712	1.042097
-0.017670	1.283548
0.019404	1.056628
-0.021152	1.266136
0.022682	1.073953
-0.024062	1.246107
0.025258	1.093798
-0.026336	1.224052
0.027176	1.115588
-0.027920	1.200591
0.028389	1.138778
-0.028657	1.176469
0.028865	1.162790
-0.028650	1.152213
0.028597	1.187018
-0.027898	1.128441
0.027472	1.210946
-0.026309	1.105855
0.025636	1.233831
-0.024034	1.084904
0.023007	1.255132
-0.021236	1.066026
0.019894	1.274058
-0.017767	1.049874
0.016113	1.290196
-0.013814	1.036761
0.012001	1.302895
-0.009567	1.026979
0.007513	1.311796
-0.005118	1.020822
0.002872	1.316554
-0.000458	1.018482
-0.001827	1.317017
0.004212	1.019993
-0.006489	1.313168
0.008796	1.025308
-0.011017	1.305134
0.013095	1.034314
-0.015190	1.293227
0.017014	1.046792
-0.018921	1.277862
0.020571	1.062342
-0.022257	1.259451
0.023581	1.080621
-0.024997	1.238618
0.025973	1.101168
-0.026956	1.216068
0.027690	1.123471
-0.028214	1.192340
0.028690	1.146974
-0.028736	1.168063
0.028833	1.171202
-0.028510	1.143867
0.028230	1.195430
-0.027430	1.120474
0.026896	1.219031
-0.025636	1.098357
0.024741	1.241468
-0.023173	1.078068
0.021936	1.262007
-0.020100	1.060114
0.018672	1.279979
-0.016491	1.044948
0.014767	1.294982
-0.012426	1.032957
0.010560	1.306402
-0.008098	1.024410
0.006009	1.313907
-0.003498	1.019581
0.001337	1.317201
0.001177	1.018568
-0.003359	1.316179
0.005828	1.021404
-0.008117	1.310842
0.010257	1.028040
-0.012447	1.301454
0.014470	1.038269
-0.016522	1.288284
0.018378	1.051786
-0.020126	1.271810
0.021686	1.068374
-0.023307	1.252465
0.024527	1.087459
-0.025744	1.230994
0.026731	1.108635
-0.027507	1.207930
0.028131	1.131485
-0.028553	1.183901
0.028801	1.155340
-0.028740	1.159653
0.028726	1.179601
-0.028181	1.135701
0.027909	1.203647
-0.026889	1.112647
0.026250	1.226952
-0.024896	1.091068
0.023907	1.248773
-0.022144	1.071593
0.020936	1.268493
-0.018913	1.054526
0.017404	1.285528
-0.015068	1.040459
0.013385	1.299343
-0.010903	1.029616
0.008963	1.309473
-0.006506	1.022318
0.004360	1.315536
-0.001869	1.018796
-0.000332	1.317336
0.002809	1.019115
-0.005015	1.314815
0.007327	1.023293
-0.009595	1.308055
0.011794	1.031164
-0.013977	1.297272
0.015913	1.042562
-0.017813	1.282940
0.019591	1.057199
-0.021279	1.265414
0.022745	1.074704
-0.024172	1.245293
0.025411	1.094535
-0.026424	1.223169
0.027308	1.116380
-0.027985	1.199662
0.028498	1.139605
-0.028699	1.175519
0.028837	1.163742
-0.028667	1.151265
0.028544	1.187961
-0.027891	1.127520
0.027395	1.211856
-0.026278	1.104984
0.025537	1.234684
-0.023981	1.084106
0.022888	1.255905
-0.021057	1.065405
0.019758	1.274729
-0.017573	1.049352
0.015964	1.290744
-0.013711	1.036297
0.011840	1.303305
-0.009455	1.026657
0.007344	1.312053
-0.004897	1.020672
0.002700	1.316651
-0.000235	1.018470
-0.002000	1.316949
0.004332	1.020136
-0.006658	1.312939
0.008910	1.025603
-0.011180	1.304751
0.013199	1.034753
-0.015342	1.292702
0.017211	1.047296
-0.019060	1.277212
0.020753	1.062947
-0.022379	1.258695
0.023746	1.081311
-0.025099	1.237777
0.026118	1.101926
-0.027037	1.215166
0.027814	1.124277
-0.028271	1.191400
0.028677	1.147918
-0.028769	1.167110
0.028796	1.172154
-0.028404	1.143036
0.028168	1.196365
-0.027414	1.119568
0.026811	1.219924
-0.025597	1.097509
0.024635	1.242295
-0.023005	1.077391
0.021938	1.262665
-0.019916	1.059525
0.018531	1.280610
-0.016292	1.044464
0.014613	1.295485
-0.012216	1.032590
0.010396	1.306760
-0.007881	1.024172
0.005839	1.314109
-0.003276	1.019478
0.001165	1.317241
0.001297	1.018609
-0.003663	1.316041
0.005946	1.021600
-0.008284	1.310558
0.010471	1.028346
-0.012606	1.301021
0.014674	1.038698
-0.016670	1.287714
0.018465	1.052398
-0.020259	1.271121
0.021862	1.069011
-0.023422	1.251677
0.024577	1.088271
-0.025839	1.230129
0.026758	1.109515
-0.027580	1.207012
0.028134	1.132411
-0.028602	1.182954
0.028896	1.156179
-0.028764	1.158702
0.028680	1.180549
-0.028181	1.134769
0.027839	1.204571
-0.026865	1.111758
0.026158	1.227825
-0.024740	1.090343
0.023795	1.249573
-0.022077	1.070858
0.020806	1.269197
-0.018724	1.053972
0.017258	1.286116
-0.014970	1.039954
0.013227	1.299797
-0.010793	1.029249
0.008797	1.309778
-0.006286	1.022126
0.004188	1.315683
-0.001748	1.018733
-0.000504	1.317320
0.002929	1.019209
-0.005186	1.314636
0.007545	1.023513
-0.009760	1.307718
0.011902	1.031560
-0.014132	1.296789
0.016008	1.043093
-0.017956	1.282326
0.019672	1.057851
-0.021407	1.264688
0.022915	1.075370
-0.024280	1.244476
0.025452	1.095372
-0.026512	1.222283
0.027327	1.117279
-0.028050	1.198732
0.028494	1.140543
-0.028739	1.174568
0.028924	1.164584
-0.028683	1.150318
0.028490	1.188904
-0.027769	1.126709
0.027318	1.212765
-0.026135	1.104219
0.025437	1.235535
-0.023928	1.083311
0.022769	1.256674
-0.020984	1.064705
0.019622	1.275395
-0.017483	1.048764
0.015813	1.291287
-0.013505	1.035892
0.011679	1.303708
-0.009240	1.026378
0.007176	1.312304
-0.004778	1.020507
0.002527	1.316741
-0.000114	1.018461
-0.002172	1.316876
0.004553	1.020267
-0.006827	1.312704
0.009126	1.025868
-0.011342	1.304362
0.013407	1.035146
-0.015494	1.292172
0.017302	1.047871
-0.019198	1.276558
0.020828	1.063637
-0.022500	1.257936
0.023801	1.082097
-0.025201	1.236933
0.026153	1.102788
-0.027117	1.214262
0.027825	1.125192
-0.028328	1.190460
0.028779	1.148754
-0.028801	1.166158
0.028875	1.172995
-0.028412	1.142096
0.028226	1.197192
-0.027285	1.118770
0.026726	1.220816
-0.025448	1.096764
0.024529	1.243120
-0.022945	1.076626
0.021812	1.263401
-0.019837	1.058862
0.018389	1.281236
-0.016198	1.043919
0.014459	1.295981
-0.012110	1.032180
0.010232	1.307113
-0.007663	1.023939
0.005669	1.314306
-0.003156	1.019367
0.000992	1.317275
0.001520	1.018650
-0.003834	1.315911
0.006166	1.021779
-0.008451	1.310269
0.010581	1.028698
-0.012765	1.300582
0.014774	1.039189
-0.016817	1.287139
0.018656	1.052942
-0.020391	1.270428
0.021931	1.069736
-0.023537	1.250886
0.024734	1.088989
-0.025933	1.229262
0.026784	1.110398
-0.027652	1.206093
0.028250	1.133231
-0.028532	1.182117
0.028874	1.157130
-0.028788	1.157751
0.028752	1.181388
-0.028180	1.133838
0.027769	1.205492
-0.026729	1.110977
0.026065	1.228696
-0.024693	1.089524
0.023681	1.250369
-0.021903	1.070213
0.020675	1.269898
-0.018639	1.053347
0.017112	1.286700
-0.014766	1.039513
0.013069	1.300246
-0.010580	1.028931
0.008630	1.310078
-0.006169	1.021914
0.004017	1.315823
-0.001526	1.018684
-0.000677	1.317297
0.003151	1.019298
-0.005356	1.314450
0.007661	1.023768
-0.009924	1.307376
0.012113	1.031914
-0.014287	1.296301
0.016208	1.043566
-0.018098	1.281709
0.019857	1.058430
-0.021533	1.263959
0.022977	1.076128
-0.024388	1.243656
0.025493	1.096213
-0.026599	1.221395
0.027345	1.118180
-0.027994	1.197907
0.028488	1.141481
-0.028662	1.173727
0.028893	1.165536
-0.028583	1.149482
0.028435	1.189846
-0.027760	1.125791
0.027239	1.213672
-0.026103	1.103353
0.025337	1.236383
-0.023765	1.082613
0.022649	1.257440
-0.020804	1.064091
0.019485	1.276057
-0.017288	1.048250
0.015663	1.291826
-0.013402	1.035439
0.011517	1.304107
-0.009127	1.026068
0.007007	1.312549
-0.004557	1.020368
0.002355	1.316825
0.000108	1.018460
-0.002345	1.316796
0.004774	1.020404
-0.006996	1.312463
0.009239	1.026175
-0.011503	1.303967
0.013510	1.035595
-0.015645	1.291637
0.017497	1.048382
-0.019335	1.275899
0.021008	1.064249
-0.022621	1.257172
0.023965	1.082793
-0.025178	1.236183
0.026296	1.103550
-0.027196	1.213357
0.027835	1.126108
-0.028383	1.189519
0.028764	1.149699
-0.028716	1.165317
0.028836	1.173946
-0.028418	1.141156
0.028162	1.198124
-0.027267	1.117868
0.026639	1.221705
-0.025407	1.095922
0.024546	1.243850
-0.022884	1.075865
0.021686	1.264133
-0.019651	1.058280
0.018248	1.281857
-0.015998	1.043443
0.014304	1.296473
-0.011899	1.031822
0.010068	1.307460
-0.007548	1.023679
0.005499	1.314496
-0.002934	1.019275
0.000819	1.317303
0.001743	1.018696
-0.004006	1.315774
0.006283	1.021986
-0.008618	1.309973
0.010794	1.029013
-0.012924	1.300137
0.014978	1.039627
-0.016963	1.286560
0.018741	1.053563
-0.020523	1.269731
0.022105	1.070379
-0.023650	1.250091
0.024782	1.089807
-0.026027	1.228393
0.026921	1.111179
-0.027723	1.205172
0.028252	1.134160
-0.028579	1.181169
0.028851	1.158080
-0.028695	1.156911
0.028704	1.182336
-0.028065	1.133019
0.027697	1.206413
-0.026703	1.110092
0.025971	1.229565
-0.024536	1.088804
0.023567	1.251163
-0.021835	1.069485
0.020543	1.270594
-0.018448	1.052801
0.016965	1.287279
-0.014667	1.039019
0.012911	1.300689
-0.010470	1.028575
0.008464	1.310371
-0.005950	1.021732
0.003845	1.315958
-0.001303	1.018639
-0.000850	1.317267
0.003271	1.019405
-0.005526	1.314258
0.007878	1.023998
-0.010088	1.307028
0.012220	1.032321
-0.014442	1.295807
0.016303	1.044107
-0.018240	1.281086
0.019937	1.059090
-0.021659	1.263225
0.023146	1.076800
-0.024495	1.242833
0.025643	1.096957
-0.026685	1.220505
0.027475	1.118976
-0.028057	1.196974
0.028595	1.142311
-0.028700	1.172775
0.028861	1.166488
-0.028597	1.148536
0.028379	1.190787
-0.027750	1.124875
0.027160	1.214577
-0.026069	1.102489
0.025236	1.237228
-0.023710	1.081825
0.022529	1.258202
-0.020730	1.063398
0.019348	1.276715
-0.017198	1.047671
0.015511	1.292359
-0.013194	1.035044
0.011356	1.304499
-0.008911	1.025799
0.006839	1.312788
-0.004336	1.020233
0.002183	1.316902
0.000229	1.018463
-0.002517	1.316710
0.004892	1.020564
-0.007164	1.312216
0.009454	1.026450
-0.011664	1.303567
0.013717	1.035996
-0.015795	1.291097
0.017587	1.048966
-0.019472	1.275236
0.021082	1.064946
-0.022740	1.256405
0.024019	1.083586
-0.025278	1.235335
0.026329	1.104416
-0.027274	1.212449
0.027957	1.126919
-0.028438	1.188576
0.028749	1.150646
-0.028746	1.164364
0.028796	1.174898
-0.028424	1.140218
0.028098	1.199055
-0.027249	1.116967
0.026552	1.222592
-0.025256	1.095181
0.024438	1.244669
-0.022714	1.075198
0.021559	1.264862
-0.019571	1.057625
0.018105	1.282474
-0.015903	1.042908
0.014149	1.296959
-0.011792	1.031422
0.009903	1.307801
-0.007330	1.023456
0.005328	1.314680
-0.002814	1.019176
0.000515	1.317326
0.001863	1.018754
-0.004177	1.315632
0.006502	1.022175
-0.008784	1.309672
0.010904	1.029376
-0.013082	1.299687
0.015077	1.040128
-0.017110	1.285975
0.018931	1.054115
-0.020654	1.269029
0.022173	1.071111
-0.023639	1.249384
0.024938	1.090530
-0.026119	1.227521
0.026945	1.112066
-0.027672	1.204356
0.028252	1.135091
-0.028625	1.180220
0.028827	1.159031
-0.028716	1.155961
0.028656	1.183283
-0.028062	1.132090
0.027625	1.207331
-0.026677	1.109210
0.025876	1.230431
-0.024488	1.087990
0.023452	1.251953
-0.021659	1.068846
0.020410	1.271286
-0.018362	1.052186
0.016818	1.287852
-0.014463	1.038587
0.012752	1.301127
-0.010256	1.028266
0.008297	1.310659
-0.005832	1.021532
0.003674	1.316086
-0.001183	1.018594
-0.001023	1.317232
0.003492	1.019504
-0.005696	1.314060
0.008096	1.024233
-0.010252	1.306674
0.012429	1.032685
-0.014596	1.295309
0.016502	1.044589
-0.018382	1.280459
0.020122	1.059677
-0.021784	1.262488
0.023206	1.077565
-0.024602	1.242007
0.025683	1.097802
-0.026770	1.219613
0.027491	1.119881
-0.028119	1.196040
0.028587	1.143251
-0.028738	1.171823
0.028829	1.167441
-0.028610	1.147591
0.028441	1.191618
-0.027626	1.124068
0.027201	1.215377
-0.025924	1.101730
0.025134	1.238071
-0.023546	1.081133
0.022407	1.258960
-0.020548	1.062791
0.019210	1.277368
-0.017002	1.047165
0.015360	1.292887
-0.013090	1.034601
0.011194	1.304886
-0.008695	1.025535
0.006669	1.313021
-0.004217	1.020086
0.002010	1.316974
0.000452	1.018472
-0.002689	1.316617
0.005113	1.020711
-0.007333	1.311963
0.009567	1.026768
-0.011825	1.303161
0.013820	1.036456
-0.015945	1.290552
0.017781	1.049486
-0.019608	1.274568
0.021261	1.065565
-0.022859	1.255635
0.024180	1.084287
-0.025377	1.234483
0.026360	1.105285
-0.027230	1.211644
0.027965	1.127839
-0.028373	1.187743
0.028733	1.151593
-0.028776	1.163412
0.028755	1.175848
-0.028315	1.139391
0.028033	1.199985
-0.027118	1.116175
0.026587	1.223376
-0.025214	1.094344
0.024329	1.245486
-0.022651	1.074444
0.021432	1.265586
-0.019384	1.057051
0.017962	1.283086
-0.015702	1.042441
0.013993	1.297441
-0.011581	1.031075
0.009608	1.308172
-0.007214	1.023209
0.005157	1.314858
-0.002592	1.019094
0.000342	1.317341
0.002085	1.018811
-0.004349	1.315483
0.006619	1.022395
-0.008951	1.309364
0.011117	1.029701
-0.013239	1.299232
0.015279	1.040575
-0.017255	1.285386
0.019015	1.054744
-0.020784	1.268324
0.022346	1.071761
-0.023751	1.248583
0.024984	1.091354
-0.026088	1.226747
0.027080	1.112850
-0.027742	1.203432
0.028366	1.135914
-0.028671	1.179271
0.028918	1.159872
-0.028737	1.155011
0.028606	1.184229
-0.028058	1.131164
0.027552	1.208248
-0.026538	1.108435
0.025781	1.231295
-0.024438	1.087179
0.023337	1.252740
-0.021590	1.068126
0.020277	1.271974
-0.018171	1.051647
0.016670	1.288421
-0.014362	1.038102
0.012592	1.301559
-0.010145	1.027922
0.008129	1.310941
-0.005612	1.021360
0.003502	1.316208
-0.000960	1.018560
-0.001195	1.317190
0.003612	1.019623
-0.005866	1.313856
0.008211	1.024505
-0.010416	1.306314
0.012535	1.033102
-0.014750	1.294805
0.016596	1.045139
-0.018522	1.279827
0.020200	1.060346
-0.021909	1.261747
0.023266	1.078334
-0.024707	1.241178
0.025831	1.098551
-0.026732	1.218822
0.027619	1.120681
-0.028180	1.195105
0.028579	1.144193
-0.028775	1.170871
0.028912	1.168282
-0.028508	1.146757
0.028383	1.192557
-0.027614	1.123155
0.027120	1.216279
-0.025889	1.100872
0.025032	1.238910
-0.023489	1.080351
0.022411	1.259631
-0.020473	1.062106
0.019071	1.278017
-0.016910	1.046596
0.015208	1.293410
-0.012882	1.034215
0.011031	1.305267
-0.008581	1.025241
0.006500	1.313248
-0.003996	1.019961
0.001838	1.317039
0.000573	1.018488
-0.002861	1.316519
0.005232	1.020883
-0.007501	1.311704
0.009782	1.027053
-0.011986	1.302750
0.014026	1.036867
-0.016095	1.290002
0.017870	1.050080
-0.019743	1.273897
0.021333	1.066271
-0.022977	1.254861
0.024233	1.085086
-0.025476	1.233629
0.026502	1.106054
-0.027307	1.210733
0.027972	1.128760
-0.028426	1.186799
0.028831	1.152431
-0.028804	1.162460
0.028831	1.176689
-0.028318	1.138454
0.027967	1.200914
-0.027098	1.115278
0.026498	1.224259
-0.025171	1.093510
0.024219	1.246299
-0.022480	1.073783
0.021304	1.266307
-0.019303	1.056405
0.017818	1.283694
-0.015606	1.041916
0.013837	1.297916
-0.011473	1.030685
0.009443	1.308501
-0.006995	1.022996
0.004987	1.315031
-0.002472	1.019007
0.000169	1.317349
0.002206	1.018881
-0.004520	1.315328
0.006838	1.022594
-0.009117	1.309051
0.011226	1.030074
-0.013396	1.298771
0.015377	1.041086
-0.017400	1.284792
0.019204	1.055304
-0.020914	1.267615
0.022412	1.072501
-0.023863	1.247779
0.025138	1.092083
-0.026179	1.225870
0.027103	1.113741
-0.027810	1.202507
0.028365	1.136847
-0.028597	1.178432
0.028892	1.160823
-0.028757	1.154062
0.028556	1.185175
-0.027940	1.130348
0.027599	1.209059
-0.026510	1.107557
0.025808	1.232059
-0.024279	1.086467
0.023221	1.253523
-0.021413	1.067494
0.020143	1.272658
-0.018083	1.051041
0.016521	1.288985
-0.014158	1.037679
0.012303	1.302032
-0.009931	1.027623
0.007962	1.311216
-0.005494	1.021171
0.003330	1.316324
-0.000839	1.018527
-0.001368	1.317143
0.003834	1.019733
-0.006036	1.313646
0.008428	1.024750
-0.010579	1.305949
0.012744	1.033475
-0.014904	1.294296
0.016794	1.045630
-0.018662	1.279191
0.020384	1.060939
-0.022033	1.261003
0.023433	1.079015
-0.024812	1.240346
0.025869	1.099402
-0.026816	1.217926
0.027633	1.121589
-0.028240	1.194169
0.028683	1.145025
-0.028811	1.169919
0.028878	1.169235
-0.028519	1.145813
0.028325	1.193495
-0.027489	1.122351
0.027038	1.217178
-0.025853	1.100016
0.024928	1.239747
-0.023324	1.079665
0.022289	1.260383
-0.020290	1.061506
0.018932	1.278661
-0.016713	1.046099
0.015055	1.293928
-0.012777	1.033783
0.010868	1.305643
-0.008365	1.024987
0.006331	1.313469
-0.003877	1.019826
0.001665	1.317098
0.000795	1.018508
-0.003033	1.316414
0.005452	1.021040
-0.007669	1.311439
0.009894	1.027382
-0.012146	1.302333
0.014128	1.037337
-0.016244	1.289447
0.018063	1.050607
-0.019878	1.273221
0.021511	1.066897
-0.023095	1.254083
0.024285	1.085888
-0.025573	1.232773
0.026531	1.106927
-0.027382	1.209821
0.028091	1.129574
-0.028478	1.185854
0.028813	1.153379
-0.028715	1.161619
0.028788	1.177639
-0.028321	1.137519
0.028021	1.201735
-0.027076	1.114383
0.026408	1.225140
-0.025018	1.092777
0.024109	1.247109
-0.022416	1.073036
0.021175	1.267024
-0.019115	1.055839
0.017674	1.284297
-0.015404	1.041457
0.013680	1.298387
-0.011261	1.030347
0.009277	1.308824
-0.006879	1.022760
0.004684	1.315214
-0.002250	1.018936
-0.000004	1.317351
0.002428	1.018948
-0.004691	1.315167
0.007057	1.022798
-0.009282	1.308732
0.011438	1.030409
-0.013553	1.298305
0.015579	1.041542
-0.017545	1.284193
0.019286	1.055942
-0.021043	1.266901
0.022584	1.073157
-0.023974	1.246971
0.025182	1.092911
-0.026270	1.224992
0.027125	1.114634
-0.027878	1.201580
0.028363	1.137781
-0.028641	1.177482
0.028866	1.161775
-0.028660	1.153224
0.028623	1.186011
-0.027935	1.129424
0.027524	1.209973
-0.026370	1.106785
0.025711	1.232917
-0.024228	1.085663
0.023104	1.254303
-0.021342	1.066781
0.020009	1.273337
-0.017891	1.050510
0.016373	1.289544
-0.014056	1.037205
0.012143	1.302452
-0.009820	1.027289
0.007794	1.311486
-0.005274	1.021010
0.003158	1.316433
-0.000617	1.018504
-0.001541	1.317089
0.004055	1.019848
-0.006337	1.313406
0.008542	1.025033
-0.010742	1.305578
0.012850	1.033903
-0.015056	1.293782
0.016886	1.046190
-0.018802	1.278550
0.020460	1.061616
-0.022156	1.260254
0.023491	1.079791
-0.024916	1.239511
0.025905	1.100256
-0.026898	1.217028
0.027647	1.122499
-0.028180	1.193340
0.028673	1.145968
-0.028729	1.169078
0.028843	1.170187
-0.028530	1.144870
0.028265	1.194432
-0.027475	1.121441
0.026956	1.218076
-0.025706	1.099263
0.024824	1.240581
-0.023266	1.078890
0.022165	1.261130
-0.020213	1.060830
0.018792	1.279301
-0.016620	1.045539
0.014902	1.294441
-0.012569	1.033406
0.010705	1.306013
-0.008250	1.024704
0.006161	1.313684
-0.003655	1.019712
0.001493	1.317151
0.001018	1.018532
-0.003205	1.316304
0.005570	1.021224
-0.007836	1.311168
0.010108	1.027678
-0.012306	1.301911
0.014333	1.037757
-0.016393	1.288887
0.018151	1.051210
-0.020012	1.272540
0.021582	1.067610
-0.023212	1.253302
0.024444	1.086598
-0.025670	1.231913
0.026671	1.107700
-0.027457	1.208906
0.028097	1.130498
-0.028529	1.184909
0.028793	1.154328
-0.028742	1.160667
0.028745	1.178589
-0.028209	1.136695
0.027953	1.202661
-0.026943	1.113596
0.026318	1.226018
-0.024974	1.091948
0.023998	1.247915
-0.022243	1.072381
0.021046	1.267737
-0.019032	1.055201
0.017530	1.284895
-0.015307	1.040942
0.013524	1.298852
-0.011152	1.029969
0.009111	1.309141
-0.006660	1.022557
0.004513	1.315373
-0.002027	1.018869
-0.000176	1.317348
0.002549	1.019031
-0.004862	1.315000
0.007173	1.023034
-0.009448	1.308408
0.011546	1.030794
-0.013710	1.297834
0.015676	1.042063
-0.017689	1.283589
0.019474	1.056510
-0.021172	1.266184
0.022648	1.073904
-0.024084	1.246161
0.025226	1.093743
-0.026359	1.224111
0.027257	1.115424
-0.027944	1.200653
0.028473	1.138607
-0.028683	1.176532
0.028838	1.162727
-0.028678	1.152275
0.028571	1.186955
-0.027928	1.128501
0.027448	1.210886
-0.026340	1.105912
0.025613	1.233774
-0.024067	1.084956
0.022986	1.255080
-0.021164	1.066156
0.019874	1.274013
-0.017802	1.049913
0.016223	1.290098
-0.013851	1.036791
0.011982	1.302867
-0.009605	1.027000
0.007626	1.311750
-0.005053	1.020854
0.002986	1.316537
-0.000496	1.018483
-0.001713	1.317028
0.004175	1.019984
-0.006506	1.313184
0.008759	1.025289
-0.010905	1.305201
0.013058	1.034286
-0.015209	1.293262
0.017083	1.046688
-0.018941	1.277905
0.020643	1.062217
-0.022278	1.259502
0.023656	1.080478
-0.025019	1.238673
0.026051	1.101011
-0.026980	1.216128
0.027772	1.123304
-0.028239	1.192402
0.028661	1.146912
-0.028763	1.168125
0.028807	1.171139
-0.028539	1.143928
0.028205	1.195368
-0.027460	1.120533
0.026872	1.218971
-0.025668	1.098413
0.024719	1.241412
-0.023207	1.078118
0.022042	1.261875
-0.020029	1.060237
0.018652	1.279937
-0.016422	1.045050
0.014748	1.294948
-0.012463	1.032984
0.010542	1.306377
-0.008033	1.024461
0.005991	1.313893
-0.003536	1.019589
0.001320	1.317198
0.001139	1.018566
-0.003377	1.316187
0.005790	1.021391
-0.008004	1.310891
0.010220	1.028018
-0.012466	1.301483
0.014434	1.038237
-0.016541	1.288323
0.018343	1.051746
-0.020146	1.271856
0.021759	1.068243
-0.023328	1.252518
0.024495	1.087406
-0.025766	1.231051
0.026699	1.108577
-0.027531	1.207990
0.028101	1.131424
-0.028579	1.183963
0.028889	1.155167
-0.028767	1.159715
0.028700	1.179538
-0.028210	1.135762
0.027884	1.203586
-0.026920	1.112705
0.026227	1.226894
-0.024819	1.091220
0.023886	1.248719
-0.022178	1.071641
0.020916	1.268445
-0.018843	1.054642
0.017384	1.285488
-0.015105	1.040492
0.013366	1.299312
-0.010940	1.029640
0.008945	1.309452
-0.006543	1.022333
0.004342	1.315526
-0.001907	1.018800
-0.000349	1.317337
0.002771	1.019109
-0.005033	1.314827
0.007392	1.023249
-0.009613	1.308077
0.011757	1.031138
-0.013866	1.297357
0.015876	1.042527
-0.017832	1.282981
0.019556	1.057157
-0.021300	1.265462
0.022711	1.074655
-0.024193	1.245347
0.025378	1.094480
-0.026448	1.223227
0.027277	1.116321
-0.027890	1.199831
0.028469	1.139544
-0.028725	1.175581
0.028926	1.163569
-0.028695	1.151327
0.028518	1.187899
-0.027808	1.127689
0.027371	1.211796
-0.026309	1.105041
0.025515	1.234627
-0.024015	1.084158
0.022867	1.255853
-0.021092	1.065451
0.019738	1.274684
-0.017608	1.049390
0.016074	1.290648
-0.013748	1.036327
0.011822	1.303277
-0.009390	1.026716
0.007458	1.312008
-0.004935	1.020683
0.002814	1.316634
-0.000273	1.018470
-0.002017	1.316954
0.004396	1.020109
-0.006676	1.312955
0.008872	1.025583
-0.011067	1.304819
0.013266	1.034673
-0.015361	1.292738
0.017175	1.047258
-0.019080	1.277256
0.020718	1.062902
-0.022400	1.258746
0.023712	1.081260
-0.024998	1.237928
0.026087	1.101870
-0.027061	1.215226
0.027784	1.124217
-0.028296	1.191462
0.028649	1.147856
-0.028796	1.167173
0.028887	1.171981
-0.028433	1.143098
0.028263	1.196196
-0.027332	1.119734
0.026788	1.219865
-0.025519	1.097665
0.024737	1.242147
-0.023039	1.077441
0.021917	1.262615
-0.019951	1.059569
0.018511	1.280568
-0.016328	1.044500
0.014594	1.295451
-0.012253	1.032617
0.010378	1.306736
-0.007918	1.024189
0.005821	1.314095
-0.003314	1.019485
0.001147	1.317239
0.001361	1.018601
-0.003549	1.316064
0.005908	1.021587
-0.008171	1.310609
0.010433	1.028323
-0.012625	1.301050
0.014638	1.038666
-0.016689	1.287753
0.018429	1.052358
-0.020279	1.271167
0.021828	1.068963
-0.023318	1.251819
0.024653	1.088122
-0.025861	1.230187
0.026727	1.109458
-0.027604	1.207073
0.028218	1.132242
-0.028510	1.183126
0.028868	1.156117
-0.028792	1.158764
0.028772	1.180377
-0.028210	1.134830
0.027815	1.204509
-0.026785	1.111921
0.026135	1.227767
-0.024773	1.090397
0.023773	1.249519
-0.022004	1.070993
0.020786	1.269150
-0.018759	1.054013
0.017239	1.286077
-0.015006	1.039987
0.013209	1.299766
-0.010830	1.029273
0.008779	1.309758
-0.006324	1.022140
0.004171	1.315673
-0.001684	1.018744
-0.000522	1.317321
0.002891	1.019203
-0.005203	1.314648
0.007508	1.023497
-0.009778	1.307741
0.011968	1.031487
-0.014021	1.296875
0.015972	1.043058
-0.017975	1.282368
0.019742	1.057731
-0.021427	1.264737
0.022881	1.075320
-0.024302	1.244530
0.025420	1.095317
-0.026535	1.222342
0.027297	1.117220
-0.027955	1.198900
0.028465	1.140481
-0.028648	1.174741
0.028896	1.164521
-0.028596	1.150491
0.028464	1.188842
-0.027799	1.126769
0.027294	1.212705
-0.026167	1.104275
0.025415	1.235478
-0.023853	1.083457
0.022874	1.256537
-0.020912	1.064833
0.019602	1.275350
-0.017519	1.048802
0.015924	1.291192
-0.013542	1.035922
0.011661	1.303681
-0.009277	1.026399
0.007289	1.312260
-0.004714	1.020537
0.002641	1.316726
-0.000152	1.018462
-0.002190	1.316881
0.004515	1.020257
-0.006845	1.312720
0.009088	1.025848
-0.011229	1.304431
0.013370	1.035116
-0.015513	1.292208
0.017371	1.047765
-0.019217	1.276602
0.020900	1.063510
-0.022521	1.257987
0.023876	1.081953
-0.025099	1.237085
0.026121	1.102731
-0.027141	1.214322
0.027795	1.125132
-0.028353	1.190522
0.028750	1.148691
-0.028829	1.166221
0.028849	1.172932
-0.028441	1.142157
0.028201	1.197130
-0.027316	1.118829
0.026702	1.220756
-0.025480	1.096819
0.024631	1.242973
-0.022979	1.076676
0.021792	1.263351
-0.019766	1.058983
0.018370	1.281194
-0.016129	1.044019
0.014440	1.295948
-0.012147	1.032206
0.010214	1.307089
-0.007701	1.023956
0.005651	1.314292
-0.003194	1.019374
0.000975	1.317273
0.001482	1.018647
-0.003720	1.315934
0.006128	1.021765
-0.008338	1.310320
0.010544	1.028674
-0.012784	1.300611
0.014738	1.039157
-0.016836	1.287178
0.018620	1.052901
-0.020411	1.270475
0.021896	1.069688
-0.023433	1.251028
0.024701	1.088936
-0.025956	1.229320
0.026864	1.110236
-0.027555	1.206259
0.028221	1.133170
-0.028558	1.182179
0.028846	1.157067
-0.028700	1.157924
0.028726	1.181326
-0.028096	1.134009
0.027744	1.205431
-0.026760	1.111035
0.026042	1.228638
-0.024726	1.089577
0.023660	1.250316
-0.021937	1.070260
0.020654	1.269851
-0.018569	1.053462
0.017092	1.286661
-0.014803	1.039546
0.013051	1.300215
-0.010617	1.028954
0.008613	1.310058
-0.006207	1.021927
0.003999	1.315814
-0.001564	1.018687
-0.000695	1.317298
0.003113	1.019291
-0.005374	1.314463
0.007726	1.023721
-0.009942	1.307399
0.012076	1.031888
-0.014176	1.296388
0.016172	1.043531
-0.018118	1.281750
0.019822	1.058387
-0.021554	1.264008
0.022943	1.076078
-0.024410	1.243711
0.025571	1.096058
-0.026622	1.221454
0.027427	1.118015
-0.028019	1.197969
0.028573	1.141310
-0.028688	1.173790
0.028866	1.165473
-0.028612	1.149544
0.028409	1.189783
-0.027790	1.125851
0.027216	1.213612
-0.026134	1.103409
0.025315	1.236326
-0.023798	1.082665
0.022754	1.257303
-0.020839	1.064136
0.019465	1.276013
-0.017324	1.048288
0.015773	1.291731
-0.013438	1.035468
0.011499	1.304080
-0.009062	1.026125
0.007121	1.312506
-0.004595	1.020378
0.002469	1.316811
0.000070	1.018460
-0.002362	1.316801
0.004736	1.020393
-0.007013	1.312480
0.009202	1.026154
-0.011391	1.304038
0.013577	1.035513
-0.015664	1.291674
0.017461	1.048344
-0.019355	1.275943
0.020974	1.064203
-0.022642	1.257223
0.023931	1.082742
-0.025200	1.236240
0.026265	1.103493
-0.027220	1.213417
0.027918	1.125941
-0.028409	1.189581
0.028736	1.149637
-0.028743	1.165379
0.028810	1.173884
-0.028447	1.141218
0.028138	1.198062
-0.027298	1.117927
0.026738	1.221545
-0.025440	1.095977
0.024524	1.243795
-0.022810	1.076005
0.021666	1.264084
-0.019686	1.058323
0.018228	1.281816
-0.016034	1.043478
0.014285	1.296440
-0.011936	1.031849
0.010050	1.307436
-0.007585	1.023696
0.005481	1.314483
-0.002972	1.019281
0.000802	1.317301
0.001705	1.018692
-0.003892	1.315799
0.006347	1.021948
-0.008505	1.310026
0.010757	1.028989
-0.012942	1.300167
0.014941	1.039594
-0.016983	1.286599
0.018706	1.053522
-0.020543	1.269778
0.022071	1.070331
-0.023547	1.250234
0.024858	1.089657
-0.025927	1.228550
0.026889	1.111121
-0.027626	1.205339
0.028222	1.134099
-0.028605	1.181231
0.028823	1.158018
-0.028722	1.156974
0.028678	1.182273
-0.028094	1.133079
0.027673	1.206352
-0.026735	1.110150
0.025948	1.229507
-0.024569	1.088857
0.023546	1.251110
-0.021762	1.069618
0.020522	1.270547
-0.018484	1.052841
0.016946	1.287240
-0.014599	1.039109
0.012892	1.300659
-0.010404	1.028640
0.008446	1.310351
-0.005987	1.021745
0.003828	1.315949
-0.001341	1.018642
-0.000867	1.317270
0.003335	1.019385
-0.005544	1.314271
0.007841	1.023981
-0.010106	1.307051
0.012286	1.032246
-0.014331	1.295895
0.016267	1.044071
-0.018260	1.281128
0.019902	1.059047
-0.021680	1.263275
0.023112	1.076750
-0.024517	1.242888
0.025611	1.096901
-0.026586	1.220666
0.027444	1.118917
-0.028082	1.197036
0.028566	1.142249
-0.028727	1.172838
0.028834	1.166426
-0.028626	1.148598
0.028473	1.190616
-0.027667	1.125043
0.027258	1.214414
-0.025990	1.102648
0.025214	1.237172
-0.023743	1.081876
0.022634	1.258066
-0.020764	1.063443
0.019328	1.276671
-0.017233	1.047709
0.015622	1.292265
-0.013231	1.035073
0.011337	1.304473
-0.008948	1.025819
0.006952	1.312746
-0.004374	1.020243
0.002165	1.316897
0.000293	1.018463
-0.002534	1.316716
0.004855	1.020553
-0.007182	1.312233
0.009417	1.026430
-0.011552	1.303638
0.013680	1.035966
-0.015814	1.291134
0.017656	1.048859
-0.019491	1.275280
0.021047	1.064901
-0.022761	1.256457
0.023986	1.083534
-0.025300	1.235391
0.026297	1.104359
-0.027177	1.212613
0.027927	1.126859
-0.028344	1.188748
0.028721	1.150584
-0.028774	1.164427
0.028770	1.174835
-0.028339	1.140390
0.028074	1.198994
-0.027168	1.117132
0.026651	1.222432
-0.025289	1.095236
0.024416	1.244615
-0.022748	1.075247
0.021539	1.264813
-0.019606	1.057668
0.018086	1.282433
-0.015834	1.043006
0.014130	1.296927
-0.011726	1.031495
0.009885	1.307778
-0.007367	1.023473
0.005310	1.314668
-0.002750	1.019194
0.000629	1.317323
0.001825	1.018750
-0.004063	1.315658
0.006465	1.022161
-0.008671	1.309725
0.010970	1.029309
-0.013100	1.299718
0.015144	1.040036
-0.017129	1.286015
0.018896	1.054074
-0.020674	1.269077
0.022138	1.071063
-0.023660	1.249437
0.024905	1.090477
-0.026019	1.227679
0.026914	1.112007
-0.027697	1.204417
0.028337	1.134921
-0.028651	1.180283
0.028915	1.158858
-0.028744	1.156023
0.028630	1.183220
-0.028091	1.132151
0.027722	1.207165
-0.026597	1.109372
0.025977	1.230276
-0.024520	1.088043
0.023431	1.251900
-0.021693	1.068893
0.020390	1.271240
-0.018293	1.052298
0.016798	1.287814
-0.014499	1.038619
0.012733	1.301097
-0.010294	1.028289
0.008279	1.310639
-0.005768	1.021568
0.003656	1.316077
-0.001221	1.018597
-0.001040	1.317235
0.003455	1.019496
-0.005714	1.314074
0.008058	1.024216
-0.010270	1.306698
0.012392	1.032657
-0.014486	1.295398
0.016466	1.044553
-0.018401	1.280501
0.020087	1.059633
-0.021805	1.262538
0.023173	1.077515
-0.024623	1.242062
0.025651	1.097747
-0.026671	1.219775
0.027460	1.119822
-0.028144	1.196102
0.028558	1.143190
-0.028765	1.171886
0.028919	1.167267
-0.028639	1.147653
0.028416	1.191556
-0.027656	1.124128
0.027178	1.215317
-0.025956	1.101786
0.025112	1.238014
-0.023579	1.081184
0.022512	1.258825
-0.020583	1.062836
0.019190	1.277324
-0.017037	1.047203
0.015470	1.292794
-0.013024	1.034682
0.011175	1.304860
-0.008732	1.025554
0.006783	1.312980
-0.004255	1.020095
0.001993	1.316969
0.000414	1.018471
-0.002707	1.316624
0.005075	1.020699
-0.007350	1.311980
0.009530	1.026747
-0.011844	1.303189
0.013887	1.036372
-0.015964	1.290589
0.017745	1.049447
-0.019628	1.274613
0.021227	1.065519
-0.022880	1.255686
0.024147	1.084235
-0.025400	1.234540
0.026439	1.105126
-0.027254	1.211704
0.027935	1.127778
-0.028398	1.187805
0.028820	1.151421
-0.028803	1.163474
0.028846	1.175676
-0.028344	1.139452
0.028009	1.199924
-0.027149	1.116233
0.026564	1.223317
-0.025247	1.094398
0.024307	1.245431
-0.022577	1.074582
0.021412	1.265538
-0.019420	1.057094
0.017942	1.283045
-0.015738	1.042476
0.013974	1.297408
-0.011618	1.031100
0.009721	1.308113
-0.007251	1.023225
0.005140	1.314846
-0.002630	1.019100
0.000456	1.317339
0.002048	1.018807
-0.004235	1.315510
0.006684	1.022354
-0.008838	1.309419
0.011080	1.029676
-0.013258	1.299263
0.015243	1.040542
-0.017275	1.285425
0.018980	1.054703
-0.020805	1.268371
0.022312	1.071713
-0.023773	1.248636
0.024951	1.091300
-0.026111	1.226805
0.027049	1.112792
-0.027766	1.203493
0.028336	1.135853
-0.028579	1.179444
0.028891	1.159809
-0.028765	1.155073
0.028581	1.184167
-0.027974	1.131334
0.027649	1.208083
-0.026570	1.108492
0.025881	1.231140
-0.024362	1.087328
0.023316	1.252687
-0.021624	1.068173
0.020257	1.271928
-0.018206	1.051687
0.016651	1.288383
-0.014295	1.038191
0.012574	1.301530
-0.010080	1.027985
0.008111	1.310921
-0.005650	1.021373
0.003484	1.316200
-0.000998	1.018562
-0.001213	1.317193
0.003676	1.019601
-0.005884	1.313870
0.008173	1.024487
-0.010434	1.306339
0.012602	1.033025
-0.014639	1.294895
0.016560	1.045103
-0.018542	1.279870
0.020165	1.060302
-0.021930	1.261797
0.023340	1.078193
-0.024729	1.241233
0.025799	1.098495
-0.026756	1.218881
0.027588	1.120622
-0.028205	1.195167
0.028664	1.144021
-0.028802	1.170934
0.028885	1.168220
-0.028537	1.146819
0.028358	1.192495
