0.622198	1.603799
0.771736	1.278024
-0.789707	1.466472
-0.647737	1.438059
0.275788	3.520803
0.657544	1.360972
0.796587	1.545411
-0.763648	1.209436
-0.611485	1.660004
0.472687	2.713002
0.678424	1.128181
-0.720125	2.924117
0.814718	1.742196
-0.741769	1.006248
-0.585142	1.713031
0.495379	2.440235
0.672577	0.938470
-0.767153	2.766434
0.832704	1.666824
-0.734136	0.770782
-0.575675	1.341508
0.414825	2.644406
0.592130	0.670528
0.816042	0.849298
-0.771614	0.505984
-0.539831	0.144614
-0.509818	0.680948
0.045024	3.389195
0.501844	0.624172
0.507481	0.073097
0.654101	0.241587
-0.903026	2.096854
0.896912	1.612242
-0.682091	0.057770
-0.408919	-1.225348
0.062728	-3.569190
0.653147	-0.502591
-0.928327	1.291828
0.964455	2.017427
-0.612965	-0.109488
-0.367822	-1.514904
0.124153	-3.517736
0.833413	-0.211318
-0.713819	-0.992190
0.705953	-3.777671
0.342413	-3.614513
-1.110369	-0.370719
1.258605	-0.916169
-0.092112	-4.061228
-1.229911	-1.458582
0.796470	-0.539130
-0.747015	-0.861962
0.817489	-3.376030
0.292442	-3.803190
-1.139500	-0.490749
1.239740	-1.039704
-0.083575	-4.151753
-1.196885	-1.670864
0.892416	-0.465176
-0.622995	-2.081810
-0.072834	-5.386859
0.662813	-1.794320
-0.857647	-0.588749
1.062727	-2.381010
0.170236	-4.116708
-1.198247	-0.835568
1.210191	-0.950147
-0.134164	-4.172853
-1.118947	-2.106399
0.899723	-0.528519
-0.608820	-2.246850
-0.157607	-5.310978
0.698354	-1.625272
-0.820252	-0.861462
0.751705	-3.638820
0.356681	-3.692426
-1.074916	-0.522458
1.190519	-1.608334
0.035748	-4.313700
-1.207957	-1.323711
1.149609	-0.670716
-0.247632	-4.002557
-0.935447	-2.931265
0.844494	-0.696099
-0.674892	-1.746759
0.091075	-5.377900
0.623591	-2.111415
-0.889579	-0.515754
1.136510	-2.015990
0.122993	-4.164549
-1.218910	-0.963102
1.189640	-0.730943
-0.200677	-4.040114
-1.005267	-2.633767
0.809017	-0.666948
-0.723968	-1.211907
0.471222	-4.573620
0.471937	-3.067058
-1.010850	-0.313494
1.273023	-0.995846
-0.037903	-4.076982
-1.274450	-1.104003
0.869872	-0.414846
-0.656022	-1.736963
0.117632	-5.340113
0.594204	-2.211481
-0.921823	-0.286480
1.315090	-0.563101
-0.041562	-3.952564
0.746095	-0.524992
-0.814854	-0.058813
-0.236606	-2.844435
-0.095962	-4.858819
0.257471	-2.603363
0.743014	-0.106234
-0.836748	0.563088
-0.529844	-0.253595
-0.355554	-1.503751
0.101135	-3.495943
0.726825	-0.350232
-0.847515	0.488499
-0.502421	-0.600622
-0.164932	-2.899896
-0.170922	-4.650573
0.202505	-2.567377
0.425658	-0.689227
0.492929	-0.180565
0.661802	0.207600
-0.902509	1.987872
0.898980	1.724642
-0.677017	0.108046
-0.440028	-0.883956
-0.071166	-3.273916
0.268047	-1.810232
0.254607	-0.935227
-0.051862	-1.407097
-0.273297	-1.180106
-0.142915	-2.670279
0.047054	-4.638296
0.132150	-2.743642
0.282631	-1.177017
0.072736	-1.341163
-0.254446	-0.847150
-0.304836	-1.497936
0.024750	-3.319477
0.364831	-1.171185
0.384709	-0.470627
0.192239	-0.741427
-0.220033	-0.615339
-0.407732	-0.224850
-0.453004	-0.086083
-0.478384	0.252654
-0.469677	1.865532
0.494209	1.642633
0.513835	0.276155
0.632201	0.239858
-0.906897	2.303492
0.896535	1.352911
-0.686025	-0.128780
-0.290078	-2.284550
0.312029	-4.573303
0.218039	-3.092526
-1.256330	1.134137
0.904762	-0.020383
-0.629850	-1.706780
0.170788	-5.253140
0.549113	-2.396184
-0.968033	-0.045025
1.311205	0.284631
-0.191557	-3.348945
-0.582878	-3.893719
0.336273	-1.877182
0.664659	-0.089202
-0.915723	1.641549
0.923942	1.922284
-0.648833	0.042590
-0.425329	-0.992838
-0.031553	-3.393747
0.335446	-1.398056
0.348499	-0.593104
0.099687	-1.031710
-0.291219	-0.272652
-0.459938	0.735724
0.236574	2.832815
0.330604	0.209738
-0.067327	-0.906869
-0.377244	0.009263
-0.467787	1.479194
0.432382	1.820000
0.329078	-0.000842
-0.050649	-1.017414
-0.359292	-0.198101
-0.470034	0.522693
-0.120312	3.276181
0.499274	0.694403
0.486351	0.049462
0.551739	0.049840
0.827873	0.633114
-0.755962	0.112108
-0.385137	-1.581989
0.786939	-3.247799
0.174083	-3.509468
-1.310923	-0.045552
1.007243	-0.081430
-0.498649	-2.753525
-0.319218	-4.963142
0.647228	-1.488967
-0.893702	0.056903
-0.268635	-2.739434
-0.026611	-4.939306
0.274315	-2.668076
0.873618	0.049459
-0.673195	-1.233906
0.506399	-4.441656
0.427148	-3.204085
-1.056484	-0.198118
1.293608	-0.526821
-0.129713	-3.812008
0.555957	-0.970318
-1.051368	1.450227
1.010122	1.152472
-0.571370	-1.241610
0.663246	-3.863517
0.301443	-3.550682
-1.173201	-0.247265
1.250164	-0.390215
-0.215037	-3.661265
-0.812641	-3.275722
0.503537	-1.261677
-1.119808	1.339553
1.016199	0.817484
-0.545162	-1.727133
0.275684	-4.994928
0.445221	-2.800459
-1.074400	0.203941
1.259364	0.409060
-0.315299	-2.772594
-0.096175	-5.010834
0.336957	-2.469884
-1.253634	0.755208
1.013337	0.249524
-0.513475	-2.411856
-0.132850	-5.259764
0.565695	-1.885868
-0.976968	0.468390
1.179339	1.334669
-0.432650	-1.634466
0.566131	-4.077593
0.262330	-3.409809
-1.240855	-0.145669
1.176805	-0.093256
-0.320341	-3.368793
-0.539097	-4.236123
0.508656	-1.488742
-1.096831	1.155522
1.059040	0.976015
-0.520205	-1.688159
0.346367	-4.806219
0.401434	-2.997158
-1.114802	0.150397
1.253241	0.226791
-0.302910	-2.966606
-0.228815	-4.863241
0.357420	-2.239037
-1.233734	1.034961
0.979395	0.278984
-0.553323	-2.123003
-0.008353	-5.345622
0.556622	-2.091051
-0.976917	0.291126
1.229211	1.073065
-0.363079	-2.189406
0.253792	-4.825148
0.301489	-3.001555
-1.250689	0.196693
1.123481	0.137635
-0.392745	-3.028098
-0.358566	-4.769103
0.513508	-1.689837
-1.070037	0.998192
1.093073	1.101867
-0.506923	-1.566424
0.471099	-4.446676
0.345604	-3.256335
-1.159363	-0.005121
1.246145	-0.038079
-0.274209	-3.280983
-0.463248	-4.358894
0.401112	-1.829040
-1.184960	1.417856
0.952425	0.358177
-0.588875	-1.787901
0.167395	-5.230272
0.518536	-2.460095
-1.003222	0.151071
1.275249	0.612260
-0.293488	-2.758637
-0.064021	-4.982899
0.307436	-2.570281
-1.253354	0.982968
0.957623	0.162375
-0.573229	-2.059697
0.003649	-5.360200
0.571327	-2.077826
-0.958887	0.160249
1.255333	0.963021
-0.305702	-2.585172
0.053616	-4.985967
0.293478	-2.747651
-1.274441	0.645321
0.997658	0.149814
-0.525237	-2.416029
-0.152103	-5.252283
0.589031	-1.810490
-0.950954	0.327890
1.193204	1.381987
-0.388596	-1.927172
0.405286	-4.505870
0.281226	-3.210377
-1.247671	0.025052
1.150448	0.036322
-0.358425	-3.193810
-0.438280	-4.543532
0.506654	-1.607019
-1.089716	1.074795
1.076133	1.012372
-0.510746	-1.677271
0.371662	-4.732416
0.385504	-3.061824
-1.129453	0.122538
1.249779	0.163710
-0.298459	-3.038718
-0.281086	-4.776081
0.367094	-2.145269
-1.223249	1.133900
0.970967	0.295447
-0.563987	-2.031303
0.035458	-5.341984
0.549095	-2.175799
-0.981699	0.251711
1.243174	0.962767
-0.343996	-2.346246
0.172423	-4.932468
0.303674	-2.892160
-1.260586	0.306072
1.090139	0.166576
-0.426816	-2.901137
-0.317099	-4.895063
0.539844	-1.686225
-1.027278	0.893206
1.108099	1.303623
-0.511054	-1.279953
0.760331	-3.475865
0.235326	-3.633669
-1.234554	-0.348840
1.196065	-0.278562
-0.278431	-3.579436
-0.690528	-3.751546
0.546066	-1.266485
-1.049780	1.241335
1.045619	1.215257
-0.547465	-1.291471
0.657630	-3.867842
0.292210	-3.541939
-1.185685	-0.238176
1.241542	-0.333359
-0.232248	-3.610834
-0.748363	-3.505581
0.493185	-1.330389
-1.131485	1.308410
1.017024	0.764485
-0.540984	-1.801491
0.227903	-5.088918
0.459164	-2.693484
-1.064734	0.258653
1.251394	0.529625
-0.334967	-2.612577
-0.003871	-5.061487
0.335572	-2.602982
-1.251268	0.542490
1.062665	0.258695
-0.461478	-2.681298
-0.224242	-5.096457
0.541927	-1.806443
-1.015126	0.755488
1.133364	1.311154
-0.492066	-1.327168
0.752608	-3.489172
0.229664	-3.615749
-1.243307	-0.336445
1.183110	-0.236608
-0.295370	-3.534668
-0.654858	-3.879190
0.550070	-1.291258
-1.041141	1.208354
1.050595	1.265334
-0.547292	-1.228750
0.729870	-3.611904
0.262142	-3.626998
-1.206794	-0.322582
1.226347	-0.365172
-0.239985	-3.653370
-0.770314	-3.453468
0.530691	-1.232988
-1.078523	1.304725
1.033716	1.049358
-0.545299	-1.492951
0.465325	-4.494445
0.372390	-3.217790
-1.128769	-0.005466
1.264652	-0.046618
-0.255431	-3.300127
-0.481398	-4.282110
0.383831	-1.852613
0.897439	0.266290
-0.652441	-1.285641
0.486001	-4.496293
0.425648	-3.173853
-1.062366	-0.149358
1.295717	-0.375580
-0.157888	-3.690332
0.475427	-1.226532
-1.131688	1.605545
0.959960	0.576761
-0.590990	-1.602757
0.302207	-4.969463
0.467431	-2.797741
-1.044638	0.090440
1.284882	0.285036
-0.265381	-3.034208
-0.261869	-4.747351
0.326294	-2.268631
0.867657	0.131421
-0.684868	-1.055597
0.672462	-3.886530
0.348212	-3.556314
-1.112684	-0.317199
1.267498	-0.762334
-0.119180	-3.962337
0.689625	-0.706948
-0.878345	0.557056
-0.508821	-0.635383
-0.135534	-3.069263
-0.407940	-4.195608
0.223811	-2.315774
0.352776	-0.802778
0.171170	-0.888898
-0.227849	-0.650435
-0.394740	-0.447953
-0.367716	-1.158748
-0.026025	-3.320840
0.304597	-1.502892
0.255518	-0.845964
-0.070810	-1.343315
-0.282961	-1.165996
-0.136350	-2.723267
-0.020903	-4.646775
0.140560	-2.692977
0.278574	-1.170407
0.061281	-1.374112
-0.255856	-0.883233
-0.288755	-1.641609
0.050270	-3.315691
0.414995	-0.983967
0.581825	-0.074637
-0.932783	2.468623
0.904726	0.949253
-0.671262	-0.602062
0.026141	-3.845477
0.789987	-0.386840
-0.763339	-0.563269
0.085004	-4.023196
-1.271392	-0.864981
1.075383	-0.310234
-0.391135	-3.423686
-0.614142	-4.098864
0.709819	-1.083098
-0.834024	-0.274472
-0.078618	-3.717222
0.498769	-1.015007
-1.106458	1.710372
0.955534	0.654947
-0.599962	-1.469353
0.396850	-4.730827
0.434777	-3.015254
-1.067803	0.004039
1.289361	0.025579
-0.231935	-3.293111
-0.484779	-4.230762
0.355425	-1.923325
0.802764	0.115493
-0.770347	-0.109463
-0.232759	-2.810457
-0.064892	-4.861947
0.246741	-2.652298
0.722628	-0.147420
-0.858889	0.825574
-0.578673	0.199432
-0.515529	0.597127
-0.198595	3.236473
0.541856	0.851625
0.660656	0.415439
-0.878914	2.231988
0.880555	1.626673
-0.696246	0.223478
-0.480161	-0.447343
-0.287475	-2.026096
0.570692	-3.844908
0.157084	-3.265606
0.766146	-0.224588
-0.803094	0.032492
-0.303124	-2.347992
0.238305	-4.749938
0.248381	-3.011917
-1.291351	0.558894
0.975554	0.057369
-0.546058	-2.342570
-0.135752	-5.286862
0.606697	-1.799552
-0.929086	0.141977
1.228515	1.258850
-0.304332	-2.540854
0.088114	-4.957846
0.284019	-2.804766
-1.278224	0.627217
0.993229	0.129826
-0.529114	-2.405972
-0.150704	-5.257396
0.593305	-1.804368
-0.945810	0.288961
1.199049	1.372258
-0.373147	-2.041074
0.346578	-4.635452
0.285302	-3.133878
-1.253176	0.090910
1.133893	0.075243
-0.377256	-3.122249
-0.406975	-4.641167
0.516666	-1.622298
-1.070837	1.042225
1.084295	1.103602
-0.512876	-1.548780
0.475098	-4.439693
0.347751	-3.260690
-1.155939	-0.011327
1.248944	-0.047537
-0.270519	-3.291596
-0.472489	-4.329989
0.399957	-1.820608
-1.177611	1.486175
0.945010	0.348349
-0.597352	-1.724691
0.200012	-5.183684
0.512103	-2.529119
-1.006804	0.115078
1.283621	0.506319
-0.275250	-2.891135
-0.152156	-4.898497
0.309318	-2.449103
0.897315	0.127478
-0.646145	-1.446344
0.352974	-4.877159
0.482640	-2.847011
-1.020118	-0.080134
1.308064	-0.093740
-0.176775	-3.517340
-0.789040	-3.247995
0.390981	-1.564771
0.777034	0.145984
-0.804149	0.343391
-0.470259	-0.829792
-0.064213	-3.341816
0.294685	-1.658177
0.289227	-0.795341
-0.005621	-1.347641
-0.291308	-0.822333
-0.280194	-1.783578
0.081332	-3.310465
0.498917	-0.743758
0.880090	0.526088
-0.686355	-0.760687
1.099631	-2.170719
0.154428	-3.955547
-1.245769	-0.717747
1.171091	-0.440817
-0.272920	-3.761251
-0.807938	-3.386267
0.668399	-0.966058
-0.893009	0.495813
-0.482102	-0.949138
0.019889	-3.606821
0.562166	-0.719527
-1.047862	1.646392
0.980052	1.071953
-0.594576	-1.165442
0.703783	-3.733634
0.293909	-3.609119
-1.172901	-0.299621
1.250422	-0.475103
-0.199489	-3.742339
-0.899719	-2.966481
0.542124	-1.123620
-1.066223	1.362783
1.024488	1.099400
-0.556253	-1.381466
0.548734	-4.240533
0.343896	-3.368596
-1.146589	-0.109280
1.261818	-0.218182
-0.232332	-3.484774
-0.648726	-3.796049
0.427377	-1.570395
-1.144381	1.674304
0.937296	0.405771
-0.609417	-1.578552
0.294496	-4.999899
0.483116	-2.750468
-1.027912	0.045433
1.294389	0.239920
-0.242346	-3.147456
-0.354040	-4.542000
0.326609	-2.151744
0.795776	0.059156
-0.777146	-0.067686
-0.255661	-2.661995
0.047344	-4.891007
0.244767	-2.787062
0.813378	-0.049553
-0.748698	-0.484997
0.015863	-3.907748
0.819649	-0.373974
-0.724251	-0.995702
0.687915	-3.845731
0.356820	-3.576558
-1.097511	-0.369092
1.257951	-0.971927
-0.077732	-4.087592
-1.234181	-1.430522
0.833965	-0.488752
-0.699728	-1.343515
0.377107	-4.839160
0.504156	-2.843018
-0.991143	-0.256038
1.297898	-0.708585
-0.067267	-3.958364
0.717827	-0.595619
-0.848041	0.286890
-0.419696	-1.433014
0.896160	-2.864630
0.168941	-3.587401
-1.304146	-0.207844
1.036885	-0.104376
-0.460656	-2.978706
-0.406931	-4.730443
0.648542	-1.382150
-0.897422	0.188179
-0.342214	-2.194010
0.288794	-4.719037
0.272935	-3.067076
-1.274915	0.193077
1.080504	0.092249
-0.429848	-2.957297
-0.356427	-4.816973
0.565912	-1.584436
-0.995448	0.829906
1.106309	1.479125
-0.516450	-1.067489
0.133003	-3.761111
-1.301731	-0.428468
1.035427	-0.172112
-0.456023	-3.050240
-0.445693	-4.628047
0.671024	-1.305936
-0.872698	-0.017224
-0.232438	-2.953467
-0.188788	-4.778539
0.274641	-2.464240
0.732394	-0.094319
-0.849306	0.745132
-0.567250	0.129557
-0.503239	0.330407
-0.462806	2.025731
0.514464	1.563040
0.573708	0.380706
0.820827	0.733955
-0.765790	0.321353
-0.482561	-0.594705
-0.192655	-2.707669
0.033893	-4.761684
0.184808	-2.778039
0.499314	-0.578076
0.828489	0.450936
-0.750029	-0.102327
-0.252904	-2.645049
0.063425	-4.875027
0.238466	-2.808804
0.797966	-0.074189
-0.768148	-0.276749
-0.118730	-3.464292
0.342542	-1.607872
0.518220	-0.295085
0.809376	0.480543
-0.774574	0.228040
-0.435127	-1.131722
0.054428	-3.600269
0.653837	-0.514142
-0.927346	1.270913
0.964782	2.035893
-0.611389	-0.103641
-0.372587	-1.467437
0.113061	-3.530088
0.800883	-0.254632
-0.755373	-0.557533
0.074834	-4.005996
-1.280653	-0.834178
1.042420	-0.282802
-0.434749	-3.229704
-0.531274	-4.376679
0.710372	-1.164356
-0.829240	-0.395095
1.335730	0.128034
0.005750	-3.972811
-1.330546	-0.318940
0.854944	-0.364728
-0.678103	-1.479420
0.287366	-5.055769
0.532034	-2.630621
-0.972949	-0.207089
1.314384	-0.423407
-0.093675	-3.835073
0.583630	-0.855348
-1.012173	1.450029
1.004324	1.378646
-0.587154	-0.912074
0.135944	-3.850021
-1.281024	-0.600997
1.092478	-0.237314
-0.381481	-3.399371
-0.592036	-4.156889
0.666143	-1.158533
-0.886343	0.258843
-0.384522	-1.823905
0.503199	-4.217174
0.248869	-3.325589
-1.268096	-0.064045
1.123778	-0.017036
-0.376057	-3.219064
-0.470429	-4.485016
0.553971	-1.471948
-1.021292	1.027583
1.079341	1.371758
-0.534026	-1.132130
0.913062	-2.907204
0.193079	-3.741557
-1.256336	-0.474178
1.162077	-0.276261
-0.307224	-3.575921
-0.680667	-3.818623
0.600186	-1.177496
-0.971235	1.014586
1.051280	1.704817
-0.558832	-0.670031
-0.053939	-3.491960
0.370385	-1.330566
0.510898	-0.258699
0.770524	0.404064
-0.816674	0.757207
-0.578193	0.471417
-0.494999	1.934690
0.515479	1.754375
0.604678	0.492957
0.853734	0.992871
-0.731117	0.089311
-0.390526	-1.489817
0.148090	-3.550788
-1.320964	0.156905
0.946642	-0.120416
-0.571874	-2.275965
-0.129701	-5.313177
0.635015	-1.758277
-0.895476	-0.157362
1.309958	0.603057
-0.133346	-3.553524
0.387492	-1.463312
0.697700	0.039389
-0.884318	1.405093
0.881087	2.401252
-0.640882	0.376795
-0.536878	0.866359
0.227006	3.145389
0.500532	0.543551
0.512552	0.068967
0.679708	0.290575
-0.886393	1.893331
0.886900	1.930380
-0.677343	0.305157
-0.517233	0.158245
-0.509479	0.986206
0.329355	2.624322
0.391208	0.247388
0.076987	-0.806440
-0.331211	0.399436
0.067422	2.966010
0.275651	0.241783
-0.174427	-0.401508
-0.430332	1.032233
0.336716	2.077413
0.145694	-0.166625
-0.278175	0.955971
0.243005	1.637449
-0.085450	-0.066348
-0.219773	2.381336
0.342212	0.648343
-0.059986	-0.734143
-0.393487	0.561690
0.164743	2.876913
0.269788	0.170910
-0.181691	-0.384540
-0.432075	1.050540
0.340998	2.060377
0.148822	-0.168646
-0.278229	0.917559
0.238376	1.692327
-0.078673	-0.062351
-0.213723	2.377025
0.333733	0.634890
-0.076640	-0.703261
-0.399616	0.566601
0.164073	2.898500
0.281488	0.186541
-0.163007	-0.516934
-0.427663	0.648588
0.203116	2.849351
0.293814	0.177703
-0.140301	-0.660749
-0.412201	0.277632
-0.341758	2.608578
0.517879	1.028863
0.553503	0.232319
0.795801	0.594840
-0.791909	0.567772
-0.548103	0.173367
-0.513328	0.763788
0.173352	3.209147
0.474844	0.508248
0.385160	-0.157891
0.118999	-0.837576
-0.298409	0.016020
-0.388965	2.117176
0.481305	1.215772
0.397436	-0.007591
0.132168	-0.760654
-0.293661	0.057050
-0.350253	2.342267
0.481991	1.042941
0.389748	-0.051830
0.114435	-0.816224
-0.304353	0.105996
-0.319691	2.507648
0.479822	0.936393
0.377901	-0.091471
0.084523	-0.901472
-0.319709	0.134027
-0.315407	2.553719
0.483666	0.926131
0.396275	-0.063854
0.138286	-0.761760
-0.287723	-0.010647
-0.393986	2.054748
0.476172	1.248427
0.378096	-0.033033
0.075829	-0.902245
-0.325548	0.181724
-0.267691	2.735440
0.470425	0.801355
0.336475	-0.185913
-0.008911	-1.099898
-0.341183	-0.225504
-0.467031	0.545999
-0.047495	3.321431
0.479821	0.613088
0.396956	-0.119008
0.151822	-0.744887
-0.275230	-0.127382
-0.436611	1.572875
0.432716	1.611732
0.270445	-0.127146
-0.161309	-0.688748
-0.406093	0.003344
-0.483524	1.196290
0.385272	2.153521
0.303010	0.029025
-0.110786	-0.863318
-0.381518	-0.175408
-0.472180	0.446895
-0.282134	2.941238
0.531687	0.922493
0.615620	0.335398
-0.818583	2.867461
0.880575	1.141398
-0.702320	-0.127332
-0.276433	-2.410515
0.230004	-4.713029
0.224132	-3.002955
0.869859	-0.032828
-0.674181	-1.283188
0.460248	-4.585867
0.450246	-3.088032
-1.038898	-0.181510
1.299673	-0.472384
-0.128536	-3.787451
0.536636	-1.012030
-1.080134	1.465896
1.005162	0.983915
-0.565976	-1.440545
0.476860	-4.474000
0.380279	-3.225084
-1.117337	-0.032022
1.272459	-0.093507
-0.239764	-3.362507
-0.540285	-4.105017
0.386726	-1.780776
0.873691	0.249035
-0.682340	-0.999388
0.740926	-3.639807
0.311411	-3.674154
-1.140246	-0.376802
1.257052	-0.777739
-0.129313	-3.981439
-1.193132	-1.671435
0.707483	-0.694041
-0.856527	0.308069
-0.424712	-1.403922
0.164774	-3.601157
-1.305366	-0.214929
1.032440	-0.110333
-0.465435	-2.958625
-0.400070	-4.751517
0.651628	-1.384074
-0.893452	0.142805
-0.318926	-2.369310
0.196825	-4.851109
0.273498	-2.952056
-1.283374	0.385923
1.030978	0.110304
-0.484681	-2.689469
-0.261669	-5.060515
0.591800	-1.656659
-0.955697	0.502602
1.147173	1.569187
-0.453428	-1.397883
0.782224	-3.345453
0.204250	-3.597717
-1.271251	-0.321631
1.130977	-0.152013
-0.353217	-3.394071
-0.572550	-4.184211
0.591543	-1.295682
-0.976789	0.951962
1.067476	1.653187
-0.546872	-0.772638
-0.003572	-3.633951
0.532623	-0.813345
-1.081121	1.689705
0.968339	0.839743
-0.595033	-1.360627
0.500793	-4.418337
0.386818	-3.253252
-1.105095	-0.080001
1.280759	-0.197503
-0.213442	-3.484214
-0.672937	-3.688879
0.406937	-1.602051
0.873093	0.287898
-0.684951	-0.944538
0.805114	-3.403197
0.279147	-3.766991
-1.162722	-0.443879
1.247193	-0.780605
-0.139489	-3.996652
-1.140491	-1.975611
0.722247	-0.688425
-0.837846	0.088931
-0.316758	-2.294889
0.256238	-4.741038
0.256999	-3.032340
-1.290452	0.367613
1.017030	0.076947
-0.498167	-2.639971
-0.249821	-5.093667
0.604250	-1.648636
-0.940097	0.374199
1.160983	1.586798
-0.412756	-1.701282
0.549837	-4.107505
0.254515	-3.385493
-1.253253	-0.126083
1.155922	-0.062847
-0.341916	-3.319566
-0.515414	-4.326710
0.527994	-1.475465
-1.064124	1.128742
1.067388	1.144657
-0.527189	-1.454945
0.533951	-4.267427
0.333134	-3.356072
-1.162171	-0.085580
1.250829	-0.157736
-0.252289	-3.418130
-0.578972	-4.025023
0.422985	-1.647669
-1.168437	1.494623
0.952713	0.412634
-0.591199	-1.727628
0.207622	-5.166006
0.504597	-2.558771
-1.014490	0.135559
1.279629	0.514093
-0.284902	-2.840977
-0.119357	-4.941713
0.311549	-2.488424
-1.223425	1.290310
0.929590	0.153520
-0.606844	-1.787558
0.142718	-5.278125
0.542739	-2.364280
-0.978317	0.061898
1.291201	0.548262
-0.250181	-3.005039
-0.234017	-4.758678
0.303444	-2.354828
0.809235	0.037366
-0.758313	-0.311763
-0.101826	-3.530315
0.372851	-1.438556
0.594276	-0.130478
-0.973582	2.142987
0.922735	1.098616
-0.654971	-0.643721
0.037238	-3.847835
0.821467	-0.343622
-0.723303	-0.983940
0.702640	-3.792739
0.347977	-3.607558
-1.104074	-0.377295
1.256597	-0.966932
-0.080954	-4.088135
-1.229298	-1.464811
0.830893	-0.496472
-0.703362	-1.310227
0.403302	-4.767309
0.494009	-2.907824
-0.998436	-0.261198
1.294180	-0.749060
-0.065807	-3.973512
0.734104	-0.571923
-0.828209	0.064719
-0.307996	-2.348142
0.230124	-4.773974
0.255000	-3.000780
-1.290979	0.481512
0.993494	0.072554
-0.525423	-2.473697
-0.186589	-5.212858
0.606967	-1.728757
-0.932394	0.235600
1.196912	1.437640
-0.352022	-2.182299
0.279747	-4.754711
0.284630	-3.048087
-1.264699	0.177991
1.102364	0.106277
-0.409424	-3.013586
-0.368716	-4.766638
0.542508	-1.616776
-1.028387	0.948911
1.097199	1.313705
-0.519119	-1.246075
0.781850	-3.402623
0.230503	-3.657348
-1.235425	-0.372158
1.195363	-0.293573
-0.276487	-3.597445
-0.703029	-3.712061
0.553501	-1.243080
-1.038794	1.237649
1.045106	1.275177
-0.551653	-1.201158
0.755527	-3.521734
0.253338	-3.656071
-1.211594	-0.351792
1.222398	-0.377785
-0.240939	-3.670490
-0.780313	-3.424911
0.543194	-1.199518
-1.059470	1.302053
1.035282	1.152267
-0.551015	-1.350143
0.588857	-4.104767
0.323653	-3.438842
-1.162558	-0.156152
1.254410	-0.268876
-0.231245	-3.538650
-0.693649	-3.665084
0.452175	-1.468525
-1.162106	1.417904
0.974834	0.522867
-0.571404	-1.796923
0.184886	-5.189565
0.498045	-2.536060
-1.024728	0.213179
1.263697	0.620863
-0.318991	-2.625426
0.007725	-5.030556
0.316918	-2.652565
-1.264386	0.590573
1.030053	0.208590
-0.492278	-2.569885
-0.198946	-5.165066
0.569975	-1.783728
-0.977330	0.556282
1.156240	1.427647
-0.460965	-1.404626
0.745605	-3.487339
0.218303	-3.584774
-1.259879	-0.311147
1.154210	-0.171236
-0.329138	-3.448583
-0.598379	-4.083860
0.568310	-1.310341
-1.010182	1.105319
1.060323	1.447127
-0.550023	-0.989774
0.134679	-3.804552
-1.291516	-0.522794
1.065035	-0.199754
-0.417512	-3.241771
-0.523025	-4.386014
0.668831	-1.225448
-0.879556	0.126104
-0.316516	-2.364370
0.203951	-4.835216
0.269484	-2.963076
-1.285514	0.399360
1.023422	0.102318
-0.492652	-2.651718
-0.249425	-5.089357
0.596436	-1.662763
-0.949402	0.443196
1.154964	1.568906
-0.435672	-1.530263
0.666976	-3.741662
0.230878	-3.506100
-1.259972	-0.236560
1.151109	-0.125920
-0.338047	-3.390695
-0.562358	-4.195213
0.555454	-1.371337
-1.026307	1.115906
1.064130	1.351763
-0.543100	-1.132554
0.876461	-3.059049
0.206362	-3.735119
-1.245405	-0.459263
1.181472	-0.315070
-0.284717	-3.623569
-0.717705	-3.679380
0.586671	-1.169349
-0.991152	1.130632
1.045880	1.569083
-0.563358	-0.797135
0.033148	-3.735558
0.709994	-0.465586
-0.863448	0.586961
-0.524916	-0.411729
-0.261848	-2.286809
0.362375	-4.396751
0.179649	-3.110210
0.743653	-0.218076
-0.832017	0.402366
-0.479122	-0.806079
-0.066539	-3.344354
0.295099	-1.663325
0.293819	-0.785487
0.002872	-1.334516
-0.292851	-0.768688
-0.302833	-1.593808
0.055137	-3.354450
0.454741	-0.880565
0.753072	0.239065
-0.833081	0.839538
-0.587824	0.481027
-0.502335	1.876907
0.509619	1.813405
0.596909	0.487259
0.845372	0.919768
-0.739992	0.139622
-0.412706	-1.290459
0.098192	-3.602091
0.805719	-0.270281
-0.748036	-0.653977
1.128785	-2.044306
0.140298	-4.023841
-1.240751	-0.803886
1.172934	-0.499280
-0.260940	-3.823577
-0.850493	-3.235231
0.698403	-0.893038
-0.858412	0.162954
-0.348822	-2.071705
0.371892	-4.534116
0.257111	-3.171356
-1.279386	0.107416
1.082334	0.052071
-0.424273	-3.013347
-0.385551	-4.745607
0.575073	-1.531033
-0.985782	0.817820
1.102134	1.542109
-0.519169	-0.997500
0.097453	-3.758095
-1.327390	-0.089131
0.927694	-0.202900
-0.591497	-2.175226
-0.093367	-5.354673
0.638325	-1.804031
-0.888882	-0.266198
1.332407	-0.038564
-0.062323	-3.844305
0.618372	-0.742225
-0.965836	1.346309
0.995933	1.706867
-0.600010	-0.484620
-0.131220	-3.203573
-0.589111	-3.720021
0.257101	-2.099673
0.368889	-0.706623
0.201935	-0.778428
-0.196711	-0.799526
-0.365035	-0.736427
-0.244756	-2.185610
0.510909	-3.943374
0.133722	-3.153881
0.569955	-0.532128
-1.033150	1.802093
0.959457	1.049080
-0.614170	-1.035942
0.822897	-3.306195
0.247693	-3.753899
-1.200581	-0.438318
1.231580	-0.535629
-0.204888	-3.817341
-0.925698	-2.900250
0.605333	-0.987224
-0.973812	1.186094
1.024894	1.685000
-0.579036	-0.605716
-0.072810	-3.444020
0.336479	-1.503735
0.415490	-0.473615
0.338938	-0.425619
0.038051	-1.129125
-0.319863	-0.249352
-0.464008	0.606064
0.091232	3.236527
0.432370	0.457014
0.194581	-0.505216
-0.247538	-0.213123
-0.440658	1.357558
0.399862	1.777116
0.207199	-0.176647
-0.251186	0.123547
-0.200022	2.781304
0.405697	0.619667
0.091774	-0.658914
-0.325662	0.634186
0.211490	2.347591
0.066492	-0.066227
-0.232917	1.775729
0.280277	0.862646
-0.150851	-0.190774
-0.355307	1.972992
0.433281	1.122369
0.190932	-0.353497
-0.262061	0.095243
-0.255982	2.660566
0.441150	0.750711
0.209778	-0.408694
-0.235693	-0.262372
-0.442773	1.214617
0.375903	1.917770
0.183884	-0.170917
-0.268626	0.463459
0.137300	2.535461
0.096274	0.051286
-0.222269	1.633106
0.254871	0.920622
-0.168924	0.077074
-0.151731	2.699073
0.326639	0.493747
-0.089195	-0.730751
-0.400395	0.404699
-0.082955	3.186277
0.437021	0.550490
0.204360	-0.464344
-0.238085	-0.278730
-0.445717	1.121676
0.359429	2.037897
0.184040	-0.140416
-0.267611	0.501018
0.152430	2.442607
0.068117	0.025333
-0.208600	1.824304
0.256002	0.795305
-0.178546	0.070705
-0.167799	2.698481
0.345656	0.528052
-0.051420	-0.798820
-0.387223	0.413958
-0.021561	3.173925
0.398559	0.453370
0.079902	-0.733673
-0.331704	0.549691
0.180380	2.580270
0.133694	0.019133
-0.251010	1.274451
0.253049	1.233273
-0.137455	0.017895
-0.184722	2.581856
0.337703	0.558181
-0.068292	-0.756968
-0.394302	0.449366
0.024297	3.163383
0.381436	0.402297
0.036809	-0.825568
-0.352035	0.501913
0.146678	2.807829
0.219252	0.127052
-0.238986	0.286961
0.022020	2.816901
0.215335	0.228568
-0.236954	0.421188
0.112482	2.524716
0.089353	0.085401
-0.209319	1.700988
0.245855	0.860576
-0.179650	0.182026
-0.051477	2.752730
0.238601	0.320592
-0.218470	0.154662
-0.111007	2.838155
0.323628	0.435937
-0.093695	-0.742509
-0.399923	0.337846
-0.216750	2.995466
0.484292	0.744997
0.407096	-0.078503
0.181474	-0.664953
-0.247637	-0.333122
-0.450548	0.797695
0.273569	2.612414
0.266088	0.085466
-0.184330	-0.413314
-0.434439	0.913432
0.310923	2.285863
0.175954	-0.081781
-0.267735	0.680490
0.198417	2.057172
-0.023485	-0.024641
-0.183667	2.262543
0.276475	0.591883
-0.170311	-0.210465
-0.382138	1.822588
0.434407	1.270585
0.211204	-0.287125
-0.242697	-0.092278
-0.393152	1.944279
0.459903	1.272938
0.311110	-0.134722
-0.074675	-1.036142
-0.353855	-0.408808
-0.413131	-0.542437
-0.300486	-1.819902
0.121844	-3.354793
0.688757	-0.368423
-0.891049	1.024871
0.861217	2.751817
-0.597600	0.139648
-0.496362	0.076607
-0.502184	0.741790
0.177547	3.166339
0.454534	0.462119
0.290732	-0.329259
-0.092430	-1.075671
-0.340616	-0.657404
-0.310750	-1.611499
0.072719	-3.386641
0.531998	-0.691698
-1.062199	1.894299
0.944157	0.773512
-0.618675	-1.220785
0.598531	-4.112278
0.354293	-3.436568
-1.123330	-0.196267
1.274304	-0.432976
-0.180799	-3.702171
-0.934342	-2.790611
0.497052	-1.210848
-1.127776	1.416914
0.997685	0.737423
-0.558546	-1.712904
0.265609	-5.027389
0.458643	-2.755874
-1.060092	0.189652
1.265122	0.430972
-0.308937	-2.779287
-0.093797	-5.000818
0.330083	-2.487238
-1.255602	0.802997
0.998678	0.227672
-0.528696	-2.332044
-0.105867	-5.295028
0.571444	-1.913124
-0.967885	0.378003
1.196926	1.291068
-0.402479	-1.855190
0.435760	-4.439923
0.283187	-3.247928
-1.240118	-0.006419
1.165227	0.011791
-0.343602	-3.232923
-0.455927	-4.480344
0.494039	-1.613573
-1.111284	1.086534
1.068919	0.907669
-0.507241	-1.819003
0.268034	-4.977512
0.419306	-2.842111
-1.106252	0.254535
1.240139	0.397972
-0.335246	-2.731693
-0.088930	-5.049345
0.355671	-2.440241
-1.241244	0.656096
1.054705	0.313397
-0.473535	-2.577686
-0.177447	-5.172093
0.536601	-1.882787
-1.017493	0.706490
1.145214	1.267083
-0.480642	-1.415142
0.676935	-3.750026
0.251080	-3.544317
-1.232450	-0.261496
1.195679	-0.210846
-0.289039	-3.502630
-0.633196	-3.932648
0.519804	-1.371967
-1.087065	1.221946
1.047876	1.020195
-0.532005	-1.588202
0.406413	-4.655849
0.387152	-3.109939
-1.121811	0.070161
1.260376	0.088979
-0.278314	-3.141410
-0.351979	-4.611527
0.366076	-2.055770
-1.171256	1.604651
0.925127	0.256611
-0.617197	-1.620944
0.251286	-5.099524
0.506211	-2.626809
-1.007384	0.033631
1.298631	0.295063
-0.234201	-3.159770
-0.367856	-4.498094
0.321460	-2.146786
0.764920	0.017098
-0.814563	0.372739
-0.476531	-0.787985
-0.080745	-3.284314
0.270974	-1.828929
0.275630	-0.878473
-0.017782	-1.391304
-0.282010	-0.966052
-0.224858	-2.186019
0.586860	-3.650497
0.106892	-3.117669
0.438540	-0.825465
0.638661	0.052038
-0.930477	2.017581
0.915219	1.509196
-0.667038	-0.183093
-0.270420	-2.408805
0.239557	-4.683060
0.215789	-3.011736
0.838117	-0.071079
-0.714387	-0.885430
0.833128	-3.306998
0.273983	-3.813176
-1.159944	-0.486798
1.242867	-0.881435
-0.120393	-4.067741
-1.165119	-1.858331
0.792275	-0.579872
-0.750582	-0.851732
0.825867	-3.345142
0.288977	-3.815583
-1.141329	-0.500160
1.238389	-1.048207
-0.082587	-4.158995
-1.195484	-1.678160
0.899878	-0.461971
-0.613006	-2.167849
-0.114644	-5.354541
0.676217	-1.713907
-0.844691	-0.665150
0.971995	-2.779942
0.224522	-4.042456
-1.165646	-0.711183
1.212180	-1.215432
-0.063446	-4.283726
-1.180020	-1.719370
1.028372	-0.485974
-0.425077	-3.404996
-0.626353	-4.084102
0.799411	-0.993486
-0.719552	-1.493319
0.236082	-5.185499
0.584507	-2.429545
-0.918389	-0.497697
1.144819	-1.967762
0.114079	-4.192306
-1.216947	-1.005968
1.187605	-0.749996
-0.198264	-4.058898
-1.012721	-2.603511
0.825864	-0.649302
-0.702473	-1.429577
0.302845	-5.031398
0.540764	-2.637903
-0.960440	-0.309875
1.286891	-0.911665
-0.025628	-4.045600
-1.297702	-0.870573
0.859858	-0.403195
-0.669660	-1.594272
0.208313	-5.213805
0.562306	-2.430208
-0.948437	-0.234089
1.317926	-0.427997
-0.075810	-3.870914
0.628621	-0.743004
-0.952246	1.256811
0.995936	1.831734
-0.597890	-0.365342
-0.214396	-2.714513
0.024939	-4.814123
0.208394	-2.773175
0.613716	-0.352316
-0.976296	1.765704
0.953702	1.426289
-0.631301	-0.565728
-0.041216	-3.621213
0.463926	-1.031294
0.858201	0.398219
-0.709381	-0.607403
0.068053	-3.950880
-1.299751	-0.686480
0.987908	-0.253903
-0.508995	-2.810162
-0.366006	-4.867683
0.697732	-1.361734
-0.835631	-0.481483
1.238607	-1.398768
0.074234	-4.087529
-1.259372	-0.973792
1.091330	-0.362671
-0.365006	-3.547087
-0.674140	-3.894536
0.724669	-1.010183
-0.818353	-0.398686
0.001376	-3.950301
0.824487	-0.390910
-0.717043	-1.086197
0.599014	-4.153743
0.401714	-3.390945
-1.065523	-0.313815
1.270281	-0.910713
-0.074103	-4.045333
-1.278160	-1.076953
0.795404	-0.517285
-0.749544	-0.816503
0.872310	-3.165876
0.262652	-3.877383
-1.160145	-0.546948
1.235207	-0.990590
-0.101500	-4.140804
-1.175678	-1.800806
0.871751	-0.496236
-0.649116	-1.861102
0.040457	-5.399659
0.626904	-2.025449
-0.890851	-0.432508
1.233403	-1.427934
0.058232	-4.127937
-1.253654	-1.057586
1.085490	-0.380230
-0.368942	-3.549030
-0.677240	-3.887656
0.737662	-0.994789
-0.802118	-0.573428
1.153231	-1.925175
0.123989	-4.078421
-1.238481	-0.883814
1.168566	-0.527073
-0.259686	-3.852761
-0.865925	-3.183244
0.722526	-0.852928
-0.829156	-0.147030
-0.169077	-3.279119
-0.556574	-3.912402
0.298581	-2.008399
0.531887	-0.344313
0.865238	0.614883
-0.708807	-0.457138
-0.039964	-3.712835
0.534988	-0.868294
-1.082367	1.610330
0.980636	0.890575
-0.584648	-1.396986
0.484624	-4.462427
0.387869	-3.227586
-1.106864	-0.055055
1.278758	-0.142094
-0.224549	-3.425043
-0.605806	-3.900996
0.393332	-1.698370
0.860918	0.247476
-0.699134	-0.823983
0.946165	-2.856448
0.214467	-3.910551
-1.204388	-0.603422
1.223419	-0.694882
-0.180429	-3.965702
-1.028970	-2.509071
0.713709	-0.755823
-0.845539	0.125017
-0.334037	-2.170260
0.322832	-4.629194
0.256580	-3.113428
-1.285771	0.202799
1.055186	0.066848
-0.454593	-2.874769
-0.336071	-4.886346
0.590705	-1.562286
-0.962489	0.634662
1.121157	1.625168
-0.489670	-1.116676
0.122236	-3.725779
-1.316758	-0.256333
0.981737	-0.164866
-0.524252	-2.651229
-0.291350	-5.040812
0.667864	-1.492940
-0.867310	-0.233350
1.301672	0.780061
-0.091681	-3.705227
0.482759	-1.078857
-1.093650	1.877085
0.935298	0.561398
-0.619180	-1.377732
0.449025	-4.591364
0.424012	-3.115981
-1.071482	-0.067678
1.292870	-0.155520
-0.201045	-3.480277
-0.689873	-3.612798
0.393396	-1.625292
0.822754	0.205874
-0.747868	-0.311644
-0.110134	-3.480444
0.348735	-1.556381
0.522093	-0.280248
0.818236	0.507065
-0.764467	0.118446
-0.382948	-1.616371
0.739179	-3.422071
0.182918	-3.490142
-1.306742	-0.070834
1.023802	-0.071830
-0.479132	-2.858273
-0.356036	-4.866685
0.642132	-1.451577
-0.902051	0.176205
-0.333835	-2.268666
0.247461	-4.788885
0.275652	-3.013641
-1.277525	0.258028
1.065373	0.106609
-0.446849	-2.876611
-0.327106	-4.897127
0.573935	-1.606091
-0.982704	0.738643
1.116894	1.525333
-0.504764	-1.084211
0.125759	-3.746785
-1.310111	-0.352348
1.006192	-0.165601
-0.492970	-2.847533
-0.367535	-4.852078
0.672641	-1.393883
-0.866196	-0.162000
-0.140352	-3.480365
0.355441	-1.613778
0.601436	-0.149527
-0.975141	2.056531
0.928647	1.182389
-0.650784	-0.613878
0.012094	-3.792882
0.706423	-0.500182
-0.866414	0.594115
-0.525426	-0.418201
-0.257559	-2.319513
0.339455	-4.443749
0.180750	-3.088440
0.731254	-0.230396
-0.846561	0.580807
-0.530659	-0.282401
-0.337548	-1.671398
0.132562	-3.444479
0.807410	-0.219389
-0.748312	-0.613600
1.220348	-1.513009
0.110938	-4.021788
-1.258769	-0.841765
1.125595	-0.372813
-0.327011	-3.644005
-0.724310	-3.705800
0.698197	-0.995556
-0.853507	0.023043
-0.266748	-2.691554
0.013512	-4.928664
0.263497	-2.730469
0.864278	0.024689
-0.684198	-1.139177
0.586466	-4.183524
0.392750	-3.380094
-1.079801	-0.256618
1.280863	-0.687795
-0.115687	-3.913339
0.644069	-0.776729
-0.931531	1.059089
0.994309	2.055235
-0.585157	-0.244347
-0.309152	-1.994414
0.536793	-3.994421
0.181112	-3.287046
-1.241187	1.299232
0.886141	-0.089611
-0.650400	-1.560833
0.255878	-5.110185
0.527425	-2.587283
-0.982595	-0.099413
1.316506	-0.009382
-0.159762	-3.545799
0.394180	-1.506016
0.760279	0.131556
-0.823440	0.593527
-0.543468	-0.032906
-0.459063	-0.358883
-0.359881	-1.349252
0.047297	-3.464584
0.517775	-0.760761
-1.058496	1.991196
0.933101	0.685982
-0.627523	-1.211059
0.594805	-4.129501
0.360655	-3.424872
-1.116690	-0.199522
1.276616	-0.455180
-0.173415	-3.723933
-0.986386	-2.577669
0.506440	-1.169607
-1.117700	1.417633
1.002368	0.795276
-0.557192	-1.671563
0.299107	-4.952009
0.445036	-2.839892
-1.070969	0.160950
1.267549	0.345010
-0.298757	-2.874715
-0.156993	-4.937674
0.334429	-2.391183
-1.242992	1.016460
0.968554	0.221950
-0.563210	-2.092108
-0.003445	-5.353238
0.564188	-2.083574
-0.967582	0.227177
1.241482	1.030180
-0.336386	-2.374200
0.165033	-4.929903
0.298138	-2.888750
-1.266792	0.331024
1.074813	0.158779
-0.441267	-2.855291
-0.306082	-4.933173
0.554586	-1.669968
-1.006166	0.817882
1.115440	1.400535
-0.508668	-1.173773
0.948565	-2.741347
0.179638	-3.721525
-1.271760	-0.453657
1.129061	-0.213243
-0.347007	-3.462975
-0.614822	-4.056486
0.618171	-1.209115
-0.945304	0.797297
1.059828	1.888496
-0.536053	-0.665010
-0.084728	-3.343040
0.291951	-1.736837
0.318981	-0.740052
0.053419	-1.216540
-0.295588	-0.490739
-0.413905	-0.377039
-0.387041	-0.986007
-0.084942	-3.140615
0.226381	-2.086554
0.237575	-1.081421
-0.053003	-1.471296
-0.256254	-1.328143
-0.106446	-2.811923
-0.186276	-4.493702
0.145896	-2.554497
0.226438	-1.326878
-0.011291	-1.591087
-0.230495	-1.377094
-0.122331	-2.681034
0.005540	-4.607132
0.120791	-2.689839
0.231078	-1.379865
0.012911	-1.588454
-0.226770	-1.317447
-0.148740	-2.540111
0.203951	-4.471689
0.104997	-2.825410
0.259622	-1.320239
0.058120	-1.451462
-0.238983	-1.048806
-0.237902	-2.007159
0.080748	-3.181407
0.402811	-0.956344
0.492072	-0.229022
0.674194	0.221661
-0.894299	1.879604
0.894621	1.884886
-0.673750	0.226950
-0.493243	-0.208250
-0.410874	-0.865325
-0.118891	-3.022005
-0.402722	-4.164008
0.204385	-2.349224
0.295310	-0.978941
0.051853	-1.318805
-0.275308	-0.729292
-0.335726	-1.251174
-0.028701	-3.257227
0.275706	-1.634545
0.203668	-1.044783
-0.134260	-1.254700
-0.268061	-1.507694
-0.024703	-3.129265
0.230941	-1.834726
0.149066	-1.333120
-0.159586	-1.304945
-0.229498	-1.873918
0.033623	-3.134903
0.281480	-1.431023
0.145803	-1.179799
-0.204930	-0.986697
-0.295531	-1.467679
0.000210	-3.251830
0.295949	-1.465849
0.205401	-0.984539
-0.145555	-1.179000
-0.281898	-1.425867
-0.034795	-3.132652
0.228417	-1.883015
0.159922	-1.307360
-0.148012	-1.337588
-0.230391	-1.835088
0.023988	-3.126751
0.266107	-1.518445
0.132380	-1.266064
-0.203719	-1.051052
-0.273112	-1.655116
0.031678	-3.254833
0.339553	-1.232768
0.284252	-0.703730
-0.037118	-1.316839
-0.298545	-0.885140
-0.243723	-2.081277
0.107699	-3.185257
0.492078	-0.713368
0.847662	0.457711
-0.725610	-0.383201
-0.077245	-3.596572
0.417634	-1.229808
0.733392	0.139516
-0.851732	1.023189
-0.608623	0.544406
-0.506501	1.924901
0.518295	1.822329
0.622906	0.555197
0.860897	1.161025
-0.723661	0.137817
-0.422621	-1.160701
0.051103	-3.576466
0.622669	-0.566469
-0.964626	1.496348
0.976546	1.658314
-0.614461	-0.456431
-0.135090	-3.200843
-0.568537	-3.789961
0.257956	-2.111348
0.380518	-0.681632
0.243148	-0.671628
-0.135828	-1.073146
-0.320285	-1.039100
-0.145453	-2.743731
-0.031084	-4.669502
0.151819	-2.695512
0.312524	-1.047125
0.114920	-1.145870
-0.254567	-0.651347
-0.380281	-0.714163
-0.239700	-2.246162
0.451206	-4.110277
0.140532	-3.121745
0.572776	-0.517397
-1.029530	1.804085
0.959229	1.070289
-0.615237	-1.009819
0.857449	-3.174581
0.233573	-3.782901
-1.210078	-0.475787
1.223663	-0.520910
-0.214648	-3.810513
-0.903846	-2.991236
0.612001	-0.988067
-0.964494	1.128761
1.026074	1.758074
-0.577189	-0.536980
-0.120694	-3.228666
-0.694541	-3.356260
0.260106	-2.039240
0.345637	-0.748110
0.130622	-0.991792
-0.265144	-0.439376
-0.437566	0.149573
-0.471055	1.693274
0.468521	1.717334
0.433466	0.145908
0.246534	-0.476344
-0.163549	-0.846224
-0.368742	-0.582837
-0.321983	-1.558907
0.071612	-3.411630
0.548576	-0.663237
-1.059263	1.773382
0.960872	0.909636
-0.606366	-1.214863
0.626132	-4.011892
0.335235	-3.489338
-1.140295	-0.217486
1.267079	-0.436567
-0.188958	-3.702488
-0.903582	-2.922025
0.503791	-1.208223
-1.120604	1.389180
1.006452	0.791109
-0.553047	-1.701120
0.283324	-4.984413
0.448223	-2.806210
-1.069787	0.184212
1.264069	0.388395
-0.307295	-2.814585
-0.119338	-4.982868
0.334242	-2.443155
-1.251987	0.855983
0.992551	0.234433
-0.535934	-2.279037
-0.082641	-5.315499
0.569669	-1.949858
-0.968180	0.346654
1.206148	1.241874
-0.389881	-1.957548
0.378831	-4.578049
0.290397	-3.172127
-1.241945	0.054682
1.155586	0.057390
-0.356696	-3.171634
-0.421890	-4.580188
0.495047	-1.651116
-1.105921	1.060460
1.075769	0.933490
-0.504194	-1.799733
0.288002	-4.931128
0.410356	-2.890066
-1.113901	0.231519
1.240924	0.347927
-0.328833	-2.797555
-0.128533	-5.014550
0.358573	-2.378380
-1.241115	0.727804
1.039639	0.315272
-0.489196	-2.496896
-0.149787	-5.219322
0.544015	-1.907079
-1.005125	0.627496
1.158016	1.286482
-0.467632	-1.455358
0.664970	-3.780084
0.248595	-3.526138
-1.238055	-0.247769
1.187359	-0.183328
-0.299578	-3.473682
-0.611352	-4.009142
0.522983	-1.386192
-1.080415	1.205684
1.051856	1.056335
-0.531686	-1.547417
0.441830	-4.554058
0.372894	-3.184164
-1.132125	0.027720
1.259620	0.011632
-0.268873	-3.228710
-0.421916	-4.445843
0.378419	-1.935538
-1.133716	1.830823
0.916005	0.272890
-0.629264	-1.499819
0.331344	-4.923146
0.481044	-2.815856
-1.025010	-0.025397
1.303365	0.058736
-0.206355	-3.360129
-0.569735	-3.961630
0.352220	-1.844616
0.735586	0.030268
-0.848410	0.853682
-0.586293	0.351956
-0.524529	1.296534
0.412936	2.300339
0.451964	0.286802
0.306742	-0.336239
-0.054934	-1.150321
-0.333299	-0.579455
-0.354476	-1.179925
-0.034113	-3.273840
0.279371	-1.634756
0.216605	-1.001566
-0.118350	-1.291774
-0.269355	-1.447189
-0.044488	-3.075428
0.208296	-2.022695
0.161015	-1.366808
-0.129136	-1.439904
-0.216817	-1.873366
0.015778	-3.074770
0.237274	-1.668092
0.109318	-1.426250
-0.193049	-1.220577
-0.223247	-2.005555
0.059876	-3.132071
0.323350	-1.219089
0.208705	-0.900526
-0.158508	-1.078172
-0.302964	-1.275863
-0.063820	-3.080249
0.207842	-2.101051
0.189542	-1.275286
-0.101263	-1.475151
-0.229432	-1.697887
-0.017589	-3.049240
0.207896	-1.923705
0.126200	-1.478591
-0.154256	-1.417940
-0.199073	-2.062865
0.042237	-3.043783
0.253021	-1.518145
0.099716	-1.395548
-0.213302	-1.101058
-0.245142	-1.896536
0.061926	-3.202646
0.368924	-1.079911
0.359477	-0.504731
0.111891	-0.966375
-0.289377	-0.214416
-0.459595	1.037541
0.345673	2.222020
0.225247	-0.051483
-0.235024	0.017612
-0.299870	2.457845
0.450757	0.868590
0.247273	-0.319472
-0.183961	-0.639665
-0.411661	-0.002641
-0.486009	1.111390
0.367001	2.272594
0.304894	0.055124
-0.109285	-0.857197
-0.382951	-0.143177
-0.476826	0.606664
0.044637	3.317491
0.464641	0.539942
0.329481	-0.247302
-0.016111	-1.128154
-0.337632	-0.320927
-0.448547	0.072732
-0.493353	1.176914
0.383117	2.232991
0.332434	0.085369
-0.052191	-0.980964
-0.365386	-0.107394
-0.477042	0.956065
0.325859	2.456431
0.291398	0.076905
-0.138472	-0.718348
-0.403786	0.085917
-0.464369	1.661491
0.460454	1.698748
0.397784	0.082502
0.118477	-0.765749
-0.305041	0.180343
-0.224153	2.820995
0.443561	0.694875
0.221530	-0.400502
-0.218925	-0.413814
-0.442257	0.655037
0.194155	2.932606
0.332545	0.238897
-0.065289	-0.898350
-0.378393	0.047793
-0.457341	1.669272
0.458307	1.660354
0.379624	0.046069
0.068585	-0.891288
-0.331057	0.242704
-0.185030	2.947539
0.437578	0.636796
0.200675	-0.451146
-0.244394	-0.203993
-0.436930	1.419560
0.408286	1.712663
0.214628	-0.182271
-0.243365	0.008388
-0.320728	2.385415
0.460504	0.937670
0.289561	-0.235774
-0.108819	-0.985435
-0.356097	-0.534623
-0.356895	-1.198928
-0.022335	-3.313399
0.304059	-1.495120
0.249511	-0.860927
-0.080834	-1.330735
-0.281617	-1.215015
-0.117918	-2.811804
-0.156740	-4.550444
0.151212	-2.582802
0.252178	-1.226252
0.016508	-1.509562
-0.246686	-1.145275
-0.190292	-2.344407
0.434088	-4.042740
0.100714	-2.993390
0.337806	-1.086955
0.213731	-0.849227
-0.159731	-1.046984
-0.311990	-1.194725
-0.085850	-3.011870
-0.556845	-3.665035
0.191225	-2.276332
0.218300	-1.230102
-0.054808	-1.538254
-0.237644	-1.480169
-0.076776	-2.890970
-0.408674	-4.031324
0.157212	-2.393534
0.185570	-1.439546
-0.061835	-1.632819
-0.208668	-1.708253
-0.043180	-2.926089
0.165399	-2.225153
0.141531	-1.571147
-0.101846	-1.634070
-0.183452	-1.998606
0.005526	-2.953847
0.189117	-1.929795
0.090993	-1.642556
-0.152639	-1.544493
-0.161720	-2.277628
0.052197	-2.914750
0.214198	-1.653649
0.056472	-1.620714
-0.193686	-1.402629
-0.159954	-2.399544
0.392934	-4.080538
0.080737	-2.897462
0.246884	-1.432587
0.061128	-1.494632
-0.225354	-1.150583
-0.212917	-2.151919
0.082727	-3.093728
0.351884	-1.084796
0.274299	-0.693444
-0.062195	-1.290414
-0.299455	-0.978061
-0.198950	-2.391688
0.358329	-4.266526
0.121829	-2.995155
0.402464	-0.881465
0.450031	-0.290823
0.463338	-0.164659
0.492956	-0.090893
0.631373	0.170258
-0.919615	2.216726
0.903272	1.371381
-0.679179	-0.183554
-0.258779	-2.510239
0.169679	-4.774169
0.220386	-2.934149
0.802343	-0.096873
-0.761214	-0.374426
-0.054259	-3.723527
0.525816	-0.910777
-1.092335	1.610630
0.977746	0.828798
-0.584472	-1.449978
0.437802	-4.603663
0.407958	-3.125562
-1.091996	-0.008696
1.281810	-0.036753
-0.235886	-3.323536
-0.510284	-4.174386
0.369277	-1.859462
0.834804	0.174848
-0.730495	-0.532382
0.033927	-3.923684
-1.330897	-0.248742
0.878692	-0.311558
-0.649478	-1.728531
0.132227	-5.318896
0.581933	-2.261926
-0.934402	-0.212717
1.325418	-0.209307
-0.090412	-3.796466
0.554057	-0.909798
-1.056758	1.505259
1.001213	1.098441
-0.576109	-1.266730
0.627395	-3.990306
0.319637	-3.497490
-1.158849	-0.207138
1.257985	-0.365436
-0.211684	-3.634532
-0.798844	-3.310750
0.483146	-1.315625
-1.142179	1.369490
0.998957	0.677623
-0.553759	-1.796592
0.211067	-5.130773
0.474754	-2.632140
-1.048554	0.246813
1.256000	0.572781
-0.331069	-2.597235
0.011996	-5.050861
0.328012	-2.638775
-1.256344	0.531811
1.056324	0.238327
-0.466409	-2.676906
-0.228065	-5.096481
0.550357	-1.781953
-1.004644	0.722717
1.135635	1.358399
-0.490349	-1.288495
0.811881	-3.267764
0.209905	-3.650453
-1.256978	-0.377708
1.161040	-0.219151
-0.316601	-3.508871
-0.637468	-3.956400
0.577619	-1.255438
-0.999511	1.101919
1.055803	1.513474
-0.555326	-0.890099
0.081489	-3.792096
-1.330554	-0.014298
0.904445	-0.233032
-0.619899	-1.949823
0.015464	-5.391398
0.611701	-2.015469
-0.911158	-0.220069
1.329705	-0.025219
-0.088195	-3.775095
0.538162	-0.939176
-1.079447	1.525218
0.995336	0.958092
-0.573772	-1.413533
0.488426	-4.443600
0.380075	-3.242287
-1.115505	-0.050097
1.274565	-0.129681
-0.231888	-3.403912
-0.581968	-3.979478
0.393378	-1.720158
0.872424	0.260090
-0.684569	-0.967879
0.774998	-3.515361
0.294495	-3.726008
-1.151867	-0.412521
1.251828	-0.786809
-0.133300	-3.993719
-1.164252	-1.845194
0.719530	-0.682558
-0.841647	0.138831
-0.343961	-2.083162
0.372406	-4.525046
0.252735	-3.171294
-1.283667	0.125908
1.070440	0.048440
-0.436486	-2.968395
-0.371421	-4.790596
0.585042	-1.530127
-0.971965	0.730723
1.109004	1.605845
-0.508367	-1.007020
0.088531	-3.738292
-1.325735	0.341173
0.883852	-0.230674
-0.646685	-1.698010
0.157679	-5.282951
0.568214	-2.331678
-0.947677	-0.157095
1.323931	-0.027090
-0.124868	-3.665373
0.449942	-1.234176
0.884722	0.397832
-0.674824	-0.970142
0.790224	-3.455145
0.283346	-3.744185
-1.161990	-0.423598
1.249084	-0.747833
-0.144966	-3.970783
-1.131093	-2.016424
0.698525	-0.729132
-0.866232	0.393201
-0.457156	-1.117785
0.077631	-3.658957
0.781769	-0.322006
-0.777642	-0.348559
-0.061045	-3.718095
0.514483	-0.946636
-1.100694	1.646717
0.968718	0.750090
-0.589886	-1.474947
0.408437	-4.691808
0.423906	-3.051743
-1.078692	0.011588
1.285085	0.022701
-0.238585	-3.276866
-0.467298	-4.285685
0.357550	-1.937155
0.821980	0.139505
-0.746044	-0.379097
-0.062872	-3.675382
0.480705	-1.030186
-1.029690	2.252739
0.914733	0.523739
-0.642458	-1.195015
0.587822	-4.160227
0.371470	-3.404952
-1.105127	-0.207175
1.280010	-0.497071
-0.160566	-3.761919
0.526468	-1.093537
