0.140078	1.831304
-0.067483	0.308790
-0.012077	2.282832
0.086668	0.341891
-0.154342	1.716908
0.181460	0.778577
-0.187037	0.870230
0.166238	1.592213
-0.104803	0.389017
0.038539	2.249726
0.043676	0.283354
-0.119821	1.954886
0.158829	0.612513
-0.188820	1.127304
0.184357	1.283348
-0.142451	0.533186
0.096336	2.070088
-0.016833	0.269509
-0.065091	2.184497
0.122091	0.447098
-0.175479	1.460059
0.189756	0.972502
-0.173067	0.702807
0.140945	1.824777
-0.068683	0.310496
-0.010630	2.283665
0.085644	0.339378
-0.153618	1.723566
0.181013	0.774041
-0.187322	0.875487
0.166884	1.584510
-0.105850	0.392065
0.040100	2.246725
0.042144	0.282257
-0.118527	1.962011
0.157890	0.607809
-0.188637	1.136605
0.184714	1.273600
-0.143529	0.538062
0.097991	2.063043
-0.018597	0.270053
-0.063420	2.189528
0.120996	0.443055
-0.174869	1.469159
0.189604	0.965868
-0.173684	0.707518
0.141984	1.817789
-0.069870	0.312221
-0.009186	2.284393
0.084580	0.337292
-0.152888	1.730196
0.180633	0.768792
-0.187511	0.881544
0.167527	1.576725
-0.106900	0.395174
0.041894	2.243460
0.040622	0.280993
-0.117220	1.969134
0.156938	0.603076
-0.188440	1.145977
0.185189	1.263172
-0.144601	0.542949
0.099639	2.055935
-0.020350	0.270649
-0.061755	2.194428
0.119904	0.439077
-0.174403	1.477558
0.189539	0.958617
-0.174289	0.712202
0.142829	1.811275
-0.071045	0.313967
-0.007745	2.285016
0.083512	0.335239
-0.152150	1.736803
0.180166	0.764268
-0.187691	0.887676
0.168010	1.569428
-0.107914	0.398828
0.043472	2.240194
0.039054	0.279949
-0.115900	1.976254
0.156036	0.597660
-0.188231	1.155415
0.185527	1.253398
-0.145666	0.547842
0.101074	2.049098
-0.022092	0.271294
-0.059875	2.199389
0.118814	0.435162
-0.173787	1.486467
0.189463	0.951469
-0.174881	0.716861
0.143845	1.804290
-0.072209	0.315733
-0.006306	2.285535
0.082437	0.333216
-0.151232	1.743894
0.179689	0.759744
-0.187951	0.893157
0.168649	1.561471
-0.108970	0.402069
0.045058	2.236796
0.037469	0.278930
-0.114568	1.983367
0.155061	0.592874
-0.188009	1.164914
0.185855	1.243622
-0.146726	0.552740
0.102705	2.041885
-0.023820	0.271987
-0.058221	2.204018
0.117728	0.431313
-0.173318	1.494681
0.189378	0.944424
-0.175389	0.722207
0.144670	1.797782
-0.073361	0.317521
-0.004868	2.285950
0.081390	0.330853
-0.150479	1.750459
0.179277	0.754500
-0.188113	0.899447
0.169286	1.553425
-0.110029	0.405374
0.046652	2.233266
0.035866	0.277940
-0.113025	1.990840
0.154076	0.588064
-0.187774	1.174467
0.186173	1.233849
-0.147777	0.557639
0.104124	2.034960
-0.025536	0.272725
-0.056573	2.208513
0.116645	0.427530
-0.172697	1.503399
0.189188	0.938202
-0.175956	0.726822
0.145485	1.791275
-0.074503	0.319330
-0.003661	2.286251
0.080302	0.328893
-0.149719	1.757008
0.178778	0.749970
-0.188357	0.905092
0.169920	1.545288
-0.111091	0.408745
0.048253	2.229602
0.034246	0.276980
-0.111669	1.997927
0.153080	0.583232
-0.187527	1.184071
0.186480	1.224086
-0.148822	0.562535
0.105737	2.027657
-0.027265	0.273378
-0.054932	2.212873
0.115565	0.423813
-0.172074	1.512021
0.189082	0.931354
-0.176512	0.731418
0.146469	1.784281
-0.075635	0.321162
-0.002227	2.286465
0.079206	0.326960
-0.148950	1.763545
0.178269	0.745433
-0.188501	0.911552
0.170398	1.537643
-0.112115	0.412680
0.049863	2.225805
0.032609	0.276052
-0.110302	2.004998
0.152132	0.577740
-0.187268	1.193718
0.186775	1.214341
-0.149857	0.567426
0.107137	2.020662
-0.028952	0.274192
-0.053298	2.217098
0.114531	0.419656
-0.171599	1.519955
0.188967	0.924603
-0.177057	0.735997
0.147265	1.777768
-0.076757	0.323017
-0.000792	2.286576
0.078103	0.325053
-0.148174	1.770071
0.177749	0.740885
-0.188636	0.918100
0.171028	1.529321
-0.113184	0.416187
0.051481	2.221872
0.030956	0.275158
-0.108723	2.012406
0.151115	0.572876
-0.186997	1.203402
0.187060	1.204618
-0.150827	0.572944
0.108729	2.013285
-0.030624	0.275045
-0.051672	2.221188
0.113457	0.416075
-0.170971	1.528387
0.188751	0.918671
-0.177590	0.740560
0.148052	1.771251
-0.077870	0.324896
0.000641	2.286585
0.076992	0.323172
-0.147211	1.777080
0.177218	0.736325
-0.188854	0.924013
0.171655	1.520905
-0.114256	0.419761
0.053106	2.217805
0.029287	0.274300
-0.107334	2.019431
0.150090	0.567999
-0.186714	1.213117
0.187333	1.194925
-0.151845	0.577816
0.110109	2.006235
-0.032280	0.275935
-0.050053	2.225144
0.112387	0.412562
-0.170341	1.536723
0.188617	0.912105
-0.178112	0.745111
0.149006	1.764229
-0.078942	0.327162
0.002075	2.286491
0.075871	0.321315
-0.146416	1.783590
0.176675	0.731750
-0.188971	0.930746
0.172129	1.512986
-0.115332	0.423401
0.054738	2.213603
0.027603	0.273482
-0.105733	2.026775
0.149055	0.563112
-0.186419	1.222856
0.187593	1.185269
-0.152852	0.582672
0.111677	1.998801
-0.033920	0.276859
-0.048441	2.228965
0.111321	0.409115
-0.169862	1.544383
0.188474	0.905628
-0.178622	0.749651
0.149775	1.757691
-0.080038	0.329096
0.003510	2.286294
0.074741	0.319482
-0.145612	1.790097
0.176194	0.726448
-0.189077	0.937574
0.172752	1.504380
-0.116411	0.427107
0.056598	2.209084
0.025904	0.272704
-0.104325	2.033739
0.148013	0.558219
-0.186113	1.232614
0.187842	1.175654
-0.153850	0.587509
0.113035	1.991711
-0.035543	0.277816
-0.046614	2.232802
0.110257	0.405733
-0.169228	1.552535
0.188231	0.899965
-0.179047	0.754901
0.150537	1.751141
-0.081127	0.331058
0.004945	2.285995
0.073601	0.317671
-0.144619	1.797084
0.175628	0.721839
-0.189174	0.944500
0.173223	1.496275
-0.117493	0.430880
0.058244	2.204607
0.024191	0.271969
-0.102703	2.041003
0.146962	0.553322
-0.185797	1.242383
0.188078	1.166089
-0.154837	0.592326
0.114380	1.984607
-0.037121	0.278978
-0.045018	2.236350
0.109198	0.402418
-0.168591	1.560595
0.188070	0.893660
-0.179536	0.759428
0.151290	1.744576
-0.082209	0.333048
0.006382	2.285592
0.072483	0.315551
-0.143795	1.803588
0.175050	0.717209
-0.189355	0.950802
0.173841	1.487478
-0.118579	0.434719
0.059896	2.199996
0.022464	0.271279
-0.101277	2.047889
0.145959	0.547805
-0.185470	1.252157
0.188302	1.156577
-0.155753	0.597772
0.115912	1.977116
-0.038710	0.280001
-0.043431	2.239765
0.108181	0.398685
-0.168108	1.567991
0.187900	0.887435
-0.180015	0.763953
0.152036	1.737994
-0.083285	0.335067
0.007821	2.285086
0.071321	0.313789
-0.142962	1.810094
0.174459	0.712556
-0.189432	0.957929
0.174457	1.478585
-0.119623	0.439151
0.061554	2.195251
0.020725	0.270636
-0.099638	2.055057
0.144893	0.542916
-0.185133	1.261929
0.188512	1.147125
-0.156718	0.602541
0.117233	1.969991
-0.040281	0.281050
-0.041851	2.243049
0.107127	0.395503
-0.167467	1.575876
0.187632	0.882017
-0.180484	0.768477
0.152947	1.730880
-0.084321	0.337502
0.009261	2.284476
0.070148	0.312047
-0.141936	1.817077
0.173857	0.707878
-0.189499	0.965159
0.174922	1.470200
-0.120714	0.443123
0.063218	2.190374
0.018947	0.270130
-0.098197	2.061849
0.143822	0.538033
-0.184659	1.272357
0.188710	1.137738
-0.157671	0.607282
0.118541	1.962862
-0.041834	0.282123
-0.040279	2.246201
0.106076	0.392384
-0.166824	1.583675
0.187444	0.875946
-0.180865	0.773727
0.153678	1.724251
-0.085385	0.339588
0.010476	2.283795
0.068963	0.310326
-0.141081	1.823593
0.173242	0.703173
-0.189652	0.971772
0.175531	1.461116
-0.121808	0.447160
0.064888	2.185365
0.017186	0.269578
-0.096542	2.068904
0.142744	0.533161
-0.184302	1.282106
0.188895	1.128421
-0.158551	0.612654
0.119837	1.955731
-0.043370	0.283219
-0.038716	2.249224
0.105028	0.389327
-0.166178	1.591390
0.187160	0.870674
-0.181314	0.778261
0.154403	1.717595
-0.086444	0.341708
0.011923	2.282980
0.067765	0.308625
-0.140033	1.830581
0.172614	0.698440
-0.189698	0.979213
0.175992	1.452548
-0.122905	0.451259
0.066562	2.180225
0.015414	0.269080
-0.094881	2.075893
0.141661	0.528302
-0.183936	1.291835
0.189067	1.119178
-0.159480	0.617336
0.121120	1.948599
-0.044859	0.284546
-0.037160	2.252119
0.104021	0.385866
-0.165529	1.599024
0.186955	0.864744
-0.181752	0.782805
0.155120	1.710911
-0.087499	0.343863
0.013373	2.282059
0.066524	0.307248
-0.139156	1.837113
0.171973	0.693678
-0.189733	0.986761
0.176594	1.443276
-0.124004	0.455420
0.068241	2.174957
0.013632	0.268635
-0.093212	2.082812
0.140574	0.523460
-0.183562	1.301539
0.189226	1.110014
-0.160335	0.622651
0.122390	1.941469
-0.046359	0.285688
-0.035613	2.254887
0.102977	0.382933
-0.165039	1.606018
0.186740	0.858879
-0.182103	0.788085
0.155832	1.704193
-0.088516	0.346457
0.014826	2.281031
0.065300	0.305581
-0.138083	1.844114
0.171320	0.688884
-0.189756	0.994416
0.177050	1.434528
-0.125105	0.459642
0.070140	2.169336
0.011816	0.268301
-0.091748	2.089359
0.139482	0.518639
-0.183180	1.311212
0.189372	1.100933
-0.161239	0.627267
0.123647	1.934343
-0.047841	0.286849
-0.034073	2.257529
0.101935	0.380060
-0.164385	1.613500
0.186432	0.853803
-0.182523	0.792657
0.156539	1.697440
-0.089563	0.348690
0.016284	2.279895
0.064061	0.303932
-0.136998	1.851121
0.170584	0.684754
-0.189869	1.001462
0.177645	1.425073
-0.126208	0.463922
0.071826	2.163810
0.010019	0.267961
-0.090069	2.096130
0.138386	0.513841
-0.182658	1.321499
0.189505	1.091938
-0.162067	0.632519
0.124890	1.927221
-0.049276	0.288256
-0.032541	2.260047
0.100895	0.377243
-0.163729	1.620908
0.186200	0.848058
-0.182854	0.797974
0.157239	1.690649
-0.090608	0.350963
0.017746	2.278651
0.062808	0.302303
-0.136086	1.857685
0.169904	0.679893
-0.189871	1.009336
0.178094	1.416151
-0.127313	0.468260
0.073514	2.158161
0.008216	0.267679
-0.088386	2.102818
0.137287	0.509070
-0.182260	1.331091
0.189625	1.083033
-0.162946	0.637064
0.126120	1.920105
-0.050722	0.289455
-0.031017	2.262443
0.099893	0.374034
-0.163069	1.628246
0.185875	0.843097
-0.183256	0.802588
0.157935	1.683815
-0.091650	0.353277
0.019214	2.277296
0.061541	0.300693
-0.134975	1.864711
0.169211	0.674997
-0.189861	1.017318
0.178680	1.406521
-0.128419	0.472654
0.075205	2.152392
0.006380	0.267485
-0.086700	2.109419
0.136185	0.504329
-0.181855	1.340636
0.189732	1.074221
-0.163747	0.642249
0.127336	1.912996
-0.052122	0.290909
-0.029499	2.264716
0.098856	0.371331
-0.162406	1.635516
0.185626	0.837459
-0.183568	0.807954
0.158625	1.676937
-0.092655	0.356053
0.020686	2.275831
0.060257	0.299104
-0.134039	1.871305
0.168504	0.670066
-0.189839	1.025408
0.179122	1.397434
-0.129526	0.477100
0.076898	2.146505
0.004568	0.267314
-0.085010	2.115928
0.135081	0.499621
-0.181309	1.350772
0.189719	1.066213
-0.164600	0.646719
0.128539	1.905895
-0.053534	0.292141
-0.027989	2.266870
0.097818	0.368682
-0.161740	1.642721
0.185284	0.832598
-0.183951	0.812622
0.159311	1.670010
-0.093694	0.358458
0.022164	2.274253
0.058928	0.297806
-0.132902	1.878353
0.167783	0.665100
-0.189805	1.033607
0.179559	1.388270
-0.130633	0.481598
0.078592	2.140503
0.002752	0.267204
-0.083318	2.122342
0.133976	0.494951
-0.180892	1.360206
0.189801	1.057597
-0.165374	0.651833
0.129728	1.898802
-0.054899	0.293639
-0.026486	2.268905
0.096818	0.365648
-0.161234	1.649319
0.185017	0.827054
-0.184326	0.817323
0.159992	1.663033
-0.094731	0.360909
0.023648	2.272562
0.057613	0.296251
-0.131752	1.885411
0.166982	0.660784
-0.189863	1.041199
0.180130	1.378399
-0.131741	0.486144
0.080286	2.134391
0.000908	0.267158
-0.081624	2.128656
0.132869	0.490319
-0.180468	1.369579
0.189871	1.049083
-0.166201	0.656227
0.130904	1.891718
-0.056247	0.295161
-0.024989	2.270823
0.095781	0.363105
-0.160561	1.656404
0.184659	0.822279
-0.184611	0.822787
0.160669	1.656001
-0.095732	0.363840
0.025138	2.270757
0.056282	0.294718
-0.130589	1.892479
0.166235	0.655744
-0.189805	1.049610
0.180558	1.369089
-0.132848	0.490735
0.081979	2.128171
-0.000909	0.267161
-0.079929	2.134866
0.131761	0.485731
-0.179902	1.379520
0.189928	1.040673
-0.166948	0.661268
0.131877	1.885079
-0.057608	0.296437
-0.023499	2.272625
0.094744	0.360610
-0.159884	1.663433
0.184374	0.816817
-0.184969	0.827561
0.161342	1.648913
-0.096769	0.366391
0.026635	2.268835
0.054904	0.293461
-0.129412	1.899556
0.165473	0.650669
-0.189735	1.058125
0.180980	1.359714
-0.133955	0.495369
0.083672	2.121848
-0.002727	0.267226
-0.078234	2.140968
0.130653	0.481188
-0.179468	1.388755
0.189973	1.032367
-0.167682	0.666273
0.133027	1.878018
-0.058923	0.297996
-0.022015	2.274312
0.093706	0.358162
-0.159202	1.670409
0.183999	0.812117
-0.185235	0.833106
0.162011	1.641766
-0.097805	0.368991
0.028138	2.266796
0.053538	0.291967
-0.128412	1.906220
0.164633	0.646238
-0.189652	1.066740
0.181532	1.349635
-0.135060	0.500043
0.085363	2.115424
-0.004569	0.267329
-0.076539	2.146959
0.129545	0.476693
-0.179030	1.397917
0.190005	1.024168
-0.168402	0.671243
0.134163	1.870968
-0.060221	0.299576
-0.020537	2.275885
0.092703	0.355341
-0.158516	1.677333
0.183695	0.806723
-0.185577	0.837968
0.162676	1.634556
-0.098842	0.371644
0.029648	2.264638
0.052126	0.290739
-0.127209	1.913319
0.163844	0.641091
-0.189556	1.075454
0.181943	1.340140
-0.136164	0.504754
0.086841	2.109186
-0.006381	0.267507
-0.074846	2.152836
0.128438	0.472250
-0.178448	1.407627
0.189924	1.016792
-0.169175	0.675484
0.135285	1.863926
-0.061534	0.300891
-0.019064	2.277347
0.091662	0.352987
-0.157825	1.684209
0.183302	0.802083
-0.185825	0.843606
0.163338	1.627281
-0.099843	0.374799
0.031166	2.262360
0.050726	0.289289
-0.125992	1.920426
0.162978	0.636585
-0.189448	1.084265
0.182347	1.330592
-0.137265	0.509497
0.088527	2.102581
-0.008190	0.267745
-0.073154	2.158595
0.127331	0.467860
-0.178001	1.416629
0.189933	1.008810
-0.169868	0.680381
0.136209	1.857344
-0.062802	0.302505
-0.017597	2.278697
0.090620	0.350676
-0.157129	1.691041
0.182980	0.796745
-0.186065	0.849297
0.163834	1.620494
-0.100881	0.377562
0.032690	2.259961
0.049280	0.288094
-0.124762	1.927539
0.162162	0.631369
-0.189327	1.093168
0.182876	1.320348
-0.138364	0.514271
0.090210	2.095889
-0.010020	0.267994
-0.071465	2.164234
0.126226	0.463525
-0.177409	1.426169
0.189931	1.000937
-0.170548	0.685243
0.137305	1.850324
-0.064054	0.304138
-0.016135	2.279938
0.089610	0.348000
-0.156428	1.697830
0.182569	0.792154
-0.186381	0.854314
0.164490	1.613083
-0.101921	0.380382
0.034222	2.257438
0.047844	0.286693
-0.123518	1.934659
0.161270	0.626790
-0.189302	1.101460
0.183265	1.310709
-0.139459	0.519072
0.091888	2.089114
-0.011816	0.268341
-0.069778	2.169750
0.125123	0.459247
-0.176956	1.435001
0.189917	0.993173
-0.171214	0.690072
0.138205	1.843768
-0.065292	0.305791
-0.014677	2.281070
0.088562	0.345774
-0.155721	1.704581
0.182227	0.786859
-0.186603	0.860118
0.165143	1.605599
-0.102963	0.383259
0.035762	2.254792
0.046362	0.285536
-0.122261	1.941783
0.160428	0.621509
-0.189156	1.110541
0.183647	1.301034
-0.140551	0.523896
0.093561	2.082260
-0.013606	0.268745
-0.068095	2.175141
0.124022	0.455029
-0.176356	1.444361
0.189794	0.986237
-0.171867	0.694868
0.139277	1.836765
-0.066516	0.307462
-0.013223	2.282094
0.087510	0.343586
-0.155009	1.711296
0.181797	0.782303
-0.186903	0.865256
0.165794	1.598039
-0.103968	0.386660
0.037309	2.252020
0.044891	0.284190
-0.120990	1.948910
0.159511	0.616862
-0.188996	1.119705
0.184020	1.291328
-0.141638	0.528740
0.095228	2.075332
-0.015414	0.269131
-0.066416	2.180405
0.122968	0.450332
-0.175897	1.453016
0.189758	0.978690
-0.172506	0.699633
0.140337	1.829768
-0.067727	0.309153
-0.011773	2.283012
0.086455	0.341434
-0.154118	1.718496
0.181358	0.777759
-0.187108	0.871187
0.166441	1.590399
-0.105013	0.389659
0.038865	2.249121
0.043373	0.283077
-0.119707	1.956038
0.158642	0.611521
-0.188823	1.128947
0.184514	1.280937
-0.142667	0.534212
0.096681	2.068647
-0.017186	0.269636
-0.064742	2.185540
0.121870	0.446240
-0.175289	1.462190
0.189712	0.971249
-0.173133	0.704369
0.141202	1.823241
-0.068924	0.310863
-0.010327	2.283823
0.085430	0.338929
-0.153393	1.725146
0.180987	0.772505
-0.187304	0.877187
0.166927	1.583248
-0.106061	0.392719
0.040428	2.246093
0.041837	0.281985
-0.118410	1.963167
0.157700	0.606811
-0.188638	1.138264
0.184869	1.271184
-0.143744	0.539090
0.098335	2.061589
-0.018948	0.270194
-0.063072	2.190544
0.120776	0.442211
-0.174826	1.470663
0.189654	0.963915
-0.173748	0.709075
0.142056	1.816723
-0.070109	0.312593
-0.008883	2.284529
0.084365	0.336850
-0.152661	1.731770
0.180527	0.767977
-0.187579	0.882531
0.167570	1.575447
-0.107112	0.395841
0.041999	2.242936
0.040284	0.280917
-0.116904	1.970676
0.156747	0.602072
-0.188439	1.147650
0.185215	1.261417
-0.144815	0.543979
0.099981	2.054469
-0.020698	0.270802
-0.061408	2.195417
0.119684	0.438245
-0.174212	1.479648
0.189491	0.957407
-0.174349	0.713756
0.143081	1.809739
-0.071281	0.314343
-0.007443	2.285131
0.083296	0.334803
-0.151922	1.738371
0.180058	0.763453
-0.187757	0.888678
0.168211	1.567559
-0.108126	0.399510
0.043803	2.239508
0.038740	0.279693
-0.115582	1.977793
0.155842	0.596651
-0.188228	1.157101
0.185551	1.251643
-0.145879	0.548874
0.101415	2.047622
-0.022437	0.271459
-0.059529	2.200349
0.118595	0.434344
-0.173744	1.487935
0.189413	0.950281
-0.174939	0.718411
0.143914	1.803230
-0.072442	0.316114
-0.006004	2.285629
0.082220	0.332787
-0.151176	1.744952
0.179579	0.758929
-0.188016	0.894175
0.168849	1.559584
-0.109182	0.402764
0.045390	2.236083
0.037151	0.278682
-0.114248	1.984904
0.154865	0.591860
-0.188003	1.166612
0.185877	1.241867
-0.146937	0.553773
0.103044	2.040397
-0.024191	0.272049
-0.057877	2.204951
0.117510	0.430509
-0.173125	1.496730
0.189326	0.943256
-0.175516	0.723043
0.144917	1.796243
-0.073593	0.317906
-0.004567	2.286023
0.081138	0.330800
-0.150422	1.751514
0.179165	0.753684
-0.188177	0.900482
0.169329	1.552098
-0.110242	0.406082
0.046986	2.232526
0.035545	0.277699
-0.112901	1.992004
0.153877	0.587046
-0.187766	1.176177
0.186193	1.232097
-0.147987	0.558671
0.104461	2.033464
-0.025904	0.272790
-0.056230	2.209418
0.116427	0.426739
-0.172503	1.505427
0.189228	0.936330
-0.176081	0.727654
0.145729	1.789735
-0.074732	0.319720
-0.003360	2.286303
0.080081	0.328476
-0.149484	1.758562
0.178665	0.749153
-0.188328	0.906872
0.169963	1.543944
-0.111305	0.409466
0.048589	2.228834
0.033921	0.276747
-0.111344	1.999456
0.152879	0.582210
-0.187517	1.185791
0.186498	1.222338
-0.149030	0.563567
0.106072	2.026152
-0.027602	0.273574
-0.054591	2.213750
0.115348	0.423036
-0.172030	1.513435
0.189027	0.930227
-0.176635	0.732246
0.146533	1.783226
-0.075862	0.321557
-0.001926	2.286496
0.078984	0.326549
-0.148714	1.765095
0.178153	0.744613
-0.188562	0.912622
0.170595	1.535696
-0.112330	0.413417
0.050200	2.225009
0.032281	0.275828
-0.109974	2.006522
0.151929	0.576715
-0.187256	1.195447
0.186913	1.211921
-0.150064	0.568456
0.107470	2.019150
-0.029286	0.274398
-0.052958	2.217948
0.114314	0.418893
-0.171404	1.521942
0.188910	0.923494
-0.177177	0.736822
0.147505	1.776224
-0.076982	0.323417
-0.000492	2.286586
0.077880	0.324648
-0.147935	1.771618
0.177631	0.740063
-0.188695	0.919189
0.171071	1.527942
-0.113400	0.416937
0.051819	2.221049
0.030625	0.274943
-0.108594	2.013569
0.150911	0.571849
-0.186982	1.205138
0.187194	1.202202
-0.151032	0.573973
0.109059	2.011766
-0.030955	0.275261
-0.051333	2.222010
0.113241	0.415327
-0.170928	1.529765
0.188784	0.916856
-0.177708	0.741382
0.148290	1.769703
-0.078094	0.325301
0.000942	2.286574
0.076766	0.322773
-0.147148	1.778134
0.177171	0.734787
-0.188818	0.925847
0.171699	1.519508
-0.114473	0.420525
0.053446	2.216954
0.028953	0.274096
-0.107001	2.020942
0.149883	0.566969
-0.186697	1.214860
0.187464	1.192515
-0.152047	0.578842
0.110437	2.004710
-0.032608	0.276160
-0.049715	2.225938
0.112172	0.411827
-0.170297	1.538084
0.188557	0.911034
-0.178227	0.745930
0.149066	1.763175
-0.079197	0.327211
0.002376	2.286459
0.075644	0.320921
-0.146173	1.785132
0.176626	0.730210
-0.189026	0.931873
0.172323	1.510978
-0.115549	0.424179
0.055080	2.212724
0.027266	0.273287
-0.105601	2.027934
0.148847	0.562081
-0.186401	1.224604
0.187722	1.182865
-0.153053	0.583694
0.112003	1.997271
-0.034244	0.277093
-0.048105	2.229732
0.111106	0.408393
-0.169664	1.546309
0.188412	0.904576
-0.178661	0.751185
0.149834	1.756636
-0.080259	0.329514
0.003811	2.286241
0.074512	0.319092
-0.145367	1.791637
0.176069	0.725616
-0.189130	0.938722
0.172795	1.502947
-0.116628	0.427899
0.056941	2.208177
0.025564	0.272520
-0.103987	2.035234
0.147803	0.557187
-0.186093	1.234365
0.187967	1.173258
-0.154048	0.588528
0.113358	1.990176
-0.035864	0.278059
-0.046280	2.233540
0.110044	0.405026
-0.169029	1.554441
0.188257	0.898203
-0.179159	0.755717
0.150769	1.749582
-0.081346	0.331482
0.005246	2.285921
0.073370	0.317287
-0.144552	1.798141
0.175501	0.721003
-0.189225	0.945668
0.173416	1.494226
-0.117711	0.431685
0.058588	2.203672
0.023848	0.271796
-0.102568	2.042155
0.146750	0.552291
-0.185650	1.244806
0.188200	1.163702
-0.155033	0.593340
0.114701	1.983070
-0.037467	0.279054
-0.044686	2.237061
0.108985	0.401724
-0.168547	1.561905
0.188005	0.892642
-0.179646	0.760243
0.151520	1.743013
-0.082427	0.333478
0.006684	2.285497
0.072249	0.315172
-0.143546	1.805124
0.174920	0.716368
-0.189310	0.952714
0.173885	1.486010
-0.118797	0.435538
0.060242	2.199034
0.022119	0.271118
-0.100936	2.049365
0.145746	0.546775
-0.185321	1.254579
0.188420	1.154200
-0.155947	0.598781
0.116032	1.975954
-0.039052	0.280077
-0.043100	2.240449
0.107968	0.398005
-0.167908	1.569859
0.187833	0.886433
-0.180122	0.764768
0.152264	1.736425
-0.083501	0.335503
0.008123	2.284970
0.071085	0.313414
-0.142710	1.811630
0.174327	0.711709
-0.189480	0.959139
0.174500	1.477098
-0.119886	0.439455
0.061901	2.194262
0.020350	0.270581
-0.099295	2.056522
0.144679	0.541887
-0.184981	1.264349
0.188628	1.144760
-0.156910	0.603545
0.117548	1.968448
-0.040591	0.281316
-0.041522	2.243706
0.106915	0.394836
-0.167266	1.577725
0.187564	0.881030
-0.180512	0.770013
0.153001	1.729816
-0.084536	0.337946
0.009564	2.284338
0.069910	0.311677
-0.141682	1.818612
0.173722	0.707026
-0.189545	0.966390
0.175111	1.468089
-0.120934	0.443970
0.063566	2.189357
0.018597	0.269991
-0.097853	2.063302
0.143606	0.537006
-0.184632	1.274110
0.188823	1.135386
-0.157860	0.608280
0.118854	1.961317
-0.042141	0.282396
-0.039952	2.246832
0.105865	0.391730
-0.166781	1.584936
0.187374	0.874974
-0.180968	0.774543
0.153731	1.723184
-0.085599	0.340039
0.010779	2.283637
0.068722	0.309960
-0.140825	1.825128
0.173105	0.702316
-0.189599	0.973746
0.175574	1.459594
-0.122029	0.448019
0.065237	2.184321
0.016833	0.269452
-0.096197	2.070344
0.142527	0.532137
-0.184273	1.283856
0.189004	1.126082
-0.158738	0.613647
0.120147	1.954184
-0.043673	0.283498
-0.038390	2.249829
0.104817	0.388686
-0.166134	1.592636
0.187176	0.868989
-0.181415	0.779079
0.154454	1.716524
-0.086657	0.342166
0.012226	2.282800
0.067491	0.308573
-0.139774	1.832116
0.172474	0.697577
-0.189740	0.980488
0.176179	1.450396
-0.123126	0.452131
0.066912	2.179155
0.015059	0.268967
-0.094533	2.077319
0.141443	0.527281
-0.183906	1.293582
0.189061	1.117551
-0.159664	0.618322
0.121427	1.947052
-0.045158	0.284832
-0.036836	2.252697
0.103810	0.385238
-0.165486	1.600256
0.186882	0.863800
-0.181774	0.784348
0.155342	1.709314
-0.087711	0.344328
0.013677	2.281857
0.066277	0.306890
-0.138894	1.838649
0.171831	0.692808
-0.189773	0.988058
0.176637	1.441719
-0.124225	0.456305
0.068591	2.173861
0.013249	0.268597
-0.092864	2.084223
0.140355	0.522444
-0.183400	1.303935
0.189218	1.108404
-0.160516	0.623631
0.122694	1.939921
-0.046654	0.285980
-0.035290	2.255439
0.102767	0.382318
-0.164834	1.607797
0.186666	0.857948
-0.182201	0.788908
0.156053	1.702589
-0.088727	0.346931
0.015131	2.280807
0.065050	0.305227
-0.137819	1.845650
0.171175	0.688007
-0.189795	0.995735
0.177235	1.432336
-0.125327	0.460539
0.070492	2.168213
0.011458	0.268213
-0.091398	2.090755
0.139262	0.517627
-0.183016	1.313600
0.189362	1.099341
-0.161418	0.628239
0.123948	1.932795
-0.048132	0.287146
-0.033752	2.258056
0.101725	0.379456
-0.164180	1.615262
0.186356	0.852884
-0.182619	0.793484
0.156757	1.695827
-0.089774	0.349172
0.016590	2.279649
0.063809	0.303583
-0.136916	1.852204
0.170505	0.683174
-0.189805	1.003522
0.177687	1.423482
-0.126430	0.464832
0.072178	2.162661
0.009659	0.267887
-0.089719	2.097509
0.138165	0.512834
-0.182624	1.323226
0.189492	1.090365
-0.162243	0.633485
0.125188	1.925673
-0.049564	0.288559
-0.032221	2.260549
0.100685	0.376651
-0.163522	1.622655
0.186122	0.847151
-0.182948	0.798804
0.157456	1.689026
-0.090818	0.351453
0.018053	2.278382
0.062553	0.301958
-0.135816	1.859223
0.169754	0.679001
-0.189804	1.011417
0.178277	1.413921
-0.127535	0.469182
0.073867	2.156987
0.007828	0.267655
-0.088035	2.104180
0.137066	0.508069
-0.182225	1.332811
0.189610	1.081479
-0.163119	0.638022
0.126415	1.918557
-0.051007	0.289762
-0.030698	2.262919
0.099684	0.373454
-0.163025	1.629425
0.185880	0.841473
-0.183348	0.803423
0.158151	1.682182
-0.091860	0.353776
0.019522	2.277005
0.061282	0.300352
-0.134889	1.865805
0.169058	0.674098
-0.189893	1.018705
0.178721	1.404898
-0.128641	0.473586
0.075558	2.151194
0.006019	0.267438
-0.086348	2.110762
0.135964	0.503335
-0.181685	1.342991
0.189714	1.072687
-0.163918	0.643200
0.127628	1.911448
-0.052403	0.291222
-0.029183	2.265168
0.098647	0.370763
-0.162361	1.636683
0.185545	0.836573
-0.183658	0.808795
0.158840	1.675293
-0.092864	0.356563
0.020995	2.275517
0.059996	0.298767
-0.133763	1.872845
0.168348	0.669159
-0.189869	1.026818
0.179162	1.395796
-0.129748	0.478044
0.077251	2.145283
0.004206	0.267282
-0.084657	2.117252
0.134859	0.498635
-0.181272	1.352472
0.189806	1.063992
-0.164768	0.647663
0.128828	1.904348
-0.053811	0.292458
-0.027674	2.267297
0.097609	0.368124
-0.161695	1.643876
0.185285	0.830994
-0.184040	0.813470
0.159524	1.668355
-0.093903	0.358977
0.022475	2.273916
0.058664	0.297472
-0.132624	1.879895
0.167625	0.664186
-0.189833	1.035038
0.179738	1.385986
-0.130856	0.482551
0.078945	2.139259
0.002363	0.267196
-0.082965	2.123645
0.133753	0.493972
-0.180854	1.361895
0.189885	1.055396
-0.165540	0.652769
0.130015	1.897256
-0.055173	0.293962
-0.026172	2.269308
0.096609	0.365102
-0.161024	1.651008
0.184933	0.826186
-0.184332	0.818904
0.160204	1.661365
-0.094940	0.361438
0.023960	2.272201
0.057345	0.295922
-0.131471	1.886954
0.166822	0.659862
-0.189784	1.043365
0.180169	1.376732
-0.131964	0.487107
0.080639	2.133124
0.000545	0.267153
-0.081271	2.129938
0.132646	0.489349
-0.180293	1.371892
0.189847	1.047612
-0.166298	0.657841
0.130998	1.890605
-0.056517	0.295488
-0.024677	2.271202
0.095572	0.362569
-0.160350	1.658081
0.184655	0.820693
-0.184696	0.823648
0.160880	1.654322
-0.095941	0.364380
0.025451	2.270372
0.056010	0.294394
-0.130494	1.893593
0.166071	0.654815
-0.189724	1.051796
0.180733	1.366773
-0.133071	0.491708
0.082332	2.126882
-0.001272	0.267171
-0.079576	2.136126
0.131538	0.484770
-0.179863	1.381183
0.189902	1.039223
-0.167108	0.662189
0.132158	1.883536
-0.057875	0.296768
-0.023188	2.272980
0.094535	0.360084
-0.159671	1.665098
0.184286	0.815964
-0.184970	0.829159
0.161387	1.647766
-0.096977	0.366941
0.026949	2.268426
0.054629	0.293141
-0.129315	1.900675
0.165307	0.649732
-0.189756	1.059621
0.181154	1.357383
-0.134177	0.496350
0.084025	2.120538
-0.003116	0.267235
-0.077881	2.142206
0.130430	0.480237
-0.179428	1.390404
0.189944	1.030940
-0.167839	0.667186
0.133304	1.876476
-0.059186	0.298332
-0.021705	2.274644
0.093497	0.357645
-0.158988	1.672061
0.183990	0.810545
-0.185318	0.833984
0.162056	1.640608
-0.098014	0.369552
0.028454	2.266363
0.053260	0.291653
-0.128122	1.907766
0.164464	0.645293
-0.189671	1.068258
0.181569	1.347933
-0.135282	0.501032
0.085716	2.114095
-0.004931	0.267367
-0.076186	2.148174
0.129322	0.475753
-0.178850	1.400179
0.189975	1.022763
-0.168556	0.672148
0.134437	1.869427
-0.060482	0.299916
-0.020228	2.276194
0.092493	0.354835
-0.158301	1.678974
0.183604	0.805883
-0.185573	0.839584
0.162721	1.633386
-0.099051	0.372215
0.029965	2.264180
0.051845	0.290428
-0.126916	1.914866
0.163672	0.640139
-0.189573	1.076992
0.181979	1.338427
-0.136386	0.505750
0.087193	2.107839
-0.006743	0.267559
-0.074493	2.154027
0.128215	0.471321
-0.178407	1.409246
0.189993	1.014694
-0.169327	0.676381
0.135371	1.862833
-0.061792	0.301234
-0.018756	2.277633
0.091452	0.352490
-0.157608	1.685840
0.183290	0.800524
-0.185904	0.844505
0.163382	1.626099
-0.100052	0.375382
0.031484	2.261878
0.050441	0.288984
-0.125696	1.921973
0.162804	0.635625
-0.189462	1.085822
0.182515	1.328223
-0.137486	0.510500
0.088878	2.101215
-0.008577	0.267770
-0.072802	2.159762
0.127109	0.466942
-0.177818	1.418855
0.189899	1.007451
-0.170018	0.681271
0.136478	1.855805
-0.063056	0.302852
-0.017290	2.278961
0.090409	0.350187
-0.156911	1.692661
0.182885	0.795916
-0.186142	0.850206
0.164040	1.618744
-0.101090	0.378157
0.033010	2.259453
0.048991	0.287794
-0.124463	1.929087
0.161985	0.630402
-0.189339	1.094744
0.182910	1.318617
-0.138584	0.515280
0.090560	2.094506
-0.010379	0.268073
-0.071113	2.165376
0.126004	0.462619
-0.177367	1.427756
0.189894	0.999600
-0.170694	0.686126
0.137572	1.848786
-0.064306	0.304490
-0.015829	2.280179
0.089399	0.347521
-0.156209	1.699441
0.182472	0.791329
-0.186457	0.855235
0.164695	1.611317
-0.102131	0.380989
0.034544	2.256906
0.047552	0.286399
-0.123216	1.936206
0.161091	0.625816
-0.189202	1.103756
0.183298	1.308972
-0.139679	0.520086
0.092237	2.087714
-0.012174	0.268434
-0.069427	2.170866
0.124901	0.458353
-0.176770	1.437188
0.189878	0.991858
-0.171358	0.690948
0.138469	1.842232
-0.065541	0.306146
-0.014372	2.281289
0.088350	0.345303
-0.155500	1.706183
0.182129	0.786037
-0.186678	0.861051
0.165348	1.603816
-0.103173	0.383877
0.036085	2.254234
0.046066	0.285248
-0.121956	1.943330
0.160246	0.620528
-0.189052	1.112853
0.183808	1.298636
-0.140770	0.524914
0.093909	2.080844
-0.013989	0.268785
-0.067745	2.176231
0.123800	0.454147
-0.176313	1.445914
0.189851	0.984225
-0.172008	0.695737
0.139538	1.835229
-0.066762	0.307822
-0.012919	2.282291
0.087298	0.343122
-0.154787	1.712890
0.181697	0.781484
-0.186889	0.866931
0.165837	1.596803
-0.104178	0.387292
0.037634	2.251436
0.044562	0.284115
-0.120683	1.950456
0.159326	0.615875
-0.188889	1.122032
0.184179	1.288922
-0.141856	0.529762
0.095367	2.074211
-0.015768	0.269249
-0.066067	2.181468
0.122747	0.449464
-0.175709	1.455163
0.189813	0.976699
-0.172645	0.700496
0.140412	1.828696
-0.067970	0.309517
-0.011470	2.283187
0.086242	0.340978
-0.154067	1.719565
0.181256	0.776942
-0.187179	0.872147
0.166484	1.589149
-0.105224	0.390303
0.039191	2.248510
0.043069	0.282801
-0.119396	1.957584
0.158455	0.610528
-0.188713	1.131289
0.184542	1.279185
-0.142884	0.535238
0.097026	2.067204
-0.017538	0.269767
-0.064393	2.186577
0.121650	0.445385
-0.175247	1.463708
0.189667	0.970001
-0.173270	0.705225
0.141458	1.821705
-0.069164	0.311232
-0.010024	2.283976
0.085216	0.338482
-0.153340	1.726212
0.180883	0.771689
-0.187373	0.878161
0.167129	1.581413
-0.106273	0.393376
0.040756	2.245456
0.041530	0.281716
-0.118097	1.964711
0.157511	0.605812
-0.188638	1.139925
0.184895	1.269430
-0.143959	0.540119
0.098679	2.060132
-0.019298	0.270337
-0.062724	2.191554
0.120556	0.441368
-0.174635	1.472769
0.189608	0.962688
-0.173881	0.709926
0.142309	1.815188
-0.070346	0.312966
-0.008581	2.284661
0.084150	0.336409
-0.152607	1.732832
0.180422	0.767162
-0.187647	0.883520
0.167771	1.573593
-0.107324	0.396512
0.042329	2.242272
0.039973	0.280654
-0.116785	1.971836
0.156555	0.601067
-0.188437	1.149326
0.185240	1.259662
-0.145029	0.545010
0.100118	2.053326
-0.021073	0.270858
-0.061061	2.196400
0.119465	0.437416
-0.174169	1.481130
0.189538	0.955479
-0.174481	0.714601
0.143332	1.808202
-0.071517	0.314721
-0.007141	2.285241
0.083079	0.334369
-0.151693	1.739938
0.179951	0.762638
-0.187824	0.889683
0.168254	1.566262
-0.108338	0.400194
0.044134	2.238816
0.038398	0.279616
-0.115263	1.979332
0.155647	0.595642
-0.188223	1.158791
0.185574	1.249888
-0.146092	0.549906
0.101755	2.046143
-0.022810	0.271519
-0.059184	2.201304
0.118377	0.433529
-0.173552	1.490001
0.189363	0.949097
-0.175068	0.719251
0.144162	1.801692
-0.072676	0.316496
-0.005702	2.285718
0.082002	0.332359
-0.150945	1.746514
0.179545	0.757395
-0.187991	0.895925
0.168892	1.558270
-0.109396	0.403461
0.045723	2.235364
0.036833	0.278435
-0.113926	1.986440
0.154668	0.590846
-0.187997	1.168314
0.186023	1.239443
-0.147148	0.554805
0.103383	2.038908
-0.024533	0.272226
-0.057532	2.205878
0.117292	0.429707
-0.173082	1.498176
0.189274	0.942092
-0.175642	0.723879
0.144983	1.795186
-0.073823	0.318293
-0.004495	2.286077
0.080918	0.330378
-0.150189	1.753072
0.179053	0.752868
-0.188240	0.901520
0.169527	1.550187
-0.110456	0.406793
0.047320	2.231779
0.035223	0.277461
-0.112578	1.993537
0.153678	0.586027
-0.187758	1.177890
0.186336	1.229673
-0.148197	0.559704
0.104798	2.031967
-0.026243	0.272978
-0.055887	2.210317
0.116210	0.425951
-0.172460	1.506855
0.189174	0.935186
-0.176205	0.728486
0.145973	1.788195
-0.074961	0.320112
-0.003059	2.286351
0.079861	0.328062
-0.149426	1.759616
0.178550	0.748335
-0.188390	0.907928
0.170161	1.542013
-0.111520	0.410191
0.048925	2.228061
0.033596	0.276517
-0.111017	2.000983
0.152678	0.581187
-0.187506	1.187513
0.186638	1.219916
-0.149238	0.564598
0.106406	2.024646
-0.027939	0.273772
-0.054249	2.214622
0.115131	0.422262
-0.171835	1.515438
0.189064	0.928378
-0.176757	0.733074
0.146775	1.781684
-0.076089	0.321953
-0.001625	2.286523
0.078762	0.326140
-0.148654	1.766148
0.178037	0.743793
-0.188530	0.914423
0.170638	1.534331
-0.112587	0.413655
0.050538	2.224208
0.031953	0.275607
-0.109645	2.008045
0.151726	0.575690
-0.187243	1.197177
0.186929	1.210178
-0.150270	0.569485
0.107802	2.017636
-0.029620	0.274607
-0.052618	2.218792
0.114056	0.418638
-0.171360	1.523334
0.188853	0.922390
-0.177297	0.737646
0.147567	1.775170
-0.077207	0.323819
-0.000191	2.286592
0.077656	0.324245
-0.147697	1.773164
0.177586	0.738527
-0.188753	0.920282
0.171267	1.525971
-0.113615	0.417691
0.052158	2.220220
0.030293	0.274731
-0.108263	2.015086
