0.344094	-6.437581
-0.321956	-0.266628
0.857174	-5.059391
-0.314287	-1.199180
0.044526	-7.571126
0.244022	-1.341022
-0.635633	-5.883041
0.353183	-0.399549
-0.516894	-5.952921
-0.015990	0.032909
0.620585	-5.619078
-0.368680	-0.447614
0.580594	-6.098125
-0.214132	-1.392105
-0.082316	-7.545580
0.340934	-1.139173
0.312835	-0.212636
-0.293906	-6.548487
-0.112201	0.062433
-0.420626	-0.549972
0.482430	-6.494837
-0.136597	-1.527446
-0.184246	-7.410733
0.414896	-0.967231
0.312025	-0.052439
-0.221135	-6.643977
-0.167008	0.155896
-0.476335	-0.485438
0.534206	-6.341269
-0.142051	-1.623666
-0.222433	-7.363813
0.486478	-0.891887
0.413881	0.110658
-0.544175	-5.645701
-0.146439	0.477782
-0.585223	0.084242
-0.403201	-1.456081
-0.074836	-7.662957
0.535571	-1.133389
0.742082	0.435249
0.607267	0.641708
-0.012055	0.910540
-0.623656	0.698404
-0.767421	0.646595
-0.675367	-0.323412
0.596169	-6.219744
-0.087459	-1.977115
-0.403826	-6.932306
0.712833	-0.516275
1.129902	1.006834
-1.887278	0.776320
1.982585	0.816866
-0.876393	-0.362920
0.440104	-6.868926
0.153504	-2.174559
-0.827356	-5.421159
0.787613	-0.063777
1.213149	1.145524
-1.837665	0.693235
2.027420	0.743655
-0.684391	-1.568181
-0.151879	-7.646090
0.970911	-0.866426
-1.693883	-0.659083
1.004333	-4.838444
0.313084	-3.735283
-1.929264	-1.474922
1.918784	-0.534715
-0.799498	-1.342197
-0.062798	-7.738053
0.917007	-1.060775
-1.742118	-0.729019
1.130995	-4.415457
0.252806	-4.008364
-1.849799	-1.866228
1.903993	-0.848314
-0.690950	-2.032466
-0.338376	-7.176861
1.271947	-0.763053
-1.186371	-0.852066
0.243819	-7.428640
0.757342	-1.797758
-1.833878	-0.918812
1.495571	-3.246098
0.041555	-4.479449
-1.613106	-2.839827
1.853695	-0.996296
-0.697207	-2.100350
-0.365471	-7.081978
1.311869	-0.794180
-1.124974	-1.007977
0.152215	-7.594369
0.856962	-1.584769
-1.669679	-0.939322
0.911602	-5.106490
0.414465	-3.533044
-1.833905	-1.591180
1.769750	-2.093869
-0.232124	-4.195352
-1.210515	-4.129863
1.767428	-0.966010
-0.795262	-1.720847
-0.213211	-7.489214
1.168412	-0.912244
-1.276584	-0.787790
0.333152	-7.186806
0.706130	-2.023014
-1.867387	-0.937833
1.677932	-2.613895
-0.091647	-4.409028
-1.414461	-3.518495
1.818049	-0.817087
-0.820699	-1.456051
-0.106710	-7.685090
1.016385	-1.005696
-1.537798	-0.688646
0.680748	-5.974830
0.497308	-2.932975
-1.973768	-0.920100
1.953522	-0.592482
-0.702477	-1.857496
-0.268942	-7.382544
1.180351	-0.773140
-1.317090	-0.654954
0.411743	-6.961214
0.614495	-2.230192
-2.012981	-0.379279
1.964265	-0.155594
-0.832086	-0.990568
0.089426	-7.723662
0.659628	-1.431282
-1.870001	2.020055
1.608684	1.038875
-1.533625	1.139480
1.746210	2.513661
-0.722833	-0.931066
0.135397	-7.646078
0.468569	-1.587132
0.850612	0.466113
1.210224	1.220976
-1.844589	0.806882
1.996745	0.908731
-0.797787	-0.837513
0.168291	-7.608006
0.480108	-1.660717
0.949120	0.588383
-1.809654	2.084320
1.642036	1.328101
-1.531294	1.445735
1.663884	2.660514
-0.981924	1.054722
-0.837615	0.715530
-0.680987	-0.375093
0.539598	-6.432519
-0.047640	-1.980146
-0.437496	-6.810828
0.701270	-0.480345
1.034273	0.916972
-1.886805	1.459878
1.794871	1.241190
-1.299290	1.582331
-1.043743	2.045821
-1.049126	3.765846
1.133529	3.040646
1.117184	1.834066
-1.675169	2.470069
1.574244	1.637860
-1.599239	1.620684
1.703466	2.352702
-1.116318	1.782314
-1.118839	2.959825
0.971263	4.080080
1.018805	2.077921
1.209796	1.518566
-1.834564	1.290144
1.867413	1.361814
-1.116683	1.290954
-0.924689	1.364075
-0.971193	2.524117
0.943018	2.389352
0.858781	1.261883
0.818538	0.985379
0.725533	0.848582
0.314712	0.665552
0.097523	-6.513865
-0.363644	0.588507
-0.712707	0.615575
-0.685627	-0.174542
0.772940	-5.571955
-0.171595	-1.987199
-0.356796	-7.107287
0.761153	-0.549892
-1.522917	3.253408
1.437383	1.190833
-1.683121	0.878153
1.977474	1.466107
-0.565577	-2.075157
-0.348218	-7.190021
1.190522	-0.573612
-1.382344	-0.487783
0.530731	-6.570196
0.496477	-2.548783
-2.051768	0.831695
1.762081	0.677256
-1.316273	1.166286
-0.760258	-0.402593
0.466375	-6.734211
0.054152	-2.069701
-0.587521	-6.277877
0.732410	-0.292745
1.064865	0.977428
-1.898523	1.230428
1.855385	1.154885
-1.180787	1.383267
-0.957411	1.564328
-1.023497	2.993178
0.863319	2.019627
0.602121	0.979330
-0.115323	1.241515
-0.738358	1.848542
0.956905	3.311112
0.796161	1.499746
0.411048	0.816668
-0.183793	-6.269988
-0.332454	0.939427
-0.794417	1.826024
-0.801614	4.423695
0.984507	3.355071
0.851296	1.582722
0.656220	0.913209
0.037389	0.982264
-0.605810	0.714913
-0.777789	0.782754
-0.763314	0.352752
-0.455537	-1.525093
-0.109045	-7.665200
0.655751	-1.016930
1.230373	1.016905
-1.808386	0.510454
2.077267	0.365066
-0.449654	-2.850397
-0.648006	-6.134586
1.479163	-0.486292
-1.129559	-0.586821
0.313075	-7.296935
0.556828	-1.991517
-1.855260	2.140096
1.571239	0.967015
-1.549493	0.998142
1.816243	2.298131
-0.578401	-1.844067
-0.256588	-7.443304
1.054837	-0.665163
-1.591949	-0.551590
0.806723	-5.540498
0.393861	-3.258669
-2.049250	-0.576956
1.890232	0.077232
-1.034759	0.173366
0.904617	-5.235560
-0.087186	-2.619739
-0.663864	-6.115554
1.101998	-0.001747
-1.732385	-0.251942
1.233167	-4.164568
0.133193	-4.027129
-1.883490	-2.002261
1.810896	0.037246
-1.124934	0.419893
-0.186153	-2.745633
-0.652738	-6.175060
1.235198	-0.025389
-1.522727	-0.156396
0.828409	-5.525420
0.267668	-3.260730
-1.972789	1.681497
1.569289	0.679549
-1.482009	0.805419
1.772953	2.538017
-0.355728	-2.837548
-0.645516	-6.182696
1.408219	-0.254936
-1.264328	-0.238874
0.536160	-6.589589
0.345451	-2.559098
1.238812	0.711516
-1.739610	0.224442
1.909193	-1.961039
-0.101295	-3.935546
-1.236075	-4.182753
1.697134	-0.063511
-1.184567	0.308315
1.009918	-4.916690
-0.066100	-2.896417
-0.799738	-5.645497
1.233750	0.152165
-1.583979	-0.083314
0.963512	-5.063073
0.201759	-3.523258
-2.069288	1.019784
1.622586	0.560286
-1.415209	0.843791
1.519783	3.353790
-0.395590	-2.593618
-0.547759	-6.538619
1.324876	-0.305836
-1.315870	-0.304066
0.539974	-6.567686
0.395441	-2.578982
1.401263	0.839758
-1.631581	0.533008
2.085218	0.861267
-0.186390	-3.573399
-0.995616	-4.956731
1.595304	-0.065383
-1.235370	0.194360
0.842393	-5.495225
0.039309	-2.927563
-0.967387	-5.061635
1.205646	0.286420
-1.662905	-0.056332
1.146796	-4.464102
0.132120	-3.820255
-2.106336	-0.492258
1.708095	0.344279
-1.295652	0.813431
-0.407697	-2.396479
-0.470063	-6.814723
1.230911	-0.339999
-1.413897	-0.330022
0.620714	-6.263941
0.396902	-2.783617
-1.915172	1.928977
1.571271	0.814765
-1.515358	0.896111
1.801233	2.402624
-0.455278	-2.449157
-0.490634	-6.732843
1.300772	-0.398422
-1.305089	-0.395624
0.493402	-6.723958
0.454345	-2.460403
-1.810356	2.367136
1.520377	0.892603
-1.567471	0.826938
1.906739	1.966667
-0.405390	-2.740547
-0.605408	-6.318982
1.402020	-0.340166
-1.235963	-0.351571
0.465654	-6.829670
0.418039	-2.390694
1.325461	0.836390
-1.688518	0.401721
2.120618	-0.045181
-0.146387	-3.756321
-1.106285	-4.594038
1.644992	-0.053327
-1.215802	0.273497
0.941879	-5.149235
-0.023649	-2.938494
-0.868931	-5.401968
1.233508	0.216311
-1.604997	-0.056073
1.018320	-4.881820
0.176560	-3.613338
-2.097377	0.710139
1.642057	0.507079
-1.387619	0.844183
-0.402089	-2.532825
-0.523817	-6.624543
1.299252	-0.316483
-1.338561	-0.311980
0.554409	-6.513777
0.400160	-2.615492
-1.659024	2.918818
1.447576	0.849372
-1.603178	0.634211
2.026005	1.351725
-0.247554	-3.369945
-0.880659	-5.341232
1.552492	-0.144908
-1.226357	0.030732
0.689643	-6.040880
0.145182	-2.785525
-1.272225	-4.083766
1.128982	0.364597
-1.792402	-0.013532
1.685236	-2.778542
-0.066979	-4.107708
-1.359577	-3.788108
1.754281	-0.164341
-1.116040	0.152802
0.817140	-5.562573
-0.008310	-2.734692
-0.795097	-5.642501
1.122646	0.134219
-1.738846	-0.175854
1.295413	-3.983120
0.095342	-4.059676
-1.781367	-2.442072
1.791897	0.044508
-1.145652	0.460042
-0.201185	-2.762613
-0.652956	-6.175256
1.255006	-0.035500
-1.494247	-0.140775
0.796118	-5.643930
0.270715	-3.183195
-1.895818	2.067292
1.521435	0.705913
-1.518280	0.710526
1.888605	2.098501
-0.274185	-3.167188
-0.789912	-5.665697
1.490668	-0.145719
-1.255475	-0.040546
0.646709	-6.198321
0.206809	-2.756778
1.145790	0.466854
-1.793691	0.052305
1.805759	-2.347618
-0.102831	-4.050037
-1.281843	-4.023415
1.736405	-0.186569
-1.121135	0.119515
0.776470	-5.709301
0.018253	-2.723401
-0.827548	-5.523223
1.106380	0.155323
-1.771109	-0.153254
1.433280	-3.563581
0.034764	-4.149105
-1.597566	-3.059178
1.791503	-0.081360
-1.111136	0.259230
0.977981	-5.006505
-0.084528	-2.761377
-0.725119	-5.905135
1.175682	0.075199
-1.639036	-0.180087
1.024658	-4.843733
0.206119	-3.674068
-2.113600	0.056322
1.721434	0.421504
-1.304530	0.904415
-0.495167	-2.007797
-0.317510	-7.289762
1.078562	-0.542589
-1.590801	-0.493729
0.819554	-5.504309
0.372845	-3.286634
-2.073436	-0.330599
1.854175	0.240498
-1.121154	0.604528
-0.335495	-2.431485
-0.488159	-6.757789
1.185819	-0.264778
-1.507606	-0.308342
0.745146	-5.805439
0.348096	-3.092480
-2.029195	1.254058
1.652501	0.697105
-1.427815	1.002313
1.532202	3.281121
-0.561764	-1.797741
-0.235924	-7.492786
1.004407	-0.688014
-1.688068	-0.582751
1.004089	-4.851226
0.299615	-3.725504
-1.964227	-1.340147
1.905380	-0.285220
-0.912310	-0.637362
0.258060	-7.434485
0.432000	-1.876115
0.957113	0.542687
-1.860657	1.800427
1.703483	1.274368
-1.452023	1.522058
1.513865	3.145941
-1.014875	1.481040
-1.008889	2.596342
0.955661	2.323877
0.918743	1.302803
1.113793	1.276909
-1.868598	1.361160
1.834546	1.284654
-1.210577	1.519641
-1.018041	2.074052
-0.976983	4.054314
1.119026	2.969665
1.113817	1.783108
-1.696863	2.384523
1.592595	1.620483
-1.581369	1.629753
1.684786	2.434383
-1.114053	1.808026
-1.125506	3.007685
1.015678	3.900673
1.029173	2.056512
1.250971	1.547476
-1.818639	1.239013
1.885499	1.382567
-1.062691	1.045587
-0.787863	0.146130
-0.288136	-2.050396
-0.343017	-7.193181
0.894796	-0.499504
-1.969149	0.168731
2.007464	0.089752
-0.765165	-1.277931
-0.034361	-7.758675
0.830376	-1.117910
-1.928932	-0.399757
1.974462	-1.142109
-0.379474	-3.441993
-0.880394	-5.261625
1.640180	-0.653742
-0.995440	-0.862348
0.156519	-7.636543
0.700729	-1.582094
-2.031217	0.321053
1.911360	0.434013
-1.060062	0.521686
-0.318103	-2.396307
-0.476631	-6.796126
1.149439	-0.266665
-1.564554	-0.338578
0.821848	-5.521669
0.328488	-3.278863
-2.087356	0.585363
1.730258	0.556505
-1.327642	1.033784
-0.621462	-1.338921
-0.044564	-7.744065
0.706342	-1.122805
-1.843982	2.115828
1.599489	1.089478
-1.549635	1.155828
1.764286	2.432797
-0.745864	-0.794855
0.205185	-7.519478
0.371964	-1.749040
0.716083	0.179162
0.628213	0.603814
0.055614	0.808005
-0.553867	0.413980
-0.625093	-0.369437
0.582035	-6.247660
-0.102276	-1.890720
-0.358194	-7.060526
0.660418	-0.609007
0.911347	0.757796
1.362719	1.358785
-1.753825	0.945898
1.973027	1.309436
-0.739860	-1.096893
0.049567	-7.746371
0.644241	-1.346014
-1.599574	3.048564
1.453971	1.078309
-1.651636	0.813007
1.985423	1.493345
-0.460168	-2.590419
-0.546814	-6.522775
1.374785	-0.422263
-1.224122	-0.464817
0.409779	-7.007092
0.495448	-2.244315
-1.773223	2.496842
1.508735	0.933267
-1.584884	0.827215
1.925996	1.865626
-0.416929	-2.710643
-0.593178	-6.362154
1.397367	-0.357683
-1.232267	-0.378374
0.452443	-6.872564
0.435136	-2.356020
1.358841	0.866352
-1.669409	0.473020
2.111736	0.427090
-0.177273	-3.657197
-1.037977	-4.813073
1.621553	-0.083044
-1.217323	0.204355
0.853475	-5.453705
0.023092	-2.906588
-0.925414	-5.202168
1.199492	0.257808
-1.662044	-0.075350
1.132208	-4.507838
0.142169	-3.808458
-2.108488	-0.427320
1.712377	0.350208
-1.293796	0.824443
-0.419532	-2.344393
-0.449202	-6.885260
1.212378	-0.364589
-1.431023	-0.347303
0.633113	-6.214660
0.401386	-2.815453
-1.965364	1.656809
1.611906	0.791100
-1.481100	0.975317
1.702264	2.740176
-0.533727	-2.011451
-0.321157	-7.276600
1.120846	-0.561776
-1.504643	-0.474843
0.685554	-5.997104
0.429832	-2.948951
-2.081004	0.294834
1.809400	0.482264
-1.224545	0.990564
-0.631652	-1.159376
0.038946	-7.730056
0.557297	-1.353560
1.015615	0.743337
-1.906728	1.330864
1.819960	1.161054
-1.254998	1.507205
-1.008768	1.878706
-1.071193	3.475447
1.081079	3.394515
1.016906	1.856404
1.292157	1.527369
-1.800927	1.160119
1.910238	1.382639
-0.987114	0.584933
-0.438892	-1.884535
-0.264110	-7.421037
0.928303	-0.627094
-1.875199	-0.373705
1.818843	-2.163613
-0.157651	-4.146230
-1.254021	-4.061989
1.766877	-0.505709
-0.990098	-0.551400
0.300360	-7.334260
0.434598	-1.978562
1.045846	0.640513
-1.926352	0.766904
1.956782	0.776164
-0.966013	0.189878
1.042196	-4.754411
-0.156988	-2.489580
-0.565172	-6.471905
1.073846	-0.126483
-1.743099	-0.314659
1.239176	-4.136405
0.140090	-4.059821
-1.863905	-2.060622
1.831326	-0.053129
-1.079410	0.220841
0.938469	-5.131709
-0.082267	-2.702084
-0.701927	-5.983998
1.143185	0.047427
-1.679901	-0.217588
1.102080	-4.584691
0.183563	-3.822933
-2.075728	-0.771941
1.771388	0.267208
-1.221407	0.771318
-0.411996	-2.287637
-0.426195	-6.963065
1.171520	-0.375583
-1.489332	-0.366772
0.698581	-5.967859
0.386599	-2.981314
-2.044755	1.077496
1.689759	0.688927
-1.394473	1.071780
-0.641729	-1.291998
-0.026231	-7.751070
0.690531	-1.166747
-1.783547	2.382736
1.551601	1.100254
-1.589104	1.052183
1.846735	2.129969
-0.657769	-1.418400
-0.085156	-7.726812
0.820560	-1.005029
-1.981380	-0.028221
2.002850	-0.095049
-0.738620	-1.487219
-0.120827	-7.684869
0.965330	-0.938560
-1.678372	-0.688231
0.960592	-4.980528
0.342295	-3.639031
-1.932064	-1.409631
1.925163	-0.614179
-0.755146	-1.603727
-0.169111	-7.601488
1.063925	-0.887396
-1.485824	-0.630503
0.615096	-6.229516
0.515089	-2.762353
-2.016740	-0.594435
1.945650	-0.181341
-0.867806	-0.806878
0.173944	-7.609538
0.536709	-1.660889
1.185732	0.869326
-1.827585	0.397226
2.083196	0.062470
-0.408136	-3.078969
-0.737998	-5.802126
1.540092	-0.482231
-1.103476	-0.550942
0.318968	-7.285071
0.517227	-2.013341
-1.389539	3.719392
1.405402	0.956445
-1.657582	0.621125
2.060615	1.027694
-0.284211	-3.334321
-0.854708	-5.420447
1.560214	-0.232624
-1.191031	-0.091039
0.592952	-6.388468
0.212108	-2.627469
1.071064	0.395743
-1.881345	0.185501
2.062170	-0.341062
-0.425626	-3.086571
-0.740133	-5.783022
1.552241	-0.545764
-1.072700	-0.673695
0.256022	-7.443079
0.597586	-1.841666
-1.926366	1.764191
1.640879	0.953643
-1.490937	1.153176
1.667129	2.797406
-0.725955	-0.858302
0.174582	-7.577301
0.404585	-1.681097
0.738265	0.251515
0.700697	0.686112
0.277314	0.632803
0.196591	-6.427849
-0.377851	0.475157
-0.669043	0.215953
-0.432724	-1.481810
-0.087147	-7.671003
0.591114	-1.087557
0.950609	0.715444
-1.736418	2.407916
1.576852	1.378059
-1.599519	1.354677
1.767051	2.286279
-0.942674	0.615308
-0.507157	-1.523234
-0.112358	-7.678683
0.718006	-0.982122
-1.768641	2.429149
1.547265	1.128955
-1.597031	1.064208
1.850819	2.101275
-0.676404	-1.310609
-0.040029	-7.753483
0.752441	-1.118203
-2.004530	0.929959
1.827114	0.800235
-1.239326	1.255749
-0.863630	0.538409
-0.514321	-1.391077
-0.052119	-7.714100
0.611088	-1.146251
1.102012	0.878340
-1.900687	0.731626
1.984043	0.753050
-0.878931	-0.369002
0.434539	-6.889006
0.161284	-2.171155
-0.847319	-5.350078
0.786630	-0.052749
1.199267	1.136674
-1.847101	0.709040
2.019567	0.760740
-0.722256	-1.342699
-0.059140	-7.747157
0.834801	-1.060389
-1.938082	-0.333952
1.994709	-0.916478
-0.437236	-3.171323
-0.774141	-5.639281
1.586431	-0.653498
-1.014796	-0.891338
0.148879	-7.643083
0.736271	-1.559075
-1.986979	-0.267317
1.993920	-0.301860
-0.704310	-1.741209
-0.222504	-7.501523
1.109302	-0.795060
-1.433866	-0.593649
0.556606	-6.454183
0.529859	-2.612953
-2.045416	-0.254350
1.918975	0.120244
-0.995682	0.025049
0.733247	-5.834240
-0.018841	-2.517147
-0.686301	-6.010790
1.010453	-0.011747
-1.888679	-0.033416
2.024008	-0.926340
-0.331216	-3.538771
-0.925703	-5.124076
1.649430	-0.536291
-1.039753	-0.591245
0.285465	-7.375579
0.508861	-1.933088
1.297436	0.911590
-1.729766	0.423701
2.111777	0.053727
-0.219812	-3.649172
-1.007551	-4.896782
1.636828	-0.208990
-1.167049	0.030188
0.683113	-6.057095
0.111389	-2.713818
-1.027391	-4.836672
1.084322	0.268086
-1.835412	-0.016061
1.924611	-1.764804
-0.168178	-3.996924
-1.187111	-4.295742
1.729292	-0.339777
-1.074481	-0.164010
0.534900	-6.582201
0.187469	-2.454686
0.954804	0.217848
-1.950466	1.018561
1.871745	0.938015
-1.160561	1.202440
-0.855418	0.590687
-0.564773	-1.119646
0.074150	-7.675752
0.429653	-1.458908
0.643625	0.184468
0.290588	0.464616
0.069076	-6.640219
-0.329081	0.403820
-0.628232	0.007957
-0.327206	-1.717564
-0.197435	-7.513065
0.677270	-0.847296
1.204305	1.020787
-1.831969	0.546887
2.060867	0.459929
-0.542828	-2.395542
-0.473982	-6.764440
1.345096	-0.549202
-1.197980	-0.636716
0.327419	-7.242821
0.611447	-2.018298
-2.046722	0.566008
1.841507	0.596428
-1.196691	1.051281
-0.709418	-0.618074
0.327795	-7.178168
0.168908	-1.917324
-0.729643	-5.710139
0.644993	-0.236584
0.551929	0.445421
-0.069609	0.839374
-0.645067	0.708950
-0.767876	0.612003
-0.650098	-0.496102
0.449484	-6.744903
0.006665	-1.915316
-0.464519	-6.689982
0.647629	-0.481737
0.743387	0.584768
0.527802	0.621074
-0.161206	1.002443
-0.733112	1.436943
-0.927247	3.310647
0.688214	1.865685
-0.036430	1.600731
-0.717079	2.243718
0.860244	2.792669
0.529056	1.162146
-0.274886	1.433372
-0.766543	3.118322
0.527883	2.261948
-0.343045	2.327222
0.660827	3.722364
0.182655	1.868595
-0.624176	1.803092
0.883288	3.503669
0.651262	1.438625
-0.088493	1.480355
-0.734944	2.272006
0.858911	2.747242
0.524190	1.148125
-0.279112	1.416845
-0.769862	3.091493
0.538119	2.263886
-0.328194	2.328954
0.647489	3.797587
0.180670	1.905041
-0.626293	1.864245
0.889236	3.385013
0.649818	1.396478
-0.085774	1.451167
-0.734240	2.191151
0.890024	2.826109
0.627898	1.203688
-0.104766	1.368423
-0.739945	2.101514
0.923135	2.920306
0.725186	1.295702
0.164370	0.945966
-0.514270	0.561437
-0.714310	0.350543
-0.492375	-1.302590
-0.006463	-7.703684
0.503491	-1.275644
0.731923	0.381164
0.585089	0.613261
-0.054703	0.940733
-0.658645	0.884011
-0.840711	1.421559
-0.968269	2.977824
0.785168	2.038170
0.267410	1.064399
-0.474710	0.785314
-0.800551	1.364014
-0.950426	2.926748
0.773137	2.079025
0.218915	1.143664
-0.518778	0.805695
-0.812356	1.409423
-0.958357	3.023194
0.762232	2.013631
0.184035	1.176227
-0.546478	0.832861
-0.822669	1.481488
-0.967939	3.186648
0.757304	1.911396
0.174726	1.154902
-0.548555	0.806153
-0.815273	1.363340
-0.954134	2.883403
0.790252	2.106504
0.281298	1.071539
-0.467461	0.814353
-0.807081	1.490204
-0.961537	3.251652
0.745589	1.878158
0.136681	1.211425
-0.583103	0.906604
-0.845293	1.739838
-0.952537	3.772564
0.976203	3.615037
0.857178	1.696821
0.650404	0.934969
0.014815	1.027701
-0.630495	0.850092
-0.830196	1.350731
-0.955627	2.797882
0.819410	2.166223
0.392464	1.004605
-0.023067	-6.336526
-0.383256	1.018938
-0.817562	2.201666
0.943108	2.756873
0.797737	1.306547
0.479734	0.769641
-0.259193	1.065914
-0.782360	2.009271
0.972689	3.019155
0.845602	1.440510
0.675767	0.897419
0.103687	0.876822
-0.538244	0.476908
-0.666446	-0.065198
-0.255291	-1.894507
-0.286652	-7.315776
0.752433	-0.657540
-1.626170	2.925554
1.475339	1.180407
-1.656084	0.946555
1.939974	1.680371
-0.604342	-1.819023
-0.249036	-7.458849
1.065907	-0.688818
-1.560641	-0.551899
0.751282	-5.741200
0.422121	-3.117633
-2.056874	-0.420270
1.888305	0.138403
-1.051016	0.285417
1.136342	-4.479444
-0.149516	-2.644277
-0.630744	-6.246435
1.155146	-0.036274
-1.634196	-0.244157
0.986084	-4.963579
0.236982	-3.619958
-2.109105	0.030430
1.742671	0.416679
-1.284400	0.920915
-0.523749	-1.840076
-0.250392	-7.459691
0.991645	-0.654116
-1.727381	-0.565779
1.113436	-4.496153
0.239639	-3.941051
-1.909482	-1.691024
1.896233	-0.368527
-0.899333	-0.753492
0.198182	-7.567242
0.523501	-1.719359
1.177540	0.849510
-1.832830	0.389209
2.081533	0.050888
-0.416633	-3.047329
-0.725536	-5.846009
1.533499	-0.490532
-1.102685	-0.571545
0.308945	-7.311762
0.533623	-1.987331
-1.641338	2.944210
1.457583	0.975793
-1.627486	0.742039
1.997814	1.473999
-0.365474	-2.987118
-0.703901	-5.956200
1.478530	-0.316098
-1.197850	-0.292335
0.475942	-6.799662
0.362679	-2.412334
1.171649	0.678349
-1.808034	0.215381
2.065594	-0.779861
-0.229369	-3.758249
-1.047675	-4.746089
1.675410	-0.325385
-1.107957	-0.144996
0.545893	-6.548516
0.199705	-2.495631
0.984890	0.274013
-1.950977	0.716506
1.945823	0.714003
-0.998840	0.357271
-0.245802	-2.459860
-0.517085	-6.653048
1.124188	-0.192481
-1.632380	-0.332037
0.948680	-5.077797
0.273772	-3.563585
-2.099332	-0.158631
1.782259	0.364093
-1.232884	0.879841
-0.513281	-1.834083
-0.247543	-7.465809
0.976149	-0.657542
-1.759748	-0.554082
1.216981	-4.170017
0.183164	-4.110636
-1.840228	-2.042395
1.886100	-0.442517
-0.888929	-0.853664
0.150713	-7.650194
0.600537	-1.589173
-1.558292	3.190914
1.437381	1.036614
-1.654222	0.744778
2.012073	1.350784
-0.395653	-2.894198
-0.665312	-6.092356
1.460734	-0.360161
-1.190289	-0.370772
0.434507	-6.935339
0.417881	-2.311856
1.259795	0.802591
-1.739380	0.305021
2.087035	-0.714388
-0.151865	-3.838558
-1.136359	-4.487273
1.675513	-0.129135
-1.175454	0.192106
0.846095	-5.472268
0.005790	-2.838760
-0.863346	-5.410891
1.170884	0.203534
-1.686047	-0.124083
1.165377	-4.395567
0.139794	-3.879606
-2.056423	-1.036485
1.747338	0.266055
-1.243128	0.765953
-0.391862	-2.395022
-0.469579	-6.818354
1.215572	-0.325331
-1.441293	-0.322796
0.654162	-6.140129
0.384603	-2.866761
-1.952609	1.738869
1.595576	0.786696
-1.491850	0.934663
1.740764	2.617179
-0.491145	-2.245893
-0.411578	-7.001010
1.221561	-0.460667
-1.380575	-0.416190
0.553765	-6.498835
0.455125	-2.614217
-1.984830	1.500642
1.649584	0.809305
-1.455232	1.073083
1.605661	3.030950
-0.637732	-1.385101
-0.068231	-7.736563
0.768199	-1.053215
-2.008076	0.809922
1.853715	0.743020
-1.190728	1.147340
-0.799039	0.061066
-0.221633	-2.157250
-0.404360	-7.001161
0.912995	-0.397821
-1.961446	0.161329
2.015095	0.045263
-0.729227	-1.494749
-0.124065	-7.681993
0.962992	-0.927975
-1.687533	-0.685154
0.983799	-4.903073
0.328761	-3.692470
-1.925683	-1.460816
1.922554	-0.615594
-0.759484	-1.584314
-0.160009	-7.617627
1.053534	-0.899287
-1.502347	-0.636657
0.637564	-6.144815
0.505310	-2.822348
-2.011974	-0.653970
1.946515	-0.227103
-0.852029	-0.914071
0.123473	-7.686407
0.615107	-1.521890
-1.605997	3.036351
1.453440	1.051350
-1.646485	0.790272
1.990991	1.475758
-0.431386	-2.722295
-0.597455	-6.340022
1.412691	-0.392136
-1.207609	-0.428772
0.416210	-6.990643
0.466053	-2.262445
1.400608	0.908100
-1.649185	0.576479
2.074340	0.930169
-0.237922	-3.467757
-0.924490	-5.186052
1.582807	-0.160560
-1.207401	0.044245
0.697075	-6.012049
0.125601	-2.774177
-1.126403	-4.528066
1.118239	0.325374
-1.798336	-0.033297
1.694429	-2.742117
-0.070738	-4.116815
-1.356980	-3.792836
1.757265	-0.185601
-1.107187	0.113228
0.774933	-5.711623
0.011978	-2.702060
-0.808792	-5.587679
1.097339	0.135845
-1.780507	-0.158498
1.470757	-3.447023
0.019513	-4.168393
-1.561495	-3.168397
1.792201	-0.120255
-1.099188	0.192513
0.877942	-5.344586
-0.047263	-2.726625
-0.745403	-5.824625
1.136866	0.092126
-1.703580	-0.198734
1.173894	-4.358091
0.149965	-3.925651
-2.002681	-1.396577
1.781587	0.181258
-1.190624	0.661936
-0.332183	-2.537004
-0.529862	-6.612773
1.241680	-0.229695
-1.440873	-0.256831
0.679272	-6.057542
0.348653	-2.925604
-1.869253	2.158954
1.528534	0.786336
-1.535612	0.777478
1.885170	2.091421
-0.341599	-2.960384
-0.695825	-5.996298
1.451485	-0.250934
-1.238196	-0.211361
0.536135	-6.592016
0.319296	-2.552220
1.172476	0.629831
-1.796793	0.169639
2.020988	-1.237911
-0.174789	-3.894887
-1.140033	-4.457637
1.700446	-0.253565
-1.120422	-0.002150
0.657762	-6.141858
0.102758	-2.636915
-0.954138	-5.068747
1.042370	0.205122
-1.885540	0.079881
2.049240	-0.614988
-0.378308	-3.320625
-0.834141	-5.443418
1.604722	-0.541833
-1.054590	-0.630382
0.269804	-7.413635
0.551832	-1.887720
-1.633165	2.965978
1.456572	0.993122
-1.631910	0.752220
1.996683	1.472502
-0.379473	-2.934406
-0.682158	-6.034275
1.466646	-0.333455
-1.197496	-0.326373
0.459037	-6.855673
0.387273	-2.372879
1.210417	0.737058
-1.775935	0.240372
2.059667	-0.943294
-0.175139	-3.852904
-1.122303	-4.519797
1.687245	-0.215897
-1.140230	0.058550
0.709897	-5.954565
0.074170	-2.705378
-0.922153	-5.187891
1.082228	0.210948
-1.824740	-0.068049
1.806998	-2.305938
-0.116272	-4.098040
-1.283648	-4.002747
1.752449	-0.288028
-1.077188	-0.075403
0.602880	-6.335192
0.122244	-2.537092
-0.949854	-5.067221
0.987347	0.165176
-1.946875	0.458791
1.997868	0.418656
-0.838416	-0.736801
0.214797	-7.522466
0.437314	-1.773364
0.893900	0.477392
-1.508766	3.242215
1.440844	1.341782
-1.700794	1.039055
1.931291	1.608566
-0.752514	-0.942638
0.123439	-7.671481
0.518207	-1.548319
1.008153	0.692975
-1.909719	1.324967
1.819404	1.151149
-1.256672	1.502894
-1.006207	1.854137
-1.072694	3.428336
1.068176	3.467913
1.002282	1.862839
1.236994	1.488583
-1.828527	1.167091
1.903880	1.307747
-1.030970	0.828171
-0.622123	-0.994769
0.127226	-7.626130
0.391408	-1.574053
0.637786	0.119709
0.302866	0.441126
0.022912	-6.661253
-0.315972	0.421042
-0.632494	0.059626
-0.356573	-1.659458
-0.168430	-7.566201
0.657932	-0.907538
1.147693	0.962066
-1.873241	0.624304
2.024701	0.607869
-0.722926	-1.377348
-0.074064	-7.736777
0.864242	-1.026661
-1.882485	-0.521813
1.793604	-2.235363
-0.154969	-4.194539
-1.273928	-3.989683
1.777205	-0.576793
-0.955476	-0.735062
0.207879	-7.551600
0.561699	-1.735286
1.370369	0.989863
-1.689781	0.583346
2.080571	0.781773
-0.290371	-3.360306
-0.863502	-5.384576
1.572842	-0.263903
-1.174234	-0.128253
0.564688	-6.489095
0.229478	-2.571771
1.051960	0.397578
-1.905540	0.298108
2.049361	0.048305
-0.586752	-2.261919
-0.424271	-6.927656
1.312553	-0.609491
-1.205881	-0.684937
0.314532	-7.270860
0.646032	-1.981625
-2.030577	-0.059440
1.943030	0.150012
-0.953677	-0.175362
0.557871	-6.469346
0.086547	-2.360141
-0.770752	-5.664318
0.892438	-0.017214
-1.916108	1.534201
1.746571	1.129360
-1.385407	1.483138
1.301830	3.824455
-0.988663	1.406685
-0.985682	2.443625
0.990936	2.467421
0.997406	1.420991
-1.412219	3.479785
1.412282	1.496353
-1.729667	1.183031
1.896985	1.635487
-0.913838	0.172995
1.163312	-4.352002
-0.191829	-2.379519
-0.504302	-6.683538
1.033140	-0.215968
-1.790996	-0.331442
1.409372	-3.608970
0.060935	-4.226401
-1.662891	-2.805907
1.831329	-0.247513
-1.022847	-0.145089
0.558603	-6.485177
0.128650	-2.435411
-0.907375	-5.194423
0.931634	0.100592
-1.951417	1.105155
1.846451	0.974475
-1.210253	1.333961
-0.924582	1.167160
-0.910873	1.668686
-1.017507	3.358165
0.915919	4.034061
0.861576	1.833591
0.635247	0.954199
-0.031867	1.111765
-0.676832	1.170033
-0.901038	2.606830
0.835619	2.336615
0.445855	1.034828
-0.285804	-5.948868
-0.345803	1.179068
-0.808651	2.638579
0.741993	2.395771
0.113429	1.474020
-0.635471	1.357675
-0.886790	3.292881
0.625409	1.920453
-0.184263	1.949726
-0.624401	3.936383
0.307039	2.314173
-0.552555	2.253635
0.779132	3.063652
0.300297	1.375677
-0.505230	1.133590
-0.853381	2.694308
0.753653	2.311561
0.147287	1.361600
-0.599774	1.110280
-0.878216	2.538703
0.845739	2.404015
0.481467	1.049722
-0.313345	1.271260
-0.794639	2.815025
0.654944	2.323858
-0.113536	2.060133
-0.634437	3.673041
0.331777	2.473048
-0.526134	2.443238
0.709199	3.018415
0.103408	1.781347
-0.662171	1.907271
0.910891	3.264263
0.692092	1.384260
0.032168	1.211451
-0.651933	1.141304
-0.892785	2.555052
0.851393	2.381658
0.504832	1.044054
-0.285511	1.310403
-0.785555	2.824759
0.644346	2.336078
-0.135281	2.121275
-0.590621	3.974377
0.281120	2.441874
-0.560012	2.438896
0.718588	2.937465
0.111508	1.720321
-0.655876	1.775458
0.899164	3.525598
0.689663	1.475333
0.008967	1.301530
-0.678909	1.402645
-0.903280	3.337554
0.648936	1.872749
-0.132857	1.825228
-0.694876	3.299171
0.434508	2.410379
-0.445394	2.407612
0.699582	3.264439
0.134941	1.803549
-0.647034	1.832770
0.900826	3.416054
0.680433	1.428911
-0.009973	1.318203
-0.691906	1.517502
-0.891780	3.634159
0.706007	4.597935
0.664282	1.725716
-0.088412	1.644935
-0.726448	2.636311
0.691003	2.520844
-0.014696	1.889985
-0.694843	2.691642
0.652579	2.558333
-0.097399	2.160818
-0.610396	3.762131
0.307887	2.521157
-0.537413	2.515392
0.685731	2.961595
0.037007	1.962291
-0.681094	2.531290
0.718300	2.648541
0.068006	1.708262
-0.677029	1.923217
0.918564	3.222424
0.709487	1.384462
0.088544	1.103196
-0.595538	0.814399
-0.819068	1.289905
-0.943926	2.630743
0.869740	2.299500
0.587157	1.041824
-0.158591	1.326288
-0.757126	2.282194
0.869157	2.715613
0.559059	1.145822
-0.227381	1.435344
-0.762727	2.907964
0.596246	2.346220
-0.228031	2.313504
0.462377	4.615821
0.182916	2.186543
-0.622640	2.279257
0.798853	2.902148
0.335894	1.277053
-0.467770	1.099977
-0.843278	2.570896
0.799839	2.404482
0.307022	1.140657
-0.463962	0.922360
-0.828313	1.920349
1.010140	3.163200
0.907821	1.574114
0.943660	1.164468
1.302044	1.396046
-1.794722	0.959564
1.968224	1.208954
-0.823717	-0.583892
0.308128	-7.277871
0.280013	-1.964114
0.725997	0.050353
0.769249	0.717630
0.593162	0.690784
-0.059928	0.995122
-0.673360	1.019541
-0.878280	2.010877
1.035113	3.013666
0.974982	1.596361
1.242178	1.435631
-1.828692	1.070118
1.931020	1.232987
-0.966733	0.386680
-0.296304	-2.313595
-0.447202	-6.890194
1.078858	-0.299392
-1.677156	-0.402192
1.024975	-4.809634
0.254825	-3.736323
-2.042608	-0.931394
1.840142	0.119455
-1.112879	0.475515
-0.237603	-2.655029
-0.596427	-6.377839
1.226673	-0.104418
-1.506274	-0.200595
0.785148	-5.675473
0.296674	-3.171817
-1.962226	1.727627
1.572369	0.710779
-1.488102	0.831549
1.774706	2.524405
-0.382937	-2.736651
-0.604157	-6.331391
1.383321	-0.294766
-1.268098	-0.293347
0.511943	-6.671792
0.383168	-2.505348
1.303532	0.791131
-1.695998	0.339694
2.103199	-0.588044
-0.113879	-3.828552
-1.173034	-4.386943
1.661202	-0.012922
-1.221001	0.348088
1.065756	-4.742138
-0.071186	-2.967104
-0.825910	-5.557167
1.271398	0.170525
-1.545107	-0.026155
0.929446	-5.187053
0.193593	-3.430893
-1.992531	1.599232
1.552938	0.601952
-1.470280	0.718360
1.786485	2.508629
-0.273310	-3.101903
-0.764051	-5.761862
1.463492	-0.129812
-1.276524	-0.046415
0.651576	-6.181705
0.218094	-2.782051
1.171463	0.506132
-1.769019	0.065734
1.669568	-2.850092
-0.061574	-4.058819
-1.350360	-3.827610
1.737740	-0.090469
-1.150642	0.282143
0.984748	-4.992952
-0.070893	-2.832837
-0.767729	-5.755784
1.204495	0.120062
-1.612616	-0.131344
0.993578	-4.954611
0.205128	-3.598739
-2.103756	0.544742
1.674450	0.502218
-1.362708	0.902086
-0.468120	-2.207543
-0.395409	-7.058094
1.177715	-0.445727
-1.452625	-0.401275
0.639722	-6.180872
0.421370	-2.833899
-2.036946	1.115654
1.696243	0.716343
-1.394098	1.103381
-0.675490	-1.077653
0.070619	-7.716266
0.540910	-1.427532
1.003703	0.712272
-1.899379	1.435210
1.793492	1.197595
-1.304571	1.557573
-1.030481	1.936340
-1.079667	3.518684
1.108168	3.270699
1.056761	1.863592
-1.414653	3.425590
1.413416	1.600811
-1.728551	1.328773
1.854560	1.734674
-1.018015	0.942417
-0.733579	-0.222747
0.660740	-6.006019
-0.098817	-2.079626
-0.436746	-6.848345
0.785073	-0.426304
-1.619375	2.935080
1.475978	1.213710
-1.660911	0.977847
1.931830	1.700705
-0.643184	-1.592945
-0.158948	-7.637655
0.944266	-0.843601
-1.763036	-0.629829
1.213061	-4.171161
0.194223	-4.126446
-1.828198	-2.051354
1.894216	-0.606805
-0.813006	-1.320249
-0.052667	-7.743396
0.911895	-1.084683
-1.745275	-0.735488
1.139897	-4.386014
0.248685	-4.026477
-1.843827	-1.891462
1.902275	-0.874306
-0.681650	-2.090263
-0.360686	-7.106483
1.295043	-0.757820
-1.160397	-0.900302
0.210504	-7.499527
0.788114	-1.718455
-1.788205	-0.946942
1.289454	-3.887546
0.179162	-4.317460
-1.742423	-2.264206
1.851303	-1.386517
-0.500973	-3.124938
-0.757149	-5.658646
1.599466	-0.886718
-0.905240	-1.468629
-0.100705	-7.658780
1.081614	-1.094864
-1.360653	-0.778714
0.418524	-6.908326
0.668288	-2.241790
-1.865185	-1.022024
1.680826	-2.587090
-0.097310	-4.419591
-1.408904	-3.528993
1.816681	-0.863182
-0.801545	-1.572900
-0.155043	-7.613011
1.081090	-0.942605
-1.427688	-0.666672
0.528435	-6.542226
0.571208	-2.531770
-1.986794	-0.688485
1.966682	-0.494917
-0.709842	-1.779779
-0.238900	-7.459813
1.140061	-0.790902
-1.378673	-0.613725
0.486554	-6.705882
0.568731	-2.427651
-2.035648	-0.262362
1.935826	0.059616
-0.950251	-0.241625
0.504289	-6.663777
0.134562	-2.308666
-0.851304	-5.365125
0.861537	0.011335
-1.763802	2.366686
1.575041	1.265702
-1.592979	1.245712
1.790174	2.262262
-0.851690	-0.087895
0.715833	-5.850223
-0.076316	-2.284010
-0.535618	-6.535231
0.902803	-0.231961
-1.978083	0.720282
1.915451	0.709272
-1.070648	0.731300
-0.496115	-1.730818
-0.202063	-7.555878
0.875894	-0.754385
-1.944969	-0.156827
2.018968	-0.566672
-0.519432	-2.734075
-0.606075	-6.262499
1.478163	-0.629639
-1.069080	-0.877477
0.172501	-7.596113
0.752261	-1.617532
-1.927601	-0.607985
1.937581	-1.364329
-0.354872	-3.586601
-0.939717	-5.050469
1.669446	-0.692588
-0.968065	-0.944250
0.117652	-7.688198
0.746024	-1.482339
-1.991059	-0.198407
1.992794	-0.206052
-0.738706	-1.523451
-0.135399	-7.663956
0.992186	-0.915303
-1.627398	-0.670745
0.849087	-5.369016
0.400069	-3.367073
-1.971043	-1.121564
1.934877	-0.465573
-0.794528	-1.331583
-0.058582	-7.742093
0.904070	-1.067647
-1.770301	-0.715501
1.226159	-4.117591
0.196581	-4.168537
-1.804629	-2.106135
1.893524	-0.823286
-0.720518	-1.883093
-0.280039	-7.343539
1.210259	-0.798813
-1.258204	-0.748866
0.330900	-7.204268
0.684769	-2.019717
-1.928330	-0.758912
1.925416	-1.386212
-0.370521	-3.549244
-0.922979	-5.102347
1.664814	-0.727143
-0.955238	-1.029207
0.080216	-7.721350
0.803909	-1.391708
-1.889094	-0.647308
1.795979	-2.191655
-0.170178	-4.193615
-1.259561	-4.024687
1.776552	-0.641011
-0.930651	-0.887889
0.135772	-7.671506
0.671409	-1.536293
-1.994029	1.215957
1.753179	0.874499
-1.356036	1.309903
-0.873878	0.443065
-0.427470	-1.784315
-0.220866	-7.508187
0.836927	-0.731311
-1.998752	0.471578
1.937540	0.506286
-1.012794	0.330985
-0.213797	-2.527211
-0.554189	-6.522057
1.137321	-0.139104
-1.628502	-0.300775
0.952367	-5.069779
0.264406	-3.565802
-2.104352	-0.019898
1.763587	0.403645
-1.260706	0.920238
-0.535948	-1.748721
-0.213374	-7.539015
0.937821	-0.725147
-1.820677	-0.524325
1.467323	-3.397911
0.044409	-4.337157
-1.625712	-2.882819
1.850555	-0.509150
-0.911459	-0.808613
0.172002	-7.616610
0.583865	-1.642504
1.399659	1.017430
-1.675125	0.656911
2.053085	1.049312
-0.335960	-3.170690
-0.779059	-5.680784
1.530185	-0.308425
-1.175777	-0.242580
0.495065	-6.734761
0.315462	-2.447799
1.089707	0.547651
-1.882997	0.299931
2.062478	-0.033711
-0.506999	-2.670084
-0.579658	-6.374857
1.443692	-0.559726
-1.118149	-0.727827
0.250539	-7.445168
0.659663	-1.818898
-2.039785	0.292630
1.900307	0.428795
-1.079979	0.603397
-0.369499	-2.266863
-0.419406	-6.985530
1.117770	-0.357442
-1.586410	-0.397569
0.839577	-5.448634
0.338009	-3.327713
-2.095044	0.119413
1.788045	0.431970
-1.240663	0.951202
-0.580878	-1.478268
-0.102234	-7.703441
0.774954	-0.981758
-2.000815	0.918685
1.836042	0.802073
-1.224767	1.240780
-0.858461	0.514575
-0.499968	-1.452942
-0.079777	-7.699193
0.648309	-1.075283
1.240304	1.013979
-1.799526	0.502622
2.081844	0.342898
-0.421567	-2.973562
-0.696424	-5.958060
1.509081	-0.465493
-1.123621	-0.536066
0.332541	-7.246191
0.515617	-2.046121
-1.540993	3.264783
1.427145	0.957795
-1.643279	0.664766
2.037871	1.215142
-0.308491	-3.228898
-0.806762	-5.588869
1.535675	-0.255320
-1.193230	-0.152481
0.553619	-6.529875
0.257832	-2.564626
1.078042	0.463225
-1.883975	0.241885
2.063130	-0.172675
-0.471641	-2.858254
-0.652451	-6.104722
1.496581	-0.555174
-1.092239	-0.717955
0.243755	-7.465916
0.642349	-1.803577
-2.033537	0.768263
1.820126	0.694421
-1.240479	1.178957
-0.801499	0.012941
0.950434	-4.999692
-0.188130	-2.185354
-0.428838	-6.916728
0.907063	-0.366060
-1.972563	0.313329
1.991220	0.287182
-0.849355	-0.716581
0.223761	-7.504509
0.432539	-1.794073
0.895353	0.472045
-1.534872	3.158672
1.450962	1.342523
-1.694091	1.059443
1.922097	1.656848
-0.763554	-0.859658
0.164675	-7.606715
0.454655	-1.656095
0.858104	0.456640
1.258233	1.254116
-1.814456	0.783175
2.013167	0.923316
-0.708299	-1.384532
-0.076653	-7.734942
0.853966	-1.021478
-1.908388	-0.438817
1.923046	-1.568482
-0.276604	-3.842379
-1.058977	-4.664731
1.711176	-0.614443
-0.981217	-0.757956
0.199038	-7.568428
0.604786	-1.702685
-1.820143	2.270858
1.557942	1.018171
-1.569253	1.004035
1.840506	2.188611
-0.594035	-1.776841
-0.230832	-7.502033
1.025028	-0.708604
-1.636787	-0.584136
0.887011	-5.250474
0.360829	-3.455826
-2.011091	-0.958115
1.907945	-0.137867
-0.952163	-0.349857
0.425438	-6.940845
0.223408	-2.215065
0.833021	0.108687
1.352340	1.256098
-1.749695	0.812602
2.013248	1.124197
-0.603127	-1.942893
-0.298327	-7.329609
1.144945	-0.641586
-1.430799	-0.514487
0.576528	-6.396093
0.490380	-2.668815
-2.070766	0.365656
1.825150	0.506030
-1.207786	0.995185
-0.647111	-1.044213
0.094268	-7.681852
0.470991	-1.494961
0.788256	0.398318
0.890433	0.906818
1.167215	1.255618
-1.867310	1.002367
1.935936	1.083904
-0.988165	0.462883
-0.335485	-2.246864
-0.414405	-6.998580
1.072283	-0.352768
-1.670726	-0.428360
1.002164	-4.881670
0.270853	-3.694519
-2.043237	-0.895004
1.848117	0.107601
-1.100149	0.429629
-0.213371	-2.671396
-0.611453	-6.323434
1.216802	-0.075685
-1.529560	-0.198753
0.819883	-5.550373
0.284717	-3.251708
-2.004299	1.479940
1.600821	0.678148
-1.460776	0.875335
1.689236	2.813233
-0.425194	-2.521947
-0.518971	-6.637478
1.313196	-0.352495
-1.309912	-0.351642
0.515780	-6.649465
0.425209	-2.518057
-1.675650	2.858457
1.456329	0.873542
-1.603804	0.669560
2.011182	1.437461
-0.278377	-3.276249
-0.832884	-5.504070
1.535302	-0.192395
-1.217035	-0.056839
0.623202	-6.281177
0.200676	-2.691938
1.101587	0.413595
-1.842982	0.087912
2.028674	-1.058230
-0.244373	-3.777748
-1.048221	-4.732740
1.686218	-0.401570
-1.075280	-0.289094
0.450623	-6.878646
0.287634	-2.322362
0.958950	0.364028
-1.925719	1.312418
1.809701	1.100036
-1.277790	1.484963
-0.995763	1.710451
-1.062666	3.178299
0.934842	4.072516
0.924447	1.931838
0.899237	1.194587
1.065621	1.214372
-1.844820	1.699916
1.745013	1.376455
-1.382573	1.654879
1.320389	3.694941
-1.083530	2.092413
-1.082027	3.688459
1.157909	2.984047
1.158473	1.874156
-1.717777	2.228512
1.628621	1.660882
-1.535551	1.723130
1.617865	2.648326
-1.154158	2.051421
-1.173401	3.268202
1.185452	3.132612
1.170551	2.001994
-1.666924	2.434590
1.581622	1.717375
-1.584187	1.717004
1.670129	2.420806
-1.170499	1.998977
-1.184963	3.125479
1.171345	3.281194
1.152030	2.051876
-1.612135	2.672653
1.530868	1.720687
-1.632835	1.654755
1.722863	2.208402
-1.155901	1.858894
-1.152300	2.969785
1.064726	3.757788
1.074603	2.094996
-1.188909	4.109572
1.358730	1.638989
-1.759701	1.339570
1.858193	1.628535
-1.056022	1.127564
-0.850494	0.715010
-0.671341	-0.457967
0.470236	-6.680910
0.001043	-1.951119
-0.473163	-6.670072
0.670800	-0.457645
0.845741	0.708000
1.031551	1.101711
-1.823272	1.898520
1.694164	1.393079
-1.464212	1.598500
1.529737	3.053952
-1.060882	1.778484
-1.100286	3.108376
0.999420	3.894237
0.988560	1.987562
1.140026	1.435684
-1.847295	1.472123
1.811372	1.376580
-1.248103	1.625275
-1.065916	2.316274
1.112898	2.635878
1.211526	1.726992
-1.796371	1.667801
1.768697	1.566556
-1.306642	1.773625
-1.142077	2.502643
1.136205	2.455425
1.318861	1.758880
-1.765879	1.538373
1.804578	1.670702
-1.189107	1.684084
-1.092102	2.607134
1.049199	2.333414
1.200823	1.585634
-1.826037	1.441996
1.826607	1.441397
-1.199537	1.585374
-1.048389	2.331660
1.092285	2.607838
1.188313	1.682598
-1.804218	1.675996
1.765041	1.536613
-1.321000	1.761183
-1.136671	2.452421
1.143640	2.506294
1.307070	1.774603
-1.767820	1.573728
1.795177	1.669321
-1.213965	1.734797
-1.115680	2.641736
1.068617	2.311303
1.254809	1.630309
-1.808514	1.374188
1.848776	1.478717
-1.134268	1.420782
-0.982069	1.941085
-1.021021	3.761351
1.090903	3.207102
1.035248	1.789634
-1.296414	3.807716
1.380807	1.565221
-1.749791	1.242862
1.884288	1.606607
-0.980585	0.633047
-0.488622	-1.658553
-0.169800	-7.607102
0.807962	-0.836076
-2.003379	0.705316
1.885590	0.687961
-1.130054	0.954058
-0.661850	-0.859749
0.192783	-7.517457
0.320240	-1.708046
0.613256	-0.023868
0.289474	0.391284
0.036851	-6.687565
-0.310881	0.359313
-0.604142	-0.118852
-0.269482	-1.769973
-0.231134	-7.430825
0.668468	-0.795774
1.111061	0.943736
-1.896658	0.786182
1.974367	0.819676
-0.905812	-0.172458
0.583442	-6.360222
0.037215	-2.319284
-0.671845	-6.022757
0.879688	-0.107469
-1.919149	1.532184
1.744134	1.117042
-1.388741	1.471795
1.317520	3.780956
-0.981893	1.339378
-0.965115	2.217068
1.054496	2.729032
1.079910	1.603871
-1.713861	2.357103
1.597279	1.562014
-1.579828	1.577613
1.694085	2.437754
-1.081146	1.649934
-1.069798	2.821413
0.962578	2.148565
0.991275	1.331895
-1.465795	3.317348
1.430646	1.483818
-1.717332	1.193712
1.889820	1.690004
-0.909025	0.155841
1.099442	-4.551230
-0.185593	-2.374797
-0.505371	-6.678235
1.025935	-0.216481
-1.804783	-0.317458
1.478418	-3.396770
0.027079	-4.252527
-1.590666	-3.043613
1.822745	-0.281954
-1.020703	-0.188138
0.524970	-6.607261
0.159876	-2.397568
-0.986764	-4.919538
0.913883	0.122437
-1.915579	1.501229
1.758340	1.136804
-1.367179	1.502456
-0.999752	1.540412
-1.025416	2.809391
0.904567	2.147886
0.757798	1.112919
0.356980	0.726025
-0.012513	-6.497036
-0.351102	0.736925
-0.758548	1.142398
-0.910065	2.262201
0.993209	2.665396
0.955473	1.437387
1.227171	1.393655
-1.837001	1.033229
1.939018	1.179613
-0.954954	0.286789
-0.233987	-2.405552
-0.499194	-6.710736
1.082275	-0.217151
-1.698326	-0.364731
1.090100	-4.601743
0.217406	-3.849539
-2.014051	-1.206282
1.834400	0.081424
-1.110724	0.434378
-0.208387	-2.695791
-0.622779	-6.283152
1.225716	-0.062541
-1.521959	-0.183138
0.814914	-5.570413
0.281019	-3.238234
-1.983596	1.612022
1.582567	0.687026
-1.475319	0.839642
1.741853	2.641076
-0.389774	-2.692500
-0.586643	-6.395251
1.367986	-0.301464
-1.277714	-0.303218
0.513462	-6.665041
0.391317	-2.511206
1.333357	0.814485
-1.676156	0.396902
2.122675	-0.053144
-0.129493	-3.765025
-1.127137	-4.532631
1.642489	-0.012692
-1.230659	0.326733
1.020542	-4.890278
-0.050802	-2.980288
-0.854030	-5.458329
1.267139	0.200157
-1.559421	-0.019188
0.956997	-5.093351
0.183919	-3.481375
-2.024024	1.402248
1.571542	0.580197
-1.452569	0.746104
1.724039	2.724521
-0.297307	-3.004174
-0.719010	-5.923015
1.438621	-0.162562
-1.279007	-0.108746
0.614848	-6.313045
0.260109	-2.723217
1.184798	0.571466
-1.767897	0.110906
1.755204	-2.559200
-0.083539	-4.024512
-1.299375	-3.981525
1.726250	-0.105113
-1.153663	0.257524
0.941555	-5.138561
-0.051846	-2.832485
-0.787027	-5.684766
1.193913	0.139894
-1.633313	-0.133620
1.034219	-4.818483
0.191489	-3.674692
-2.115226	0.198511
1.699391	0.443304
-1.328435	0.893251
-0.473632	-2.140579
-0.369624	-7.138459
1.142432	-0.472056
-1.501012	-0.426223
0.695564	-5.968695
0.408754	-2.974662
-2.074903	0.630975
1.757827	0.591449
-1.305836	1.090289
-0.690558	-0.876089
0.174293	-7.566448
0.373473	-1.679344
0.672772	0.130937
0.443637	0.470288
-0.574146	-5.381434
-0.222878	0.784291
-0.719728	1.029943
-0.882992	1.900986
-0.886813	4.211602
1.039066	3.218009
0.953083	1.664165
1.120114	1.349866
-1.857424	1.448698
1.813956	1.339738
-1.248219	1.604848
-1.056063	2.254301
1.120210	2.709821
1.194027	1.746518
-1.788049	1.775340
1.740382	1.584127
-1.363540	1.788532
1.274540	3.774767
-1.155696	2.413619
1.172088	2.556717
1.318302	1.827869
-1.753316	1.661792
1.770437	1.729520
-1.256889	1.825182
-1.161807	2.682594
0.921838	4.417367
1.117539	2.297162
-1.232149	3.939610
1.358828	1.717589
-1.752369	1.468021
1.821821	1.703648
-1.130238	1.522221
-1.024075	2.348273
1.064465	2.581365
1.146343	1.620736
-1.803471	1.788255
1.733752	1.520124
-1.387237	1.743165
1.346078	3.572935
-1.133024	2.293406
-0.998378	4.149949
1.176356	2.697210
1.266009	1.853204
-1.761388	1.769232
1.743367	1.690080
-1.333112	1.848606
1.153139	4.127610
-1.183781	2.551786
0.880353	4.638546
1.170700	2.424384
-1.319570	3.621626
1.376325	1.810170
-1.729596	1.630954
1.774266	1.818764
-1.213355	1.809866
-1.148203	2.759095
0.931928	4.336400
1.085385	2.230747
1.325931	1.661750
-1.775322	1.368533
1.851436	1.587792
-1.091655	1.296766
-0.933529	1.516316
-1.007660	2.951348
0.846905	2.047323
0.524282	0.959839
-0.244219	1.270539
-0.780321	2.545063
0.765499	2.489632
0.191782	1.341301
-0.568324	1.038440
-0.865062	2.308527
0.937834	2.622587
0.799237	1.269033
0.500913	0.766924
-0.233557	1.096424
-0.775392	2.001912
0.969731	3.033056
0.836974	1.438054
0.633096	0.867574
-0.013937	1.037372
-0.651650	0.953637
-0.861440	1.771883
-0.955418	3.807410
0.996602	3.527946
0.882961	1.700193
0.777030	1.033307
0.482401	0.706687
-0.241461	1.024163
-0.771927	1.817208
-0.761404	4.551010
0.971687	3.371913
0.827049	1.559283
0.542384	0.847405
-0.194279	1.191106
-0.766425	2.101100
0.940815	2.902998
0.775874	1.332726
0.366268	0.783029
-0.019457	-6.462651
-0.357397	0.798833
-0.776506	1.374115
-0.943887	3.023487
0.742222	2.020594
0.114566	1.313928
-0.613868	1.095765
-0.880401	2.458907
0.883890	2.470385
0.625102	1.102618
-0.091212	1.287738
-0.730811	1.839289
0.951781	3.333969
0.786170	1.497775
0.365670	0.828022
0.003922	-6.443459
-0.367422	0.826582
-0.786017	1.490499
-0.951700	3.314224
0.730074	1.847683
0.087190	1.300760
-0.629685	1.137205
-0.887196	2.586783
0.832338	2.359849
0.430782	1.045440
-0.188795	-6.138412
-0.360859	1.149045
-0.813630	2.582450
0.771482	2.426376
0.208546	1.286560
-0.549238	0.966011
-0.852077	2.042919
1.012849	2.959391
0.942079	1.529690
1.125432	1.327465
-1.863177	1.370775
1.834350	1.303709
-1.207996	1.527060
-1.021101	2.106403
-0.942067	4.204913
1.118957	2.916397
1.127536	1.771273
-1.725949	2.237421
1.625728	1.615389
-1.543548	1.676382
1.635474	2.612653
-1.127639	1.943756
-1.154924	3.174771
1.134510	3.383369
1.103806	2.009108
-1.520859	3.042932
1.464233	1.670507
-1.690267	1.495924
1.794992	1.947204
-1.093195	1.483556
-1.009869	2.338571
1.054821	2.589339
1.123674	1.597619
-1.791344	1.910477
1.702165	1.527110
-1.442431	1.713655
1.476985	3.167024
-1.124384	2.143732
-1.114938	3.614918
1.183414	2.921491
1.201372	1.913284
-1.732914	2.083194
1.663868	1.691837
-1.482043	1.796241
1.537027	2.907955
-1.182526	2.233369
-1.157325	3.541078
1.220255	2.811033
1.267735	1.961759
-1.727437	1.981999
1.687927	1.766183
-1.427771	1.875726
1.441338	3.191410
-1.216820	2.409762
0.917160	4.598432
-1.112498	3.836285
1.230357	2.589950
-1.278326	3.689049
1.356397	1.930259
-1.713428	1.840454
1.718887	1.867587
-1.334873	1.943116
1.208485	3.904035
-1.230638	2.644620
1.132384	3.735698
1.210574	2.362091
-1.472375	3.096857
1.445058	1.856782
-1.680063	1.751299
1.728207	2.012751
-1.250936	1.961349
-1.213841	2.850934
1.155594	3.521531
1.173076	2.203183
-1.542159	2.900720
1.484531	1.777825
-1.664266	1.671711
1.738527	2.078433
-1.187641	1.882934
-1.169341	2.919515
1.084758	3.721019
1.102520	2.135153
-1.387991	3.469537
1.403485	1.683904
-1.729966	1.442779
1.823678	1.778152
-1.092869	1.399000
-0.977439	2.007939
-0.961616	4.049709
1.095501	3.063351
1.061805	1.752649
-1.554403	2.971092
1.478247	1.593702
-1.684000	1.412502
1.813809	1.944236
-1.035492	1.150910
-0.873083	0.978265
-0.837650	0.910349
-0.813551	0.726530
-0.704778	-0.171689
0.758167	-5.634338
-0.157901	-2.025562
-0.378797	-7.042892
0.779453	-0.506231
-1.683449	2.718073
1.507059	1.202577
-1.637728	1.034716
1.896595	1.873340
-0.679236	-1.340848
-0.054147	-7.748325
0.783265	-1.077277
-2.012424	0.400384
1.929652	0.462805
-1.026511	0.378254
-0.236648	-2.518711
-0.542975	-6.563906
1.150739	-0.157566
-1.600166	-0.296011
0.899098	-5.254618
0.285119	-3.450091
-2.100688	0.355331
1.736121	0.492814
-1.307971	0.985579
-0.579306	-1.563616
-0.139032	-7.663875
0.844179	-0.886114
-1.969183	-0.064413
2.012847	-0.222694
-0.667991	-1.908729
-0.288124	-7.340910
1.182678	-0.721027
-1.334706	-0.607996
0.443550	-6.861102
0.581009	-2.317421
-2.045960	-0.055816
1.916808	0.222676
-1.019059	0.201511
0.972120	-5.001780
-0.118235	-2.594025
-0.629816	-6.241746
1.106797	-0.039458
-1.712349	-0.272405
1.163503	-4.380143
0.167669	-3.940311
-1.980633	-1.492273
1.809537	0.106791
-1.144099	0.527032
-0.253888	-2.672956
-0.598610	-6.370598
1.249117	-0.114011
-1.473231	-0.187637
0.748106	-5.812629
0.301629	-3.080725
-1.874174	2.152950
1.518458	0.740297
-1.529591	0.725192
1.900019	2.041764
-0.290556	-3.131655
-0.771702	-5.727923
1.487050	-0.175508
-1.246506	-0.083764
0.615419	-6.310811
0.232305	-2.701268
1.135986	0.491116
-1.812469	0.087415
1.964121	-1.587050
-0.163934	-3.955721
-1.174864	-4.343536
1.716632	-0.277568
-1.103174	-0.044412
0.624700	-6.260202
0.119612	-2.586471
-0.972494	-4.999123
1.014487	0.196308
-1.922039	0.254541
2.041018	0.026718
-0.620751	-2.092004
-0.358853	-7.138955
1.248542	-0.649288
-1.267026	-0.633031
0.376913	-7.083333
0.610296	-2.142581
-2.044181	0.048241
1.915222	0.278856
-1.031464	0.293233
-0.172022	-2.597033
-0.600004	-6.357263
1.145356	-0.075794
-1.636667	-0.268245
0.981221	-4.976518
0.244870	-3.616655
-2.106559	-0.058719
1.755668	0.396979
-1.267187	0.909718
-0.521705	-1.831225
-0.245746	-7.470690
0.982571	-0.662296
-1.744485	-0.562878
1.165250	-4.331505
0.211771	-4.031906
-1.875416	-1.869766
1.891982	-0.416380
-0.889279	-0.834345
0.160347	-7.634770
0.583619	-1.615422
1.374048	1.012301
-1.691709	0.607205
2.073330	0.846179
-0.313128	-3.280974
-0.826450	-5.512257
1.557236	-0.292972
-1.169919	-0.191331
0.523044	-6.637054
0.274548	-2.498873
1.056979	0.461212
-1.908306	0.365361
2.041768	0.189052
-0.642170	-1.937986
-0.299135	-7.316912
1.177887	-0.684792
-1.357505	-0.568984
0.479143	-6.741956
0.550928	-2.409648
-2.060214	0.203074
1.870877	0.413828
-1.127167	0.756933
-0.470862	-1.917014
-0.278499	-7.391064
0.987967	-0.597657
-1.755951	-0.529903
1.209753	-4.196393
0.183789	-4.093152
-1.850555	-2.009613
1.883033	-0.385888
-0.913412	-0.700186
0.224991	-7.512190
0.490352	-1.788331
1.095306	0.747880
-1.899443	0.563613
2.019420	0.517602
-0.754597	-1.212827
-0.005497	-7.764799
0.764796	-1.190021
-2.016969	0.393874
1.923852	0.464539
-1.038834	0.439895
-0.272801	-2.473687
-0.515312	-6.662252
1.154698	-0.203502
-1.578253	-0.309621
0.854812	-5.408743
0.306753	-3.351917
-2.091273	0.558499
1.723583	0.543535
-1.331288	1.014218
-0.599463	-1.474226
-0.102142	-7.706499
0.794469	-0.974147
-2.009906	0.519997
1.913613	0.557123
-1.067404	0.629466
-0.403867	-2.125691
-0.361869	-7.163065
1.061342	-0.446892
-1.659105	-0.469687
0.963425	-5.005846
0.298142	-3.618835
-2.041640	-0.854121
1.862286	0.077812
-1.075041	0.327708
1.273640	-4.065468
