0.582177	1.668107
0.736877	0.943764
-0.821266	1.769873
0.765476	2.688690
-0.682744	1.056968
-0.499251	2.519247
0.598145	1.732495
0.750655	1.115713
-0.806549	1.689161
-0.674427	1.236134
-0.443531	2.918003
0.627639	1.598499
0.773103	1.314116
-0.788118	1.469887
-0.649074	1.457233
0.295595	3.480345
0.659325	1.377750
0.795168	1.551809
-0.764842	1.241786
-0.616407	1.660607
0.473393	2.740327
0.679598	1.168681
-0.713568	2.936315
0.811818	1.738338
-0.744449	1.059049
-0.590720	1.741079
0.503067	2.450668
0.680469	0.998503
-0.774481	2.667516
0.826992	1.737388
-0.735077	0.875895
-0.579943	1.559641
0.469009	2.473759
0.639870	0.793726
0.844019	1.284718
-0.740964	0.473205
-0.542806	0.317323
-0.506514	1.563394
0.462360	1.967892
0.481442	0.276396
0.460799	-0.072915
0.444306	-0.162888
0.382158	-0.290063
0.136486	-0.834328
-0.281133	-0.158779
-0.448557	1.386252
0.409734	1.783337
0.239458	-0.134586
-0.213649	-0.289048
-0.435954	1.251022
0.380888	1.842551
0.172767	-0.203470
-0.275415	0.566098
0.177833	2.314576
0.036631	-0.015218
-0.202405	1.991668
0.264089	0.708757
-0.178083	-0.026731
-0.266295	2.464589
0.412582	0.759530
0.108875	-0.586372
-0.316336	0.636709
0.211284	2.302449
0.051486	-0.071943
-0.228480	1.863936
0.282748	0.809467
-0.151882	-0.217746
-0.369087	1.873601
0.430803	1.196500
0.188782	-0.340739
-0.264647	0.142073
-0.196767	2.811216
0.408490	0.613908
0.100107	-0.645457
-0.321409	0.588040
0.197437	2.434715
0.087801	-0.033028
-0.237156	1.643869
0.271759	0.938807
-0.153825	-0.094814
-0.297028	2.294778
0.419486	0.860316
0.130862	-0.519646
-0.304065	0.553396
0.181682	2.449306
0.083115	-0.013457
-0.229569	1.693897
0.267778	0.896598
-0.161061	-0.053324
-0.270882	2.412073
0.408606	0.773495
0.096842	-0.602965
-0.322461	0.703187
0.229950	2.183901
0.028751	-0.112943
-0.233883	1.953206
0.298944	0.783336
-0.132109	-0.382818
-0.406503	1.352496
0.382229	1.625442
0.117911	-0.323717
-0.296722	1.028409
0.265331	1.588555
-0.077505	-0.168926
-0.281008	2.161318
0.381549	0.836103
0.026226	-0.679998
-0.357284	0.862533
0.276817	2.016209
0.027335	-0.211131
-0.267835	1.835003
0.325616	0.907764
-0.083485	-0.550791
-0.401471	1.014007
0.323777	1.965539
0.082959	-0.243827
-0.282847	1.451492
0.300227	1.156978
-0.100956	-0.340733
-0.375121	1.627467
0.401646	1.324525
0.113944	-0.415365
-0.306030	0.914935
0.257123	1.766921
-0.051380	-0.165876
-0.264514	2.146398
0.360105	0.794562
-0.022357	-0.709245
-0.380203	0.765490
0.263578	2.293168
0.101122	-0.115113
-0.261578	1.460093
0.280449	1.103687
-0.129600	-0.185650
-0.332356	2.057144
0.422535	1.015166
0.146092	-0.452709
-0.294982	0.506507
0.161432	2.528711
0.102344	0.021920
-0.233785	1.564634
0.260921	0.981097
-0.159281	0.011417
-0.209132	2.581848
0.366342	0.609960
-0.008762	-0.784168
-0.373640	0.591711
0.198381	2.671180
0.191539	0.054486
-0.255572	0.610321
0.179848	2.161703
-0.004512	0.003526
-0.175927	2.202208
0.256418	0.590698
-0.191883	0.040843
-0.214405	2.637621
0.385385	0.627371
0.036056	-0.744048
-0.353971	0.689372
0.236605	2.336899
0.085692	-0.090279
-0.249482	1.611970
0.282315	0.982135
-0.139232	-0.199009
-0.348682	1.983577
0.428014	1.088896
0.169182	-0.397042
-0.279953	0.315391
0.025278	2.916006
0.256806	0.254045
-0.201321	-0.140162
-0.376471	1.963143
0.449317	1.195046
0.257472	-0.234649
-0.174651	-0.655615
-0.410709	0.022994
-0.483563	1.271161
0.402395	2.065561
0.317627	0.030725
-0.079754	-0.950667
-0.369460	-0.203432
-0.469317	0.416497
-0.317487	2.814594
0.534180	0.985673
0.618634	0.351520
-0.832266	2.785301
0.879533	1.148545
-0.705839	-0.078582
-0.311244	-2.145781
0.382189	-4.433340
0.218479	-3.163192
-1.297429	0.513585
0.952312	-0.014490
-0.571004	-2.187914
-0.073932	-5.337890
0.605551	-1.894263
-0.925352	0.003989
1.275810	0.859067
-0.233823	-3.024085
-0.256984	-4.687375
0.293692	-2.337428
0.744066	-0.058924
-0.838959	0.612835
-0.544238	-0.106590
-0.427630	-0.772541
-0.155171	-2.849440
-0.139687	-4.648939
0.186392	-2.593148
0.377169	-0.825463
0.283598	-0.617328
-0.056453	-1.260244
-0.307682	-0.870157
-0.243128	-2.097710
0.650155	-3.465997
0.110394	-3.166144
0.493149	-0.714411
0.848189	0.454037
-0.727093	-0.371916
-0.091089	-3.534136
0.384806	-1.377011
0.626377	-0.070348
-0.952974	1.951759
0.927404	1.397678
-0.658071	-0.350435
-0.168824	-3.065094
-0.342053	-4.406248
0.246792	-2.327745
0.474555	-0.530762
0.697074	0.202965
-0.882953	1.587377
0.884016	2.212722
-0.659118	0.404684
-0.541603	0.821917
0.159937	3.322174
0.523315	0.633223
0.604932	0.253601
0.881635	1.039366
-0.702484	-0.203427
-0.230412	-2.737266
-0.009316	-4.851888
0.232232	-2.716842
0.696150	-0.209421
-0.888087	1.120092
0.876863	2.602615
-0.612512	0.245268
-0.520818	0.514752
-0.352435	2.776034
0.555266	1.105090
0.687009	0.540286
-0.863848	2.057444
0.865603	1.900996
-0.696703	0.502321
-0.553166	0.857559
0.163036	3.350706
0.539800	0.679314
0.667859	0.391591
-0.884330	2.109104
0.883461	1.698551
-0.692863	0.262466
-0.499596	-0.185108
-0.420523	-0.768528
-0.165967	-2.778638
-0.057282	-4.710143
0.178419	-2.674413
0.399158	-0.792568
0.385213	-0.402916
0.175055	-0.768330
-0.241811	-0.460573
-0.437750	0.270423
-0.401209	2.346953
0.523138	1.234478
0.574390	0.312869
0.830055	0.740756
-0.757536	0.212205
-0.441633	-1.037477
0.009689	-3.516661
0.476749	-0.918313
0.860350	0.424945
-0.710177	-0.577632
0.041256	-3.903092
-1.323129	-0.351465
0.887528	-0.309963
-0.638230	-1.820153
0.082569	-5.352148
0.595375	-2.153872
-0.922648	-0.242349
1.321386	-0.278948
-0.079468	-3.816941
0.589761	-0.828254
-1.006423	1.419129
1.004441	1.400246
-0.590716	-0.842804
0.089705	-3.827870
-1.311296	-0.438514
0.961128	-0.227626
-0.545839	-2.523292
-0.244469	-5.132614
0.671248	-1.550945
-0.859818	-0.375644
1.315167	-0.570843
-0.001787	-3.978524
-1.317469	-0.534936
0.852679	-0.386334
-0.680340	-1.465383
0.301300	-5.011858
0.525373	-2.666398
-0.976257	-0.228642
1.305792	-0.517712
-0.090198	-3.847713
0.608792	-0.810491
-0.979070	1.325576
1.006049	1.598143
-0.594339	-0.603955
-0.062197	-3.494629
0.374348	-1.343797
0.542324	-0.210330
0.857385	0.634064
-0.721835	-0.298668
-0.147165	-3.261183
-0.604306	-3.720111
0.285617	-1.999982
0.452199	-0.506740
0.562948	-0.029296
0.866590	0.743489
-0.713748	-0.307535
-0.148186	-3.246115
-0.583601	-3.781079
0.281698	-2.026528
0.448953	-0.517458
0.549213	-0.055946
0.840531	0.634798
-0.742824	-0.055298
-0.296876	-2.311001
0.271413	-4.664235
0.232591	-3.043801
-1.281958	0.772148
0.932951	0.004582
-0.596182	-1.971977
0.032381	-5.356695
0.580535	-2.106405
-0.944906	-0.001040
1.291754	0.618020
-0.226137	-3.103930
-0.327754	-4.554505
0.304094	-2.228281
0.723902	-0.068755
-0.861094	0.908308
-0.592714	0.311521
-0.528044	1.039506
0.344031	2.661959
0.445424	0.341235
0.264366	-0.403374
-0.138135	-0.937515
-0.356621	-0.642447
-0.305957	-1.679709
0.086100	-3.363962
0.564626	-0.620599
-1.044859	1.709322
0.967689	1.022278
-0.607584	-1.093498
0.763808	-3.510023
0.267370	-3.682882
-1.186127	-0.398683
1.235098	-0.538694
-0.201777	-3.781725
-0.909398	-2.940949
0.586068	-1.033221
-1.002041	1.248481
1.029470	1.467628
-0.574589	-0.842889
0.070711	-3.791726
-1.328002	0.132974
0.877295	-0.272096
-0.653672	-1.647830
0.189079	-5.225997
0.557956	-2.406865
-0.954085	-0.181902
1.318084	-0.189183
-0.117008	-3.705260
0.486755	-1.123478
-1.119492	1.641776
0.955266	0.597844
-0.599899	-1.499646
0.374256	-4.780664
0.441748	-2.960136
-1.061542	0.001363
1.286093	0.034620
-0.236420	-3.254565
-0.454684	-4.305953
0.353878	-1.956981
0.812666	0.115330
-0.759419	-0.246650
-0.152394	-3.279187
-0.608204	-3.723272
0.293781	-1.973732
0.479765	-0.445184
0.689072	0.203500
-0.888471	1.683524
0.891480	2.078455
-0.664938	0.340323
-0.530626	0.461830
-0.426291	2.404989
0.548067	1.345174
0.663288	0.541006
-0.861300	2.334477
0.870385	1.594271
-0.708102	0.339488
-0.518422	0.047830
-0.496415	0.378842
-0.423111	2.339695
0.536788	1.329100
0.627452	0.447171
-0.816529	2.814266
0.873713	1.213704
-0.712199	0.049269
-0.385014	-1.514793
0.146301	-3.523902
-1.317011	0.280055
0.923641	-0.140139
-0.600208	-2.040864
-0.018206	-5.371246
0.608849	-1.971344
-0.916612	-0.145249
1.316251	0.332926
-0.144022	-3.525620
0.384995	-1.509625
0.708693	0.041980
-0.876816	1.257574
0.847724	2.647908
-0.630939	0.432004
-0.538487	1.217421
0.395793	2.477357
0.482184	0.374665
0.443523	-0.085886
0.353047	-0.328026
0.056640	-1.049450
-0.320657	-0.107275
-0.460173	1.342502
0.407151	1.877134
0.261888	-0.084943
-0.180923	-0.532985
-0.428953	0.456948
-0.078434	3.239289
0.456773	0.580816
0.285889	-0.316081
-0.105254	-1.026838
-0.347631	-0.623908
-0.323159	-1.510533
0.053238	-3.384468
0.479383	-0.838108
0.840743	0.405765
-0.734911	-0.317645
-0.122112	-3.402770
0.324466	-1.707338
0.475875	-0.400932
0.651055	0.143841
-0.917299	1.995924
0.907648	1.589930
-0.674978	-0.022062
-0.372793	-1.568588
0.147815	-3.496938
-1.312301	0.442734
0.909920	-0.141791
-0.617952	-1.887647
0.060634	-5.355933
0.587674	-2.135427
-0.933868	-0.123508
1.316288	0.243098
-0.154293	-3.498071
0.376514	-1.571510
0.698156	0.014052
-0.886513	1.362071
0.887871	2.376501
-0.638429	0.355348
-0.535667	0.795764
0.144657	3.333107
0.517154	0.623181
0.578228	0.200055
0.855395	0.804230
-0.728891	-0.088710
-0.285837	-2.376055
0.236264	-4.711352
0.230616	-3.001748
-1.233844	1.286581
0.897491	-0.016340
-0.640343	-1.594101
0.245299	-5.113928
0.523290	-2.576740
-0.986932	-0.078351
1.309581	0.049157
-0.180186	-3.441670
-0.700674	-3.527635
0.367760	-1.686859
0.720171	0.028330
-0.865981	1.082162
-0.614312	0.449556
-0.530528	1.459819
0.449523	2.184742
0.513161	0.379993
0.601680	0.198777
-0.818498	2.914908
0.885736	1.024408
-0.697632	-0.266538
-0.190207	-2.987738
-0.241864	-4.618789
0.245418	-2.437681
0.549515	-0.404968
-0.988863	2.282297
0.914043	0.776140
-0.656892	-0.864659
0.985873	-2.659766
0.186112	-3.885431
-1.228574	-0.643877
1.191910	-0.506078
-0.243857	-3.791212
-0.848198	-3.213044
0.652230	-0.962446
-0.915345	0.706558
1.004435	2.248747
-0.533655	-0.551523
-0.165786	-2.929761
-0.209695	-4.605602
0.212808	-2.509959
0.435949	-0.657211
0.537062	-0.101955
0.816485	0.548713
-0.769843	0.213151
-0.434384	-1.136739
0.051770	-3.581771
0.636950	-0.552810
-0.949288	1.376320
0.977653	1.789873
-0.614071	-0.297770
-0.249197	-2.494168
0.186055	-4.721627
0.206304	-2.938840
0.737937	-0.195822
-0.841749	0.528612
-0.519998	-0.399953
-0.279608	-2.142822
0.455741	-4.172194
0.172752	-3.185049
0.774158	-0.204419
-0.795456	-0.057037
-0.256506	-2.681335
0.022333	-4.897024
0.251169	-2.741695
0.812222	-0.049289
-0.752107	-0.452229
-0.012809	-3.832161
0.695810	-0.558640
-0.878899	0.666691
-0.540853	-0.320372
-0.308981	-1.934310
0.598561	-3.783545
0.164479	-3.305640
0.832649	-0.161347
-0.718796	-0.902160
0.809300	-3.385182
0.283354	-3.779559
-1.149292	-0.489382
1.239125	-0.923311
-0.113510	-4.065647
-1.161939	-1.856303
0.804993	-0.570248
-0.734825	-1.019853
0.655114	-3.952624
0.375229	-3.507446
-1.078538	-0.382901
1.249661	-1.066361
-0.060237	-4.105007
-1.225647	-1.457371
0.879416	-0.452083
-0.640904	-1.893345
0.030367	-5.387273
0.624090	-2.018619
-0.893578	-0.407486
1.256042	-1.221058
0.031793	-4.082462
-1.261771	-1.071081
1.009036	-0.340201
-0.470470	-3.065328
-0.471609	-4.560078
0.726283	-1.215530
-0.805748	-0.709431
0.952742	-2.839917
0.224289	-3.991073
-1.170624	-0.692108
1.216114	-1.079169
-0.096627	-4.192916
-1.155830	-1.880699
0.936608	-0.489369
-0.557539	-2.607489
-0.307442	-5.021040
0.734351	-1.397375
-0.783764	-1.088253
0.545345	-4.343187
0.459957	-3.212834
-1.002532	-0.485909
1.169343	-1.775473
0.071669	-4.250547
-1.209918	-1.190462
1.163008	-0.713650
-0.226726	-4.012549
-0.957333	-2.824344
0.832710	-0.690014
-0.690739	-1.572102
0.206399	-5.215791
0.577217	-2.394965
-0.928958	-0.384639
1.252355	-1.234481
0.019198	-4.100208
-1.257168	-1.130745
0.998415	-0.350967
-0.483807	-2.998695
-0.447417	-4.635111
0.728039	-1.241452
-0.801855	-0.772212
0.877055	-3.144496
0.268351	-3.904447
-1.140918	-0.606479
1.215649	-1.234103
-0.054433	-4.240786
-1.186226	-1.666026
1.008728	-0.467388
-0.454071	-3.230702
-0.551822	-4.319535
0.777950	-1.087410
-0.742623	-1.307824
0.374557	-4.851238
0.528494	-2.786141
-0.959083	-0.448865
1.190608	-1.664884
0.063710	-4.194557
-1.225972	-1.161627
1.132442	-0.540225
-0.290034	-3.821062
-0.827932	-3.328710
0.772482	-0.836166
-0.764477	-0.886265
0.773779	-3.531176
0.318795	-3.734059
-1.113260	-0.488495
1.229918	-1.182043
-0.053506	-4.185510
-1.202165	-1.588810
0.961195	-0.437059
-0.527026	-2.786971
-0.374859	-4.848749
0.739513	-1.311489
-0.782142	-1.043025
0.590300	-4.191202
0.433806	-3.330097
-1.022914	-0.466025
1.192569	-1.614135
0.042933	-4.246065
-1.215613	-1.271017
1.129840	-0.578616
-0.285440	-3.859257
-0.848985	-3.253093
0.798492	-0.798501
-0.731313	-1.223509
0.458101	-4.604118
0.479641	-3.027248
-1.000699	-0.356367
1.253457	-1.162893
-0.016190	-4.111162
-1.249022	-1.252748
0.944196	-0.383415
-0.556313	-2.549826
-0.272743	-5.089456
0.706204	-1.470852
-0.817927	-0.770323
0.866152	-3.189864
0.279408	-3.895769
-1.129286	-0.606291
1.207252	-1.347176
-0.029436	-4.278690
-1.192234	-1.579103
1.062697	-0.508005
-0.374029	-3.597952
-0.708014	-3.782097
0.804599	-0.917253
-0.716081	-1.468685
0.262512	-5.116719
0.567168	-2.513200
-0.932237	-0.449864
1.194901	-1.647930
0.066932	-4.169068
-1.231720	-1.126565
1.125069	-0.502431
-0.304728	-3.766546
-0.795586	-3.447817
0.758606	-0.874524
-0.781124	-0.727597
0.954943	-2.826525
0.218909	-3.974492
-1.179807	-0.681684
1.219185	-0.968975
-0.121976	-4.131153
-1.131717	-2.021960
0.869984	-0.536044
-0.648692	-1.877481
0.032631	-5.390952
0.630340	-2.010964
-0.885674	-0.480593
1.185626	-1.716852
0.084729	-4.134463
-1.235062	-1.049893
1.135169	-0.501584
-0.295059	-3.777617
-0.804975	-3.408961
0.745321	-0.879060
-0.798626	-0.533336
1.235401	-1.392637
0.081916	-4.043631
-1.258822	-0.942074
1.083980	-0.353190
-0.374333	-3.484060
-0.643806	-3.985571
0.716307	-1.051809
-0.827896	-0.331686
-0.049089	-3.809115
0.614457	-0.737879
-0.973887	1.358581
0.998108	1.623720
-0.600363	-0.546094
-0.094782	-3.369936
0.308196	-1.696687
0.378124	-0.599184
0.204610	-0.747311
-0.197163	-0.777844
-0.372433	-0.646728
-0.287845	-1.859426
0.112863	-3.308546
0.618068	-0.492865
-0.974244	1.580526
0.970567	1.529066
-0.620791	-0.523717
-0.087401	-3.425426
0.331572	-1.571727
0.429584	-0.464623
0.412471	-0.290264
0.259103	-0.550897
-0.124406	-1.060895
-0.330542	-0.890677
-0.207385	-2.385337
0.341557	-4.319556
0.131446	-2.997061
0.443186	-0.780974
0.639915	0.056383
-0.932282	1.991166
0.916002	1.495350
-0.668705	-0.167032
-0.285465	-2.297180
0.301985	-4.577287
0.214280	-3.071429
0.874584	-0.055788
-0.668278	-1.351903
0.408751	-4.723096
0.467968	-2.967521
-1.024704	-0.171356
1.300080	-0.404770
-0.137160	-3.721356
0.500173	-1.126114
-1.122316	1.484975
0.982419	0.702723
-0.575413	-1.603284
0.325365	-4.890379
0.445508	-2.874657
-1.065124	0.084995
1.275212	0.210880
-0.273820	-3.028388
-0.267291	-4.747706
0.338439	-2.225743
0.895989	0.167268
-0.651450	-1.357523
0.425706	-4.665423
0.450521	-3.026989
-1.042183	-0.134790
1.297283	-0.307045
-0.163439	-3.623788
0.446762	-1.335748
-1.040380	2.236021
0.909688	0.412011
-0.645998	-1.233089
0.546749	-4.286105
0.389736	-3.315411
-1.089024	-0.199018
1.280483	-0.483079
-0.160586	-3.726876
0.512102	-1.138814
-1.112159	1.403385
1.002299	0.807947
-0.561016	-1.612937
0.340571	-4.842165
0.429524	-2.931383
-1.081131	0.093329
1.268943	0.189689
-0.280683	-3.022661
-0.265261	-4.763350
0.345275	-2.212803
-1.178972	1.560534
0.918076	0.199289
-0.624791	-1.583102
0.273334	-5.045046
0.500544	-2.673178
-1.009305	-0.016292
1.300168	0.146205
-0.216642	-3.271540
-0.484124	-4.196724
0.339324	-1.962230
0.738269	0.003985
-0.847045	0.784773
-0.576985	0.240034
-0.521898	0.834216
0.234232	3.074496
0.470870	0.469337
0.368303	-0.196840
0.074908	-0.959785
-0.319983	0.036412
-0.402307	2.071785
0.484496	1.268729
0.414143	0.028163
0.186929	-0.628515
-0.244233	-0.338661
-0.450098	0.803836
0.279002	2.587738
0.262888	0.075807
-0.189110	-0.377017
-0.434562	1.037171
0.340845	2.086294
0.158243	-0.153041
-0.276570	0.818711
0.225846	1.835702
-0.058605	-0.051217
-0.200312	2.346728
0.309661	0.605025
-0.120971	-0.544650
-0.416358	0.832325
0.288690	2.335835
0.156694	-0.081093
-0.270219	0.921963
0.234357	1.664503
-0.085717	-0.025349
-0.190745	2.441607
0.314547	0.572788
-0.112758	-0.599717
-0.413330	0.689804
0.237750	2.639063
0.222557	0.056426
-0.238118	0.174178
-0.108785	2.878382
0.334070	0.438710
-0.073014	-0.792813
-0.392071	0.310850
-0.239031	2.928182
0.486310	0.771528
0.412313	-0.066806
0.199547	-0.624787
-0.225796	-0.496746
-0.433012	0.242677
-0.415280	2.242335
0.517863	1.298558
0.556808	0.290795
0.790730	0.595965
-0.799113	0.662014
-0.567265	0.404072
-0.505045	1.739494
0.490824	1.868248
0.547637	0.387953
0.743682	0.497095
-0.841304	1.273283
-0.638744	0.818035
-0.456503	2.561886
0.586164	1.510454
0.744709	0.903641
-0.822392	1.627048
0.699378	3.061650
-0.670929	1.064620
-0.464406	2.711184
0.609380	1.598361
0.764505	1.142629
-0.801359	1.506884
-0.656951	1.306206
-0.301176	3.431803
0.643986	1.412966
0.791181	1.398544
-0.775727	1.250889
-0.623669	1.539875
0.431685	2.924234
0.668551	1.163513
0.813901	1.606549
-0.751405	1.009533
-0.593804	1.602322
0.474087	2.561338
0.661907	0.931422
-0.697455	3.131120
0.834904	1.518031
-0.741002	0.716405
-0.576327	1.125013
0.338164	2.947322
0.569636	0.673716
0.765711	0.641238
-0.821660	1.090999
-0.620954	0.925462
-0.312289	3.193637
0.607534	1.195431
0.786621	0.991836
-0.796934	1.082296
-0.617424	1.183201
0.256689	3.390025
0.627931	1.017082
0.817992	1.160814
-0.767363	0.746578
-0.582292	0.938875
0.130484	3.491595
0.580486	0.832320
0.773290	0.725976
-0.813950	1.057676
-0.617172	0.976522
-0.212798	3.456496
0.611081	1.112378
0.796589	1.010850
-0.788880	0.950140
-0.603982	1.111035
0.251213	3.341861
0.610676	0.912302
0.813293	0.992259
-0.775042	0.688429
-0.575339	0.713693
-0.314943	3.047833
0.580071	1.093547
0.750657	0.739058
-0.828711	1.405359
-0.651542	0.991303
-0.420062	2.860506
0.610110	1.440782
0.773556	1.081924
-0.801064	1.337502
-0.641352	1.286390
0.149677	3.699637
0.645270	1.248845
0.805058	1.366972
-0.769446	1.045011
-0.605405	1.443803
0.425824	2.809116
0.648414	0.949720
0.831792	1.368724
-0.749378	0.684365
-0.574722	0.951677
0.199860	3.346115
0.568347	0.756179
0.752137	0.626144
-0.831947	1.277363
-0.639619	0.922884
-0.406892	2.868945
0.604860	1.381427
0.772089	1.016024
-0.804953	1.312655
-0.640105	1.233698
0.001858	3.785654
0.640187	1.232776
0.805164	1.311045
-0.772018	1.016148
-0.604642	1.383150
0.407310	2.867196
0.639613	0.921779
0.832124	1.275092
-0.752064	0.627426
-0.568222	0.755486
-0.202630	3.340167
0.574833	0.952844
0.749373	0.682367
-0.831712	1.371997
-0.648497	0.951258
-0.426205	2.807152
0.605422	1.444632
0.769385	1.042723
-0.804936	1.372179
-0.645447	1.249539
-0.158746	3.687267
0.641443	1.287268
0.800853	1.336727
-0.773569	1.087735
-0.610244	1.444306
0.420697	2.860613
0.652147	0.992258
0.828563	1.409006
-0.750558	0.747543
-0.580364	1.110046
0.322901	3.022853
0.576758	0.710524
0.778319	0.699342
-0.810250	0.955622
-0.606400	0.894698
-0.246435	3.340889
0.601167	1.092712
0.786646	0.920189
-0.799028	1.025460
-0.612511	1.102316
0.180905	3.521860
0.617663	0.992862
0.812688	1.059487
-0.774379	0.751316
-0.583137	0.880519
-0.030042	3.578381
0.583585	0.900725
0.773085	0.753413
-0.813517	1.085010
-0.619926	1.006837
-0.188133	3.516855
0.614477	1.114655
0.799675	1.042952
-0.785616	0.926804
-0.601468	1.111655
0.264262	3.297957
0.607976	0.889540
0.812508	0.967256
-0.776095	0.680664
-0.574030	0.679012
-0.350450	2.908953
0.577783	1.154038
0.742522	0.730362
-0.833273	1.514059
-0.661385	0.949486
-0.467724	2.608074
0.597340	1.580575
0.755532	1.028796
-0.811188	1.563028
-0.664033	1.194820
-0.401401	3.060495
0.629667	1.486400
0.781861	1.283179
-0.786592	1.331601
-0.635858	1.448994
0.365885	3.208876
0.660811	1.238054
0.807458	1.531728
-0.759510	1.072689
-0.601905	1.586663
0.466523	2.647639
0.665525	0.990680
-0.688102	3.145123
0.829498	1.558604
-0.743266	0.799002
-0.581493	1.310405
0.405156	2.720935
0.598219	0.709826
0.818423	0.886365
-0.770975	0.523750
-0.545925	0.222963
-0.516822	1.056062
0.353431	2.550224
0.409090	0.259180
0.131079	-0.687391
-0.299747	0.213896
-0.157219	2.939860
0.404578	0.560506
0.090761	-0.678978
-0.326420	0.586443
0.197709	2.458635
0.097041	-0.028241
-0.241356	1.573494
0.269909	0.989100
-0.151043	-0.079723
-0.281766	2.349587
0.410950	0.809938
0.103891	-0.580154
-0.318603	0.692459
0.225986	2.191867
0.027972	-0.105597
-0.230972	1.964939
0.296634	0.773832
-0.135841	-0.364509
-0.405252	1.399876
0.388868	1.582578
0.125526	-0.327641
-0.296096	0.945731
0.254766	1.695523
-0.067035	-0.140887
-0.258121	2.217129
0.362457	0.763436
-0.017847	-0.723382
-0.378330	0.736853
0.255355	2.343987
0.110120	-0.093536
-0.260892	1.402140
0.274169	1.146129
-0.131254	-0.136639
-0.304132	2.207787
0.414342	0.893980
0.115297	-0.536831
-0.312167	0.676497
0.219884	2.200894
0.026107	-0.093927
-0.226176	1.986126
0.293181	0.755676
-0.141582	-0.335703
-0.402285	1.479879
0.399099	1.515132
0.139352	-0.329493
-0.293294	0.793131
0.232271	1.922887
-0.036607	-0.100927
-0.224651	2.223922
0.321740	0.681735
-0.098707	-0.605371
-0.409073	0.755429
0.264545	2.458350
0.172374	-0.032283
-0.265241	0.778603
0.213430	1.873042
-0.056930	-0.012694
-0.175912	2.382179
0.284760	0.549637
-0.160919	-0.317835
-0.410652	1.450545
0.399883	1.568540
0.152671	-0.297885
-0.287415	0.684825
0.210622	2.103309
-0.006483	-0.067594
-0.207833	2.158688
0.291254	0.662031
-0.148384	-0.343871
-0.408732	1.413314
0.392948	1.587330
0.137553	-0.312380
-0.292599	0.839592
0.238603	1.842955
-0.049644	-0.106520
-0.230910	2.248627
0.333347	0.690321
-0.077251	-0.671251
-0.401138	0.661361
0.227329	2.639906
0.208832	0.048505
-0.248301	0.363891
0.083036	2.694784
0.151810	0.134643
-0.243246	1.157784
0.235964	1.328981
-0.134453	0.123688
-0.088096	2.650986
0.241158	0.370754
-0.214782	0.152485
-0.109017	2.831588
0.318189	0.426808
-0.104384	-0.703389
-0.405143	0.394306
-0.121915	3.162139
0.454174	0.603526
0.272059	-0.334827
-0.132267	-0.932844
-0.360298	-0.574514
-0.336638	-1.407137
0.033474	-3.386988
0.433077	-0.978400
0.682052	0.093130
-0.898037	1.643382
0.904370	2.032019
-0.658610	0.241645
-0.507160	0.039606
-0.496890	0.448262
-0.358787	2.697302
0.546404	1.105016
0.658576	0.467722
-0.873003	2.299448
0.877218	1.557553
-0.703251	0.248440
-0.489329	-0.356290
-0.336865	-1.615989
0.111053	-3.437485
0.720376	-0.352026
-0.857165	0.585796
-0.529630	-0.349450
-0.301476	-1.980774
0.568455	-3.868632
0.165433	-3.279341
0.816261	-0.173963
-0.740294	-0.675282
1.112842	-2.104500
0.141273	-4.001308
-1.237654	-0.812550
1.166381	-0.498556
-0.267232	-3.789351
-0.827131	-3.309666
0.694867	-0.919495
-0.863015	0.176958
-0.358512	-2.004495
0.402431	-4.458848
0.254615	-3.200727
-1.274986	0.043666
1.086903	0.023383
-0.417411	-3.033346
-0.394433	-4.708085
0.574170	-1.523308
-0.989208	0.810237
1.104033	1.491611
-0.518979	-1.023998
0.107192	-3.747968
-1.317003	-0.264113
0.954541	-0.199176
-0.556403	-2.428340
-0.200773	-5.208594
0.658336	-1.626906
-0.872368	-0.304352
1.329718	-0.068720
-0.049428	-3.860413
0.660360	-0.661683
-0.917749	1.001288
0.975195	2.191564
-0.585587	-0.147739
-0.372775	-1.428164
0.094463	-3.513458
0.722228	-0.374183
-0.854059	0.528999
-0.514478	-0.503415
-0.218623	-2.577289
0.139070	-4.721150
0.186491	-2.879586
0.591617	-0.425629
-1.007668	1.781541
0.957257	1.196030
-0.624951	-0.807173
0.109303	-3.876898
-1.285745	-0.658582
1.046147	-0.242217
-0.434425	-3.176014
-0.501716	-4.449848
0.687018	-1.227705
-0.856864	-0.145945
-0.163203	-3.345014
-0.648898	-3.635080
0.321111	-1.862546
0.562120	-0.268794
-0.962089	2.381998
0.908830	0.829293
-0.665182	-0.745265
0.113959	-3.922490
-1.272186	-0.742108
1.083226	-0.287034
-0.384722	-3.400542
-0.598225	-4.131796
0.686625	-1.130161
-0.862593	-0.000627
-0.253387	-2.798818
-0.071019	-4.896071
0.269365	-2.609826
0.809346	-0.024904
-0.757250	-0.374111
-0.064328	-3.674830
0.488877	-1.021997
-1.085578	1.895695
0.931725	0.565571
-0.626137	-1.301836
0.510933	-4.391721
0.396242	-3.251302
-1.088982	-0.145378
1.282430	-0.345416
-0.184203	-3.607824
-0.842182	-3.102345
0.451339	-1.368640
-1.126678	1.720440
0.936410	0.459101
-0.615118	-1.477800
0.370762	-4.799824
0.452578	-2.935534
-1.049288	-0.027054
1.292206	-0.010519
-0.219582	-3.329807
-0.532899	-4.080040
0.360429	-1.855414
0.784777	0.095730
-0.794796	0.167149
-0.394144	-1.571867
0.754143	-3.369353
0.181076	-3.501436
-1.302097	-0.128789
1.025244	-0.090325
-0.475493	-2.866864
-0.359263	-4.845774
0.642272	-1.451694
-0.902645	0.160799
1.132405	1.871423
-0.331094	-2.294936
0.226280	-4.813372
0.276668	-2.978017
-1.276921	0.279152
1.051120	0.096604
-0.461919	-2.789250
-0.294805	-4.967067
0.580926	-1.634649
-0.972729	0.616594
1.134784	1.497106
-0.483465	-1.215193
0.159918	-3.686303
-1.288822	-0.412569
1.066816	-0.168236
-0.418557	-3.187550
-0.492926	-4.460492
0.650021	-1.286501
-0.901582	0.288232
-0.396607	-1.757704
0.532118	-4.131761
0.245550	-3.352979
-1.263644	-0.119965
1.125397	-0.051674
-0.371526	-3.229012
-0.478349	-4.450526
0.556724	-1.460724
-1.019631	0.997783
1.081332	1.356193
-0.534191	-1.119575
0.940684	-2.779714
0.181480	-3.739154
-1.260946	-0.508432
1.139420	-0.262414
-0.330381	-3.506101
-0.640706	-3.954458
0.617397	-1.189092
-0.949135	0.815194
1.062409	1.824728
-0.540001	-0.664548
-0.085504	-3.336424
0.295128	-1.729765
0.331553	-0.713661
0.080662	-1.130220
-0.290619	-0.400521
-0.441853	0.119981
-0.482904	1.506648
0.444519	1.871541
0.388095	0.098465
0.085832	-0.835450
-0.323824	0.266798
-0.122027	3.023735
0.400048	0.521480
0.079664	-0.711564
-0.332208	0.587530
0.199062	2.480281
0.106576	-0.023256
-0.245625	1.496302
0.267571	1.047081
-0.147527	-0.062331
-0.264240	2.404360
0.399528	0.755550
0.071129	-0.650669
-0.335635	0.772843
0.250082	2.095639
0.020829	-0.156727
-0.248322	1.940744
0.314954	0.819720
-0.105751	-0.506786
-0.408635	1.049493
0.333415	1.947923
0.095664	-0.243379
-0.284555	1.350905
0.291172	1.237458
-0.102913	-0.277952
-0.354265	1.825358
0.411636	1.161586
0.123328	-0.448854
-0.305368	0.763120
0.233917	2.010874
-0.015011	-0.120386
-0.232135	2.130398
0.318160	0.720755
-0.104134	-0.563989
-0.410698	0.863317
0.295728	2.248157
0.132322	-0.123196
-0.272362	1.151422
0.260100	1.392388
-0.112079	-0.083881
-0.249820	2.366420
0.375426	0.719822
0.010916	-0.734453
-0.365609	0.739894
0.253100	2.281725
0.083777	-0.116838
-0.254894	1.600660
0.287123	0.999075
-0.132314	-0.242277
-0.363080	1.857344
0.423648	1.180173
0.162604	-0.384427
-0.284655	0.421859
0.116748	2.697419
0.155390	0.100193
-0.249156	1.097148
0.235695	1.404150
-0.124713	0.089017
-0.114749	2.622624
0.262150	0.415763
-0.192959	-0.105626
-0.347296	2.136611
0.447931	1.048120
0.239996	-0.294554
-0.199597	-0.508973
-0.432415	0.408654
-0.197157	3.091655
0.493927	0.737345
0.452226	-0.005085
0.375932	-0.272866
0.112111	-0.891608
-0.298271	-0.056043
-0.428786	1.765152
0.458103	1.475157
0.335017	-0.060071
-0.029873	-1.049339
-0.352293	-0.182974
-0.472575	0.684633
0.180244	3.074810
0.402989	0.361073
0.100428	-0.721493
-0.320045	0.421248
0.101767	2.858529
0.226210	0.167566
-0.233065	0.223263
-0.040610	2.873104
0.273063	0.323073
-0.179726	-0.303538
-0.419503	1.400290
0.397125	1.642115
0.161987	-0.267658
-0.282500	0.614520
0.193200	2.231648
0.019140	-0.040713
-0.203532	2.066397
0.274161	0.683317
-0.169174	-0.149224
-0.349567	2.061799
0.439569	1.072224
0.209323	-0.337820
-0.241862	-0.143919
-0.416185	1.719800
0.443623	1.440266
0.271622	-0.162810
-0.155406	-0.736859
-0.398195	-0.114693
-0.481036	0.637078
0.090893	3.278553
0.455840	0.501490
0.290175	-0.324820
-0.094352	-1.063408
-0.342811	-0.637261
-0.320971	-1.521680
0.054300	-3.380690
0.479457	-0.835919
0.840246	0.405814
-0.735523	-0.310887
-0.126268	-3.383401
0.318151	-1.750969
0.468075	-0.424614
0.618218	0.082687
-0.938307	2.199905
0.909282	1.238695
-0.674823	-0.329356
-0.167881	-3.090878
-0.370270	-4.348379
0.252436	-2.288442
0.475916	-0.519467
0.699339	0.208499
-0.881153	1.566385
0.880826	2.249208
-0.657929	0.426376
-0.543582	0.922278
0.266020	3.053090
0.505665	0.534938
0.536136	0.107040
0.763058	0.470996
-0.825927	0.956629
-0.605988	0.734660
-0.411276	2.712847
0.583945	1.334999
0.746487	0.824035
-0.826581	1.537299
-0.663390	1.023126
-0.450873	2.746633
0.608401	1.541446
0.766804	1.107268
-0.802661	1.452057
-0.652241	1.289268
-0.248645	3.547929
0.643941	1.360536
0.795371	1.381272
-0.774505	1.184934
-0.617898	1.513785
0.432605	2.877228
0.664468	1.093500
0.820124	1.551945
-0.750309	0.912715
-0.589322	1.464864
0.444255	2.628240
0.634928	0.821158
0.839536	1.230771
-0.746309	0.497171
-0.546652	0.358149
-0.499498	1.727597
0.486797	1.843192
0.528783	0.343808
0.680330	0.345636
-0.884571	1.928584
0.884702	1.881872
-0.683081	0.331654
-0.524551	0.250598
-0.507029	1.410848
0.435349	2.076556
0.429288	0.203593
0.216102	-0.525992
-0.212438	-0.543247
-0.426405	0.159774
-0.456661	1.854245
0.487050	1.569614
0.469747	0.178890
0.420926	-0.160137
0.260768	-0.517962
-0.126643	-1.037979
-0.335550	-0.845008
-0.225003	-2.274890
0.438245	-4.105192
0.128084	-3.073434
0.487798	-0.697277
0.821992	0.402876
-0.758867	-0.038156
-0.294639	-2.350833
0.242423	-4.716940
0.237630	-3.009371
-1.278244	0.814740
0.931574	0.012047
-0.598452	-1.946889
0.045595	-5.351662
0.576756	-2.133705
-0.948133	0.001703
1.292325	0.598197
-0.227550	-3.100266
-0.324156	-4.563709
0.304561	-2.232166
0.729245	-0.059937
-0.855582	0.837084
-0.583489	0.257428
-0.523750	0.859996
0.251537	3.024797
0.468248	0.454324
0.357425	-0.219141
0.048838	-1.026164
-0.328381	-0.029287
-0.443659	1.682331
0.454212	1.579556
0.342077	-0.029495
-0.017231	-1.036795
-0.352294	-0.099972
-0.473261	1.122504
0.369498	2.175354
0.266891	-0.014082
-0.177416	-0.520039
-0.429894	0.534197
0.077226	3.180733
0.395388	0.396802
0.074677	-0.761199
-0.334081	0.504657
0.158070	2.705036
0.175686	0.075664
-0.255933	0.835450
0.214588	1.759071
-0.077823	0.033394
-0.147749	2.474991
0.267071	0.484589
-0.185441	-0.134701
-0.357242	2.055699
0.445689	1.101192
0.234877	-0.290370
-0.208511	-0.434511
-0.439953	0.655467
0.200190	2.908307
0.325446	0.223829
-0.079716	-0.869054
-0.383003	0.037741
-0.464167	1.586570
0.449748	1.726008
0.362751	0.030884
0.025539	-0.975162
-0.346056	0.129609
-0.367105	2.357347
0.498172	1.096159
0.462970	0.079563
0.410534	-0.195226
0.223420	-0.603889
-0.187586	-0.762886
-0.381388	-0.499264
-0.355814	-1.257161
-0.001491	-3.354033
0.352293	-1.275741
0.371852	-0.523862
0.158311	-0.845529
-0.253281	-0.420371
-0.443246	0.353039
-0.326127	2.732693
0.525667	0.991228
0.584195	0.283478
0.852549	0.835838
-0.732799	-0.018515
-0.328439	-2.044521
0.433582	-4.324717
0.220358	-3.221741
-1.300431	0.249258
0.994005	-0.007823
-0.519829	-2.546476
-0.223436	-5.145457
0.622030	-1.654470
-0.917668	0.136130
1.207686	1.395805
-0.311622	-2.469886
0.125359	-4.925871
0.282125	-2.845101
-1.278568	0.508988
1.005513	0.114428
-0.514429	-2.489742
-0.182081	-5.197723
0.592234	-1.764589
-0.949926	0.334393
1.188615	1.376537
-0.396173	-1.869578
0.434198	-4.424637
0.275980	-3.239458
-1.246331	-0.029501
1.148177	-0.002492
-0.357089	-3.202242
-0.448034	-4.509678
0.514665	-1.579415
-1.079620	1.052468
1.077388	1.041250
-0.515627	-1.587452
0.436231	-4.545091
0.361611	-3.182988
-1.144488	0.013439
1.247242	-0.008616
-0.278541	-3.212336
-0.414775	-4.472275
0.391250	-1.906982
-1.190532	1.373164
0.948568	0.320115
-0.593509	-1.762177
0.179349	-5.203167
0.515939	-2.483836
-1.003895	0.110901
1.279369	0.507159
-0.280677	-2.851574
-0.131970	-4.917364
0.310840	-2.465390
-1.193545	1.502836
0.911603	0.130002
-0.629602	-1.588918
0.262337	-5.071688
0.508558	-2.637063
-1.001631	-0.032980
1.303145	0.129568
-0.206823	-3.315779
-0.533320	-4.053528
0.343877	-1.899090
0.721993	-0.008335
-0.863899	1.011041
-0.606077	0.406905
-0.530029	1.357054
0.428699	2.268532
0.483571	0.337919
0.458534	-0.066541
0.429330	-0.188623
0.310560	-0.427614
-0.030277	-1.198146
-0.324482	-0.567771
-0.368707	-1.011948
-0.099675	-3.039840
-0.513503	-3.834034
0.205456	-2.258756
0.254917	-1.089758
-0.012212	-1.476806
-0.259220	-1.147483
-0.176439	-2.447686
0.300363	-4.342864
0.111007	-2.912522
0.323187	-1.112733
0.169714	-0.991022
-0.208969	-0.843164
-0.344364	-1.002808
-0.135102	-2.830976
-0.151234	-4.592472
0.168668	-2.581018
0.305261	-1.036916
0.092811	-1.216877
-0.262469	-0.672535
-0.369445	-0.862703
-0.175574	-2.646895
0.081824	-4.683860
0.156746	-2.796463
0.396896	-0.836991
0.393682	-0.394863
0.206631	-0.690415
-0.203637	-0.702709
-0.391235	-0.417388
-0.387091	-0.943741
-0.111259	-3.015698
-0.429587	-4.078774
0.202885	-2.320390
0.277709	-1.032952
0.024670	-1.403514
-0.268840	-0.912095
-0.265345	-1.856004
0.078968	-3.252728
0.454354	-0.848016
0.732408	0.204209
-0.854702	1.115118
-0.620601	0.593139
-0.507641	1.987899
0.529371	1.798207
0.645458	0.612744
-0.809352	2.748314
0.862683	1.370975
-0.721426	0.295604
-0.498151	-0.290072
-0.367181	-1.342669
0.051597	-3.470009
0.542115	-0.715577
-1.068457	1.732367
0.961079	0.856525
-0.606696	-1.238727
0.602694	-4.079183
0.342787	-3.444216
-1.132975	-0.215849
1.264638	-0.434106
-0.191887	-3.669869
-0.867040	-3.046449
0.495858	-1.245315
-1.130028	1.361791
1.001713	0.725819
-0.556620	-1.713896
0.268063	-5.008772
0.454115	-2.765963
-1.063746	0.169743
1.262524	0.376782
-0.307570	-2.802285
-0.116430	-4.977521
0.334694	-2.438899
-1.250415	0.835631
0.989851	0.222282
-0.539428	-2.243697
-0.066196	-5.314359
0.566847	-1.981897
-0.970252	0.310197
1.216215	1.141493
-0.378337	-2.060635
0.317675	-4.701162
0.295874	-3.081947
-1.244332	0.100074
1.136503	0.081335
-0.377045	-3.081241
-0.383371	-4.686130
0.507669	-1.670324
-1.083262	0.998267
1.088014	1.015861
-0.506286	-1.647285
0.403830	-4.629201
0.367916	-3.126743
-1.143194	0.055329
1.243470	0.056025
-0.291050	-3.132495
-0.356777	-4.616329
0.384994	-1.996034
-1.208335	1.208520
0.965003	0.320253
-0.573909	-1.918099
0.097235	-5.293698
0.532602	-2.311816
-0.994129	0.196196
1.258778	0.750299
-0.321348	-2.545797
0.056490	-5.004493
0.307915	-2.724238
-1.266681	0.504874
1.031939	0.171998
-0.488787	-2.591916
-0.209999	-5.135803
0.572808	-1.763367
-0.975714	0.533230
1.158944	1.394402
-0.457947	-1.432046
0.717576	-3.572785
0.221776	-3.554289
-1.256486	-0.313060
1.149158	-0.173967
-0.334065	-3.412218
-0.579537	-4.134350
0.568399	-1.331570
-1.010679	1.058335
1.066265	1.419336
-0.547125	-1.002490
0.132552	-3.786347
-1.290091	-0.527504
1.051137	-0.204626
-0.432778	-3.155928
-0.487654	-4.487043
0.671103	-1.263603
-0.875597	0.032803
-0.268152	-2.716211
-0.014816	-4.930078
0.271223	-2.677959
0.864702	0.028351
-0.685487	-1.119000
0.608328	-4.097055
0.378428	-3.425248
-1.088016	-0.291270
1.270674	-0.745275
-0.116367	-3.922192
0.665479	-0.749814
-0.908195	0.822838
0.960388	2.395413
-0.560961	-0.273117
-0.318015	-1.886807
0.626295	-3.706809
0.165009	-3.333148
0.855829	-0.143764
-0.688680	-1.207422
0.516097	-4.405019
0.427328	-3.214336
-1.050840	-0.248985
1.283380	-0.683861
-0.108292	-3.889417
0.637656	-0.785074
-0.941445	1.102810
1.003729	1.923692
-0.588166	-0.310756
-0.266887	-2.331263
0.303955	-4.535766
0.196067	-3.060378
0.783741	-0.159511
-0.784892	-0.150518
-0.200982	-3.032253
-0.276503	-4.590352
0.264526	-2.368839
0.603306	-0.293179
-0.989023	1.856831
0.946007	1.251698
-0.637657	-0.655606
0.020495	-3.784455
0.728295	-0.470407
-0.842309	0.302346
-0.433655	-1.296248
0.127280	-3.623344
-1.321483	0.080919
0.928932	-0.168621
-0.591735	-2.131797
-0.065389	-5.356870
0.624249	-1.872187
-0.902576	-0.198110
1.322611	0.223154
-0.112966	-3.653546
0.452560	-1.209805
0.881522	0.392688
-0.680943	-0.908292
0.864660	-3.160507
0.243723	-3.825721
-1.185379	-0.533022
1.230161	-0.728437
-0.167443	-3.950159
-1.046717	-2.409386
0.703138	-0.763843
-0.860327	0.273645
-0.410604	-1.548781
0.723523	-3.501518
0.196929	-3.509269
-1.287386	-0.224671
1.074418	-0.099687
-0.417716	-3.136162
-0.459215	-4.549203
0.621003	-1.367541
-0.934738	0.540824
1.100258	1.826454
-0.479140	-1.117955
0.103557	-3.691908
-1.324508	0.156680
0.901133	-0.213431
-0.625550	-1.869537
0.063312	-5.359134
0.593015	-2.130319
-0.927199	-0.178736
1.322403	0.037787
-0.120290	-3.653347
0.451887	-1.227151
0.885908	0.395078
-0.675515	-0.959778
0.805100	-3.386168
0.271499	-3.758794
-1.167418	-0.464693
1.240043	-0.753483
-0.152866	-3.953785
-1.087351	-2.217453
0.699196	-0.749214
-0.866079	0.354004
-0.443989	-1.251854
0.121544	-3.641605
-1.322364	0.087674
0.923164	-0.179893
-0.598722	-2.080108
-0.042170	-5.368166
0.619463	-1.915412
-0.906234	-0.197465
1.323429	0.170452
-0.111755	-3.663581
0.459046	-1.189537
0.896954	0.427643
-0.662889	-1.060603
0.703071	-3.755874
0.318780	-3.610479
-1.136774	-0.350624
1.256137	-0.708750
-0.145389	-3.902719
-1.133184	-1.962539
0.649107	-0.818503
-0.925706	0.933524
1.000956	2.100787
-0.571977	-0.293140
-0.294886	-2.092836
0.467477	-4.167808
0.183042	-3.214491
0.842495	-0.127671
-0.707326	-1.000212
0.708586	-3.752930
0.334179	-3.617753
-1.115323	-0.388040
1.252970	-0.902145
-0.102253	-4.030453
-1.204129	-1.600552
0.774069	-0.585103
-0.775822	-0.571452
1.222020	-1.483106
0.094891	-4.029434
-1.256758	-0.907706
1.101360	-0.365789
-0.352724	-3.556109
-0.676824	-3.867000
0.709282	-1.028424
-0.838419	-0.193138
-0.139623	-3.443734
0.346342	-1.660932
0.575983	-0.207064
-0.979340	2.221770
0.916762	0.931232
-0.659520	-0.721371
0.090721	-3.905579
-1.290211	-0.684378
1.018061	-0.250389
-0.468728	-3.015235
-0.440044	-4.643146
0.694407	-1.286249
-0.844068	-0.334539
1.321598	0.440620
-0.038122	-3.862636
0.678435	-0.618918
-0.897548	0.826887
-0.566331	-0.166661
-0.378469	-1.341320
0.067429	-3.507328
0.622187	-0.552454
-0.968110	1.493392
0.977568	1.610815
-0.615887	-0.471010
-0.128396	-3.230680
-0.642861	-3.550622
0.267991	-2.027527
0.378072	-0.673962
0.229516	-0.705419
-0.157135	-0.986950
-0.332756	-0.975898
-0.162723	-2.662427
0.061270	-4.670359
0.148678	-2.768394
0.349924	-0.962241
0.215830	-0.814060
-0.162561	-1.012408
-0.321408	-1.108021
-0.114565	-2.892779
-0.268090	-4.403844
0.172927	-2.477016
0.263434	-1.144538
0.020567	-1.460486
-0.256374	-1.043058
-0.222783	-2.145221
0.094375	-3.108467
0.398468	-0.949068
0.460115	-0.289718
0.518510	-0.070036
0.741176	0.380870
-0.845602	1.186088
-0.629669	0.733605
-0.471821	2.401968
0.571764	1.565778
0.721711	0.809382
-0.833969	1.872236
0.814959	2.372282
-0.690354	0.890961
-0.536798	2.099461
0.554664	1.949101
0.705635	0.904174
-0.821976	2.171475
0.825428	2.083697
-0.711032	0.893194
-0.561035	1.860871
0.524165	2.172235
0.678832	0.860938
-0.806888	2.520423
0.839655	1.724546
-0.726897	0.726638
-0.573002	1.297535
0.406750	2.658101
0.580296	0.638825
0.794944	0.734767
-0.794861	0.737048
-0.580224	0.641223
-0.406614	2.658797
0.573195	1.295483
0.727042	0.724819
-0.839442	1.725301
0.806891	2.520910
-0.678674	0.863309
-0.523752	2.175277
0.561404	1.858477
0.711321	0.892301
-0.825249	2.082377
0.821880	2.173824
-0.705465	0.906109
-0.554264	1.954501
0.537543	2.095818
0.691042	0.892099
-0.814725	2.367309
0.833770	1.879065
-0.721302	0.816654
-0.571359	1.582101
0.475111	2.388937
0.632518	0.739946
0.846375	1.213361
-0.740062	0.393262
-0.522360	-0.008220
-0.479881	0.020012
-0.496261	0.598393
-0.077366	3.363176
0.510370	0.694776
0.537029	0.136421
0.758972	0.468930
-0.829549	1.017529
-0.612655	0.769768
-0.408570	2.750766
0.588169	1.335199
0.753149	0.858448
-0.821785	1.470729
-0.657071	1.074411
-0.408454	2.961561
0.618977	1.445821
0.779445	1.166283
-0.793876	1.303149
-0.636104	1.354768
0.304880	3.373539
0.651944	1.207370
0.809630	1.428368
-0.763589	1.008237
-0.600467	1.464654
0.436650	2.736127
0.647038	0.915262
0.834700	1.353666
-0.747475	0.638388
-0.569681	0.837223
-0.007698	3.546947
0.570013	0.842179
0.747536	0.639623
-0.834484	1.356604
-0.647132	0.917724
-0.436167	2.739075
0.600777	1.463297
0.763866	1.007827
-0.809337	1.428528
-0.651625	1.210899
-0.302121	3.381565
0.636340	1.352617
0.794200	1.303025
-0.779144	1.165873
-0.618608	1.447653
0.409449	2.956634
0.657191	1.070209
0.822193	1.467941
-0.752918	0.858384
-0.587799	1.333523
0.407907	2.752201
0.611962	0.765130
0.829116	1.007975
-0.759526	0.473782
-0.537314	0.140396
-0.510556	0.703412
0.091860	3.347271
0.493621	0.585301
0.467877	-0.005533
0.462582	-0.119991
0.469978	-0.127282
0.514391	-0.050291
0.717602	0.337343
-0.864146	1.470204
0.836122	2.557759
-0.654037	0.608122
-0.537323	1.687875
0.491699	2.087898
0.600941	0.561759
0.839214	0.928900
-0.749007	0.259564
-0.468751	-0.722639
-0.134516	-3.016124
-0.357444	-4.295137
0.213650	-2.364473
0.342945	-0.851334
0.152212	-0.961861
-0.241650	-0.599340
-0.404798	-0.347473
-0.409359	-0.709514
-0.212898	-2.471500
0.244512	-4.542280
0.157181	-2.955294
0.515818	-0.597373
0.884157	0.578491
-0.685893	-0.723718
0.120991	-3.945357
-1.262671	-0.774632
1.109523	-0.330851
-0.349872	-3.531644
-0.662082	-3.909767
0.683912	-1.073202
-0.869129	0.119801
-0.322904	-2.300819
0.235856	-4.781571
0.266518	-2.995342
-1.283665	0.323993
1.028258	0.080737
-0.485881	-2.681875
-0.259872	-5.054848
0.595534	-1.653552
-0.952013	0.445915
1.157041	1.516111
-0.439417	-1.513729
0.673449	-3.710529
0.226976	-3.505453
-1.259334	-0.266089
1.142126	-0.140440
-0.344886	-3.364245
-0.551537	-4.224928
0.565696	-1.363903
-1.012645	1.041415
1.070311	1.405015
-0.543864	-1.029257
0.144269	-3.778957
-1.282869	-0.538849
1.076375	-0.213797
-0.402093	-3.284811
-0.538428	-4.320162
0.660888	-1.224548
-0.890837	0.230526
-0.372845	-1.936828
0.427644	-4.410724
