0.083406	-6.478472
-0.366275	0.636857
-0.734895	0.833091
-0.812447	0.898318
-0.822759	0.862395
-0.797914	0.594594
-0.624598	-0.698105
0.318911	-7.150558
0.124284	-1.844960
-0.597827	-6.155238
0.590896	-0.390572
0.427416	0.298923
-0.530170	-5.587914
-0.191452	0.625705
-0.661630	0.538865
-0.667205	-0.235911
0.723481	-5.728188
-0.155846	-1.972392
-0.353763	-7.087339
0.728510	-0.590456
1.278865	1.098386
-1.775939	0.600247
2.056031	0.630964
-0.491999	-2.595707
-0.545096	-6.499087
1.390318	-0.511591
-1.176434	-0.605420
0.338011	-7.202075
0.571154	-2.065932
-1.988043	1.323487
1.696571	0.832082
-1.408983	1.189081
1.424125	3.530963
-0.778120	-0.396051
0.475845	-6.691099
0.059663	-2.114136
-0.611235	-6.180454
0.747341	-0.275127
1.134918	1.034288
-1.878339	0.806463
1.965244	0.856251
-0.908473	-0.141154
0.630175	-6.171682
0.007534	-2.363664
-0.648971	-6.099996
0.903179	-0.127658
-1.959665	0.992330
1.849594	0.887313
-1.191424	1.234843
-0.875970	0.719514
-0.664801	-0.535606
0.422184	-6.831361
0.042405	-1.944295
-0.515404	-6.490261
0.649613	-0.438147
0.720496	0.556418
0.429055	0.566096
-0.391359	-5.891946
-0.260887	0.811297
-0.746092	1.253753
-0.926222	2.743441
0.801865	2.199549
0.321066	1.052066
0.317789	-5.931660
-0.440499	0.881372
-0.817969	1.794814
-0.870793	4.144511
0.990460	3.394830
0.863661	1.612398
0.706073	0.948495
0.197834	0.768702
-0.457218	0.427541
-0.655945	-0.012694
-0.301589	-1.816624
-0.238333	-7.414136
0.718011	-0.773164
1.370436	1.120174
-1.711498	0.705335
2.032821	1.024325
-0.467592	-2.634017
-0.559054	-6.455670
1.389339	-0.467808
-1.195314	-0.532295
0.377102	-7.090134
0.523679	-2.171777
-1.870388	2.051139
1.569423	0.910273
-1.534216	0.961715
1.805822	2.318002
-0.557959	-1.944420
-0.289035	-7.344191
1.087081	-0.635145
-1.537004	-0.525416
0.734414	-5.794323
0.415891	-3.088071
-2.064915	-0.212359
1.849089	0.264378
-1.124379	0.624631
-0.365375	-2.340514
-0.444791	-6.884605
1.146010	-0.347378
-1.538616	-0.376703
0.783433	-5.640624
0.348957	-3.200042
-2.078364	0.557992
1.728841	0.544151
-1.320282	1.017347
-0.626805	-1.300211
-0.020177	-7.729563
0.663900	-1.206497
-1.554577	3.163636
1.436917	1.074727
-1.658211	0.783823
1.990975	1.391666
-0.470506	-2.552082
-0.526328	-6.578782
1.352730	-0.455013
-1.230742	-0.496280
0.413816	-6.973098
0.503175	-2.267076
-1.862660	2.095622
1.558885	0.896868
-1.538824	0.926894
1.825192	2.251190
-0.523199	-2.137602
-0.364979	-7.127807
1.175101	-0.542087
-1.418361	-0.463632
0.591516	-6.335820
0.455363	-2.722241
-2.047665	0.860034
1.731177	0.656751
-1.340677	1.113758
-0.717750	-0.737543
0.257712	-7.364743
0.271059	-1.852624
0.647658	-0.075237
0.457960	0.409908
-0.192700	0.758610
-0.700694	0.904818
-0.849107	1.421505
-0.972528	2.961293
0.793632	2.027193
0.301953	1.015601
0.387274	-5.781967
-0.445610	0.812161
-0.804706	1.524777
-0.960277	3.355309
0.687197	4.792207
0.752757	1.807925
0.170495	1.112958
-0.545325	0.771141
-0.806897	1.255148
-0.938429	2.566310
0.886453	2.333509
0.648613	1.073686
-0.024231	1.149286
-0.679554	1.249517
-0.907266	2.892697
0.729155	2.112482
0.072371	1.437801
-0.657151	1.445598
-0.883944	3.519268
0.631362	1.773785
-0.164414	1.808999
-0.684651	3.486517
0.387450	2.348018
-0.489880	2.311421
0.735176	3.164980
0.202366	1.579514
-0.592295	1.369547
-0.863823	3.402653
0.589793	1.870883
-0.248472	1.981454
-0.495861	4.630883
0.272286	2.078414
-0.576911	1.982862
0.849098	3.260383
0.533268	1.305041
-0.289266	1.539142
-0.737759	3.485020
0.429402	2.154078
-0.459528	2.137299
0.758895	3.395072
0.318474	1.464146
-0.505456	1.257645
-0.845262	3.117452
0.598425	2.067259
-0.234365	2.109963
-0.312489	5.161153
0.260514	5.284923
0.236308	2.114626
-0.597280	2.074154
0.843770	3.111901
0.499997	1.254871
-0.324857	1.454827
-0.761634	3.390909
0.463253	2.130476
-0.425307	2.153738
0.735943	3.499320
0.288377	1.545865
-0.534622	1.314988
-0.848021	3.285816
0.573684	1.968294
-0.277857	2.073461
0.513156	4.573767
0.251690	1.960288
-0.587232	1.842113
0.861837	3.459273
0.595726	1.387734
-0.199118	1.592895
-0.732589	3.179904
0.484737	2.311897
-0.393900	2.346705
0.688793	3.459512
0.165467	1.795337
-0.630145	1.752610
0.879110	3.570830
0.655050	1.459349
-0.080410	1.463029
-0.731675	2.215439
0.874379	2.781903
0.576126	1.162637
-0.200347	1.429043
-0.758645	2.782715
0.639864	2.384006
-0.138309	2.147323
-0.565962	4.086532
0.263105	2.421753
-0.568638	2.449365
0.711298	2.894469
0.088357	1.756301
-0.668079	1.947077
0.908306	3.168469
0.681891	1.339297
0.012073	1.216379
-0.666907	1.247152
-0.903200	2.913048
0.718012	2.104239
0.039938	1.514197
-0.681940	1.712983
-0.741714	4.464958
0.900145	3.616949
0.709004	1.520100
0.062981	1.197770
-0.631072	1.048489
-0.879757	2.270748
0.959592	2.635570
0.861698	1.325366
0.802976	0.974597
0.644822	0.770995
0.049456	0.882829
-0.578100	0.553756
-0.705830	0.176659
-0.384721	-1.696398
-0.177130	-7.547120
0.703892	-0.885725
1.384568	1.107794
-1.699774	0.717163
2.027480	1.089505
-0.460404	-2.654565
-0.567219	-6.426854
1.393215	-0.456279
-1.196628	-0.517506
0.384362	-7.068446
0.513250	-2.191079
-1.828699	2.240210
1.539067	0.916137
-1.556625	0.892791
1.862505	2.099474
-0.495772	-2.301368
-0.428134	-6.925823
1.244215	-0.483804
-1.339749	-0.449974
0.514798	-6.622470
0.470802	-2.525455
-1.971119	1.529786
1.637762	0.805979
-1.459080	1.049014
1.628322	2.935223
-0.634101	-1.415859
-0.073323	-7.714080
0.773507	-1.059086
-2.005840	0.647954
1.871610	0.643584
-1.140873	0.951034
-0.665110	-0.853870
0.205604	-7.472541
0.305597	-1.747279
0.617078	-0.053910
0.321697	0.370315
-0.059726	-6.641575
-0.288117	0.424285
-0.630390	0.099073
-0.389668	-1.568277
-0.119786	-7.612081
0.602508	-1.037088
0.965462	0.729026
-1.787222	2.138704
1.623855	1.342137
-1.542857	1.427926
1.682764	2.558318
-0.986915	1.052533
-0.841343	0.736313
-0.703481	-0.218475
0.712546	-5.785296
-0.135881	-2.040577
-0.392586	-6.974898
0.764749	-0.512775
-1.489302	3.335731
1.424204	1.173599
-1.684393	0.847620
1.979438	1.393259
-0.569102	-2.060751
-0.337778	-7.202641
1.172972	-0.604733
-1.396715	-0.506483
0.552506	-6.473041
0.487271	-2.621302
-2.056840	0.626090
1.775167	0.596954
-1.279247	1.097693
-0.725855	-0.606562
0.340373	-7.128728
0.168909	-1.958958
-0.749754	-5.629237
0.661385	-0.225667
0.623125	0.500580
0.080340	0.716367
-0.517888	0.298938
-0.572914	-0.627892
0.389764	-6.896016
0.018318	-1.808046
-0.430024	-6.755259
0.568994	-0.583389
0.471297	0.268553
-0.136850	0.671266
-0.645115	0.532029
-0.671052	-0.186021
0.795549	-5.468235
-0.183589	-1.969468
-0.338603	-7.140408
0.742171	-0.603184
1.368182	1.143747
-1.717136	0.725991
2.027141	1.048069
-0.495889	-2.498324
-0.506598	-6.643059
1.346769	-0.494878
-1.219817	-0.548875
0.385498	-7.058893
0.539235	-2.188945
-1.961985	1.541174
1.653401	0.855350
-1.455492	1.117835
1.599400	3.006991
-0.706433	-0.951752
0.138029	-7.618898
0.451190	-1.611355
0.812636	0.389065
1.036702	1.043437
-1.845031	1.713292
1.727185	1.329843
-1.403653	1.601031
1.395188	3.459567
-1.064959	1.914841
-1.111299	3.344158
1.113075	3.329293
1.066618	1.908962
-1.410776	3.409578
1.409524	1.600496
-1.723320	1.340389
1.841875	1.729562
-1.038778	1.066514
-0.826622	0.514478
-0.536791	-1.231930
0.029382	-7.685671
0.482238	-1.370677
0.731334	0.340523
0.607017	0.609488
-0.001504	0.866987
-0.609013	0.617761
-0.734337	0.365729
-0.496978	-1.307471
-0.002156	-7.685490
0.499837	-1.301931
0.739111	0.372599
0.628912	0.633822
0.048602	0.818145
-0.563668	0.455268
-0.653441	-0.193021
0.806473	-5.420611
-0.193960	-1.932313
-0.318855	-7.193301
0.722559	-0.643316
1.288946	1.097962
-1.767703	0.602091
2.057783	0.645110
-0.475016	-2.672617
-0.573691	-6.396149
1.411501	-0.496494
-1.167217	-0.590208
0.339363	-7.201146
0.557386	-2.072370
-1.941513	1.657801
1.638970	0.888239
-1.474618	1.107884
1.647762	2.849164
-0.698696	-1.026475
0.101175	-7.669938
0.509045	-1.517376
0.944552	0.604158
-1.772732	2.227675
1.603088	1.329697
-1.563895	1.373686
1.721367	2.433857
-0.957115	0.774805
-0.648033	-0.745635
0.278187	-7.280666
0.190274	-1.834183
-0.740780	-5.629270
0.596180	-0.274116
0.374387	0.308826
-0.256396	-6.366603
-0.237139	0.516058
-0.646910	0.319937
-0.525830	-1.054035
0.126059	-7.568296
0.309493	-1.569854
0.517012	-0.155191
0.090847	0.352961
0.707882	-5.138330
-0.414633	-0.056921
-0.403149	-1.182338
0.069811	-7.582482
0.288829	-1.436419
-0.892629	-4.990848
0.425419	-0.273893
-0.000423	0.221130
-0.425907	-0.273712
0.888541	-5.005293
-0.288243	-1.437468
-0.071187	-7.581520
0.403987	-1.182077
0.415118	-0.056748
-0.716868	-5.105994
-0.091071	0.355288
-0.517890	-0.150340
-0.311182	-1.566234
-0.126841	-7.567332
0.526222	-1.056234
0.649337	0.320944
0.244688	0.512757
0.231590	-6.413191
-0.369522	0.325415
-0.603055	-0.223148
0.815458	-5.363388
-0.214828	-1.829971
-0.267604	-7.315339
0.660796	-0.757718
1.035054	0.858908
-1.892737	1.335996
1.812769	1.172931
-1.254868	1.503862
-1.014701	1.907554
-1.067548	3.529681
1.096672	3.281486
1.039796	1.835384
-1.214467	4.039664
1.364423	1.556794
-1.752550	1.232906
1.878087	1.564234
-0.997487	0.728238
-0.571094	-1.254624
0.012537	-7.707417
0.547622	-1.316383
0.940927	0.644479
-1.726524	2.427488
1.563870	1.349201
-1.601990	1.307775
1.777844	2.221661
-0.927166	0.471072
-0.410425	-1.918902
-0.271627	-7.380690
0.907411	-0.637565
-1.909271	-0.245414
1.987191	-1.040181
-0.377516	-3.403329
-0.861664	-5.318518
1.620118	-0.625248
-1.015077	-0.794401
0.199212	-7.546125
0.643344	-1.712623
-2.000395	1.120270
1.750042	0.816010
-1.344143	1.258573
-0.849325	0.246083
-0.310050	-2.108221
-0.357668	-7.141050
0.941375	-0.482125
-1.886704	-0.256305
1.947246	-1.433010
-0.279063	-3.774711
-1.027259	-4.762239
1.686704	-0.567215
-1.011281	-0.638186
0.269755	-7.395961
0.511416	-1.908281
1.286857	0.891426
-1.730731	0.404854
2.101061	0.009169
-0.238732	-3.601922
-0.974970	-4.984417
1.620235	-0.257909
-1.156015	-0.064273
0.624516	-6.252972
0.160228	-2.655696
-1.232240	-4.167950
1.054092	0.288139
-1.879572	0.134706
2.048098	-0.413075
-0.434425	-3.051494
-0.722047	-5.831819
1.535601	-0.567336
-1.071225	-0.715993
0.247629	-7.442423
0.614803	-1.835837
-1.986046	1.293037
1.713226	0.850954
-1.393696	1.231300
1.327061	3.811401
-0.819086	-0.066404
0.800026	-5.516106
-0.128436	-2.246773
-0.480325	-6.716290
0.895152	-0.321742
-1.975101	0.601922
1.923410	0.608511
-1.035521	0.501323
-0.335404	-2.315437
-0.437193	-6.908419
1.102391	-0.343031
-1.615549	-0.407563
0.909454	-5.186989
0.303373	-3.496887
-2.078742	-0.341500
1.802582	0.289899
-1.187701	0.766552
-0.447638	-2.095617
-0.343895	-7.198024
1.071844	-0.508224
-1.613079	-0.489697
0.880516	-5.274667
0.336409	-3.442435
-2.054039	-0.589626
1.846223	0.157398
-1.106179	0.486340
-0.262563	-2.602576
-0.564310	-6.473976
1.205417	-0.170259
-1.510719	-0.253558
0.787427	-5.645244
0.306964	-3.193334
-2.009645	1.373956
1.610243	0.664019
-1.447050	0.890369
1.647988	2.916150
-0.464241	-2.327177
-0.437297	-6.901080
1.230329	-0.440282
-1.375308	-0.406763
0.565555	-6.442407
0.437393	-2.655764
-1.957005	1.639624
1.612543	0.797799
-1.477227	0.985363
1.692490	2.738413
-0.568152	-1.820959
-0.240174	-7.463791
1.013684	-0.704051
-1.657560	-0.592144
0.950061	-5.017778
0.323817	-3.612448
-1.973446	-1.217593
1.895883	-0.235146
-0.933885	-0.499327
0.345861	-7.176364
0.318898	-2.088048
0.847941	0.254833
1.328922	1.251701
-1.759687	0.798049
2.006060	1.059521
-0.642853	-1.726301
-0.207225	-7.529134
1.026415	-0.787063
-1.600034	-0.614325
0.823335	-5.456319
0.394798	-3.313081
-2.002703	-0.905932
1.907269	-0.170368
-0.933925	-0.457721
0.371889	-7.095243
0.283163	-2.134618
0.830448	0.181308
1.280622	1.212795
-1.789346	0.734238
2.019224	0.883866
-0.644496	-1.756459
-0.219401	-7.502608
1.048624	-0.771545
-1.559978	-0.596553
0.753784	-5.710874
0.426529	-3.136360
-2.026302	-0.658338
1.900543	-0.029845
-0.983094	-0.131190
0.600062	-6.306154
0.071700	-2.444898
-0.781985	-5.621695
0.932258	0.004557
-1.958717	0.844464
1.888928	0.805381
-1.113305	0.960620
-0.693604	-0.630147
0.337967	-7.123003
0.149083	-1.928249
-0.686791	-5.850282
0.640633	-0.286219
0.566041	0.433732
-0.037084	0.796500
-0.615783	0.566277
-0.702516	0.091605
-0.331228	-1.833110
-0.240276	-7.422814
0.757922	-0.748607
-1.797367	2.260271
1.572368	1.132897
-1.572136	1.133658
1.797349	2.260211
-0.758078	-0.746889
0.240047	-7.423750
0.330218	-1.835505
0.702062	0.087456
0.614724	0.563298
0.034663	0.798555
-0.568206	0.441862
-0.643838	-0.264905
0.707071	-5.777118
-0.157774	-1.930429
-0.335883	-7.131929
0.700250	-0.632503
1.152068	0.994224
-1.866182	0.665630
2.004626	0.680714
-0.775105	-1.038078
0.081799	-7.706612
0.619220	-1.441852
-1.393031	3.668351
1.402561	1.030096
-1.672219	0.680669
2.033390	1.112985
-0.386789	-2.960701
-0.687604	-5.992218
1.471424	-0.378187
-1.178030	-0.388493
0.433708	-6.920259
0.412219	-2.322462
1.248597	0.771158
-1.739960	0.282802
2.072736	-0.760663
-0.167397	-3.814050
-1.108292	-4.554701
1.663599	-0.179846
-1.162991	0.104702
0.772877	-5.714268
0.047138	-2.798300
-0.912490	-5.215898
1.127615	0.207421
-1.748273	-0.128137
1.403276	-3.641424
0.038457	-4.106176
-1.587012	-3.079345
1.769827	-0.042458
-1.136523	0.337445
1.180032	-4.349067
-0.129736	-2.816652
-0.710259	-5.948292
1.220495	0.029872
-1.559254	-0.150725
0.908571	-5.228300
0.233219	-3.437465
-2.051326	1.087722
1.616354	0.573839
-1.419317	0.842372
1.561439	3.201637
-0.414998	-2.518624
-0.512639	-6.644915
1.290429	-0.358939
-1.332226	-0.350590
0.547041	-6.520229
0.410985	-2.610089
-1.752181	2.571203
1.478587	0.835369
-1.576652	0.699057
1.966952	1.647064
-0.313910	-3.121489
-0.758438	-5.751714
1.487427	-0.247430
-1.219710	-0.178310
0.562883	-6.480230
0.275240	-2.610735
1.129726	0.522533
-1.823442	0.137771
2.039769	-0.894373
-0.257889	-3.702947
-1.007612	-4.852405
1.660179	-0.405847
-1.085057	-0.302297
0.456909	-6.841250
0.292215	-2.354085
0.983376	0.385846
-1.936069	0.989208
1.875545	0.928611
-1.138944	1.124272
-0.817454	0.280709
-0.363715	-1.923283
-0.274974	-7.361780
0.859591	-0.644891
-1.982054	0.312332
1.960720	0.335373
-0.924181	-0.252448
0.521203	-6.578599
0.105546	-2.315023
-0.784330	-5.586870
0.856757	-0.050524
-1.780986	2.266766
1.584232	1.232521
-1.574303	1.244787
1.766862	2.323321
-0.861927	0.006829
0.861939	-5.312600
-0.136691	-2.322277
-0.505522	-6.641419
0.947192	-0.263692
-1.930090	0.053181
2.024863	-0.247739
-0.590606	-2.303191
-0.434757	-6.870245
1.324829	-0.643650
-1.178602	-0.756430
0.281380	-7.338340
0.678070	-1.912087
-1.981810	-0.423516
1.974389	-0.379728
-0.716152	-1.697147
-0.198690	-7.532793
1.077305	-0.848174
-1.472130	-0.618798
0.611859	-6.230334
0.505407	-2.769677
-2.023666	-0.497242
1.920796	-0.043295
-0.943259	-0.334905
0.450833	-6.834642
0.191106	-2.259121
-1.021844	-4.760416
0.838004	0.054663
-1.431062	3.488137
1.411890	1.253822
-1.704197	0.906603
1.966553	1.405725
-0.655871	-1.575489
-0.145864	-7.637992
0.929766	-0.891204
-1.772304	-0.642090
1.274952	-3.960018
0.154485	-4.215753
-1.765654	-2.292985
1.874725	-0.647656
-0.818296	-1.315480
-0.043440	-7.729045
0.898896	-1.122616
-1.754635	-0.748089
1.197102	-4.187993
0.210663	-4.132313
-1.798568	-2.081254
1.884292	-0.888737
-0.696597	-2.021118
-0.328087	-7.188551
1.257843	-0.791895
-1.192761	-0.858020
0.254987	-7.384013
0.747244	-1.843514
-1.831684	-0.934690
1.527289	-3.119008
0.011748	-4.474319
-1.561449	-3.001276
1.837518	-0.956019
-0.730827	-1.924019
-0.288964	-7.293812
1.228359	-0.839465
-1.212741	-0.854473
0.270567	-7.342161
0.743434	-1.882271
-1.823691	-0.962487
1.489679	-3.237935
0.038732	-4.479370
-1.596438	-2.866896
1.841101	-1.040465
-0.686178	-2.169250
-0.386150	-6.996608
1.327209	-0.808913
-1.102205	-1.068848
0.126519	-7.610669
0.879869	-1.546699
-1.622969	-0.925845
0.818084	-5.421130
0.464277	-3.305033
-1.831720	-1.492623
1.734435	-2.244326
-0.192493	-4.288195
-1.263882	-3.944917
1.773131	-0.984344
-0.780514	-1.775686
-0.229207	-7.437050
1.179132	-0.910537
-1.257907	-0.819286
0.317525	-7.213647
0.715072	-2.000232
-1.844988	-0.968764
1.603183	-2.855028
-0.043475	-4.458392
-1.481169	-3.275159
1.823209	-0.899083
-0.773909	-1.703678
-0.201574	-7.507070
1.130466	-0.907382
-1.345231	-0.706537
0.434126	-6.858847
0.620377	-2.302000
-1.957313	-0.723729
1.959707	-0.763847
-0.596428	-2.425936
-0.484405	-6.681326
1.388403	-0.699946
-1.096608	-0.954435
0.164981	-7.574822
0.801187	-1.620066
-1.789842	-0.908569
1.326758	-3.760134
0.145567	-4.353051
-1.711623	-2.402268
1.853925	-1.196231
-0.590772	-2.656769
-0.574955	-6.324541
1.481293	-0.822727
-0.981536	-1.311415
-0.012699	-7.691218
1.003413	-1.265779
-1.451708	-0.806496
0.534038	-6.478425
0.609438	-2.557474
-1.856426	-1.151435
1.709237	-2.420838
-0.141222	-4.353591
-1.332767	-3.743652
1.791140	-0.894369
-0.807482	-1.579198
-0.149317	-7.601996
1.075165	-0.975387
-1.423494	-0.688439
0.528072	-6.525809
0.571616	-2.545513
-1.967223	-0.771525
1.955677	-0.624166
-0.669365	-2.024555
-0.328680	-7.199108
1.239175	-0.743577
-1.238952	-0.742614
0.327606	-7.203058
0.669363	-2.026203
-1.955560	-0.624098
1.967024	-0.775483
-0.570868	-2.549210
-0.530635	-6.515370
1.424789	-0.690326
-1.074352	-0.974165
0.147793	-7.604750
0.807966	-1.578176
-1.790768	-0.892126
1.330184	-3.751854
0.141877	-4.353395
-1.710826	-2.413783
1.856466	-1.154462
-0.608533	-2.559354
-0.537597	-6.464281
1.453636	-0.809834
-1.002072	-1.266938
0.010340	-7.691602
0.982692	-1.309430
-1.479862	-0.820231
0.571792	-6.337869
0.591391	-2.654381
-1.854410	-1.192295
1.712187	-2.400471
-0.146552	-4.350158
-1.325820	-3.763191
1.789442	-0.907916
-0.802450	-1.612689
-0.162741	-7.578637
1.093288	-0.959884
-1.393521	-0.696858
0.489747	-6.663612
0.592582	-2.445866
-1.961102	-0.762626
1.957205	-0.707374
-0.628695	-2.254443
-0.417304	-6.915611
1.328843	-0.710459
-1.145182	-0.882097
0.217452	-7.475647
0.759564	-1.749064
-1.842039	-0.881686
1.577557	-2.958603
-0.023800	-4.448951
-1.508755	-3.193072
1.829082	-0.852063
-0.788913	-1.602468
-0.159966	-7.588944
1.076644	-0.947334
-1.431976	-0.673367
0.543340	-6.472895
0.558340	-2.587265
-1.981574	-0.710822
1.953755	-0.455286
-0.742477	-1.589096
-0.155197	-7.611294
1.027711	-0.912834
-1.547372	-0.657548
0.717560	-5.832392
0.462005	-3.042858
-1.991119	-0.850117
1.931297	-0.314651
-0.843317	-0.999251
0.093646	-7.700988
0.664435	-1.457466
-1.916505	1.730837
1.649867	0.980038
-1.480385	1.197498
1.636187	2.853310
-0.788653	-0.410808
0.456796	-6.763170
0.083579	-2.115634
-0.649166	-6.038529
0.745552	-0.240497
1.098519	1.005663
-1.892091	0.991682
1.909985	1.009834
-1.053136	0.801263
-0.591661	-1.203363
0.034113	-7.702437
0.527606	-1.369650
0.898381	0.577372
-1.350391	3.708461
1.395259	1.327256
-1.723915	0.961636
1.953597	1.409973
-0.739725	-1.066879
0.072218	-7.710139
0.601221	-1.428343
1.296629	0.981115
-1.741161	0.491717
2.087628	0.360423
-0.326177	-3.309262
-0.831227	-5.469554
1.564884	-0.365588
-1.139554	-0.302120
0.466025	-6.814239
0.328246	-2.389392
1.072145	0.529360
-1.894473	0.378171
2.034189	0.210235
-0.647627	-1.893717
-0.275457	-7.363353
1.142591	-0.724868
-1.399994	-0.571710
0.534781	-6.525282
0.522594	-2.569832
-2.055078	0.042576
1.866920	0.333363
-1.110924	0.640277
-0.390404	-2.233800
-0.399975	-7.028992
1.103537	-0.412132
-1.589148	-0.432448
0.851205	-5.387871
0.335832	-3.366626
-2.081823	-0.157756
1.802236	0.335853
-1.197755	0.822361
-0.495026	-1.886334
-0.260426	-7.417121
0.977650	-0.654360
-1.753037	-0.554790
1.223954	-4.132106
0.173217	-4.120745
-1.814313	-2.128905
1.872404	-0.445119
-0.899707	-0.802975
0.184366	-7.575088
0.551706	-1.697950
1.287589	0.930129
-1.738361	0.439404
2.096401	0.160520
-0.278397	-3.482656
-0.912373	-5.191135
1.599318	-0.313554
-1.145085	-0.177952
0.542555	-6.548350
0.236596	-2.533892
1.030744	0.368275
-1.918747	0.417383
2.011046	0.329521
-0.758112	-1.239778
-0.008792	-7.745508
0.774749	-1.198812
-2.001031	0.150325
1.952336	0.232384
-0.931554	-0.256060
0.514480	-6.605100
0.116602	-2.317183
-0.809773	-5.495747
0.857524	-0.031974
-1.770270	2.312132
1.576024	1.238179
-1.582112	1.231448
1.779432	2.275262
-0.854275	-0.063456
0.764390	-5.658222
-0.097455	-2.309383
-0.525902	-6.558657
0.916510	-0.253240
-1.966915	0.444044
1.960516	0.448357
-0.934877	-0.140500
0.614825	-6.237263
0.032741	-2.392655
-0.695335	-5.931286
0.911935	-0.079656
-1.958845	0.966486
1.857523	0.875768
-1.176356	1.195225
-0.854197	0.543841
-0.538551	-1.256852
0.016416	-7.693882
0.507260	-1.337640
0.793754	0.439809
0.893820	0.905451
1.179362	1.253102
-1.855386	0.963440
1.937585	1.056230
-0.966541	0.311355
-0.250760	-2.406300
-0.489764	-6.726749
1.082848	-0.253651
-1.681451	-0.381975
1.065441	-4.664528
0.226138	-3.812225
-2.008824	-1.181950
1.823964	0.080827
-1.115705	0.440140
-0.219658	-2.695081
-0.614118	-6.296760
1.221278	-0.100201
-1.513667	-0.206771
0.811643	-5.564210
0.282647	-3.241029
-1.992148	1.507981
1.584840	0.657762
-1.462791	0.829869
1.717622	2.696387
-0.402013	-2.628064
-0.556017	-6.488620
1.334724	-0.338231
-1.293711	-0.339799
0.521515	-6.615299
0.404370	-2.544907
-1.440452	3.569508
1.402376	0.827796
-1.624809	0.532644
2.072420	0.894845
-0.206425	-3.521158
-0.958144	-5.061958
1.576636	-0.116314
-1.225701	0.105971
0.774622	-5.717523
0.082707	-2.884324
-1.045769	-4.780154
1.168367	0.299907
-1.714796	-0.071065
1.323459	-3.895385
0.062776	-4.016887
-1.654601	-2.883864
1.745049	0.092677
-1.194853	0.545654
-0.244526	-2.775017
-0.637348	-6.214266
1.281536	-0.104227
-1.437106	-0.157723
0.736145	-5.845910
0.282508	-3.051675
-1.741880	2.638937
1.450493	0.705706
-1.559473	0.557537
2.017315	1.392479
-0.182678	-3.470504
-0.950798	-5.097903
1.545521	-0.033329
-1.268863	0.170420
0.846018	-5.469915
0.060696	-2.995124
-1.052296	-4.770188
1.228556	0.322376
-1.641763	-0.014002
1.154503	-4.429498
0.113664	-3.799749
-2.101264	-0.494716
1.674880	0.338551
-1.314784	0.760035
-0.364803	-2.590462
-0.543167	-6.543571
1.285171	-0.283745
-1.366923	-0.283940
0.606275	-6.310838
0.366432	-2.756536
-1.691184	2.795165
1.448141	0.793413
-1.585179	0.606456
2.017170	1.363856
-0.236437	-3.380160
-0.884839	-5.313145
1.540120	-0.137409
-1.234445	0.029438
0.710499	-5.949278
0.137905	-2.834734
-1.261448	-4.103494
1.147960	0.360205
-1.759712	-0.030733
1.547536	-3.208307
-0.025058	-4.094905
-1.427453	-3.573152
1.746216	-0.090255
-1.140997	0.274780
1.012171	-4.884089
-0.082345	-2.832377
-0.753812	-5.788426
1.199412	0.083003
-1.605313	-0.151982
0.992246	-4.941136
0.205194	-3.602948
-2.101081	0.414142
1.673047	0.467373
-1.350790	0.871816
-0.461200	-2.227433
-0.397839	-7.032615
1.169665	-0.460208
-1.458444	-0.415201
0.656249	-6.103150
0.412425	-2.888633
-2.045403	0.955392
1.702846	0.661107
-1.370569	1.073765
-0.670194	-1.088261
0.075333	-7.691655
0.528192	-1.457104
0.973468	0.654507
-1.850144	1.795174
1.697559	1.277359
-1.449874	1.516196
1.513558	3.119164
-1.022416	1.519867
-1.025573	2.698427
0.936169	2.215869
0.867002	1.217965
0.877320	1.024953
1.027479	1.137961
-1.787912	2.055067
1.649904	1.409607
-1.513269	1.537853
1.620207	2.732215
-1.047105	1.558422
-1.040066	2.722125
0.947099	2.197079
0.912695	1.257254
1.097283	1.243241
-1.858858	1.449979
1.799455	1.300804
-1.269832	1.592836
-1.056937	2.181606
-0.899016	4.406703
1.132061	2.785557
1.177607	1.767380
-1.764161	1.918226
1.694662	1.596687
-1.433180	1.757106
1.460172	3.167770
-1.158030	2.249112
-1.098980	3.758244
1.199821	2.742411
1.265348	1.895745
-1.738970	1.873961
1.706741	1.717183
-1.388332	1.849738
1.362947	3.434782
-1.202625	2.447229
0.892953	4.634470
-1.014397	4.183445
1.208699	2.514113
-1.297065	3.634745
1.362980	1.869119
-1.715339	1.748344
1.734180	1.836312
-1.291745	1.899685
-1.206697	2.688537
1.096925	3.801027
1.174377	2.293721
-1.454171	3.171615
1.431342	1.783445
-1.691950	1.639681
1.753092	1.931083
-1.202213	1.833148
-1.160327	2.816706
1.027178	3.955570
1.095370	2.175131
-1.235792	3.928940
1.359861	1.661199
-1.749449	1.390731
1.833362	1.657062
-1.096469	1.346775
-0.961377	1.800790
-1.041618	3.486800
1.037372	3.520378
0.958506	1.807451
1.080125	1.332123
-1.817914	1.797176
1.714616	1.416391
-1.419207	1.647622
1.435278	3.309127
-1.092747	2.031146
-1.114593	3.490410
1.156595	3.076092
1.138073	1.898357
-1.666029	2.451809
1.570294	1.654099
-1.592288	1.639220
1.689961	2.350417
-1.138273	1.856675
-1.148033	3.012174
1.077846	3.660476
1.071376	2.053161
-1.205956	4.041425
1.358744	1.615669
-1.753351	1.320551
1.853521	1.611695
-1.055630	1.112784
-0.848769	0.692188
-0.663569	-0.508501
0.443790	-6.755177
0.022244	-1.949735
-0.492585	-6.576390
0.655464	-0.460111
0.766610	0.604572
0.640250	0.691215
0.061841	0.828878
-0.557266	0.458314
-0.656395	-0.163751
0.858834	-5.236433
-0.209665	-1.928122
-0.310503	-7.220939
0.729459	-0.652773
1.335635	1.122085
-1.736582	0.663232
2.046253	0.854712
-0.469860	-2.655894
-0.567689	-6.421466
1.400839	-0.478361
-1.182035	-0.555993
0.360503	-7.140068
0.537146	-2.128479
-1.897198	1.914361
1.593411	0.908337
-1.515762	1.016755
1.756838	2.491057
-0.610453	-1.623091
-0.161213	-7.615063
0.913396	-0.857275
-1.822979	-0.569004
1.509386	-3.236600
0.015380	-4.353765
-1.562869	-3.061963
1.833240	-0.567871
-0.903349	-0.890201
0.143079	-7.643034
0.631277	-1.581635
-1.854185	2.074852
1.584719	1.002417
-1.540916	1.062613
1.780062	2.376346
-0.669715	-1.290809
-0.022590	-7.737068
0.711223	-1.186367
-1.920584	1.668511
1.670748	1.003024
-1.462570	1.259961
1.583234	3.006006
-0.842912	0.022915
0.922542	-5.095384
-0.164444	-2.280829
-0.473596	-6.753150
0.939166	-0.308550
-1.933381	0.046974
2.022889	-0.236238
-0.602295	-2.240994
-0.411588	-6.947957
1.302656	-0.653108
-1.198219	-0.734418
0.301982	-7.282948
0.665018	-1.962015
-1.992056	-0.373734
1.968504	-0.256945
-0.774308	-1.341552
-0.054127	-7.728285
0.875249	-1.094730
-1.823095	-0.665174
1.490041	-3.283266
0.029998	-4.385138
-1.588158	-2.957900
1.842387	-0.675406
-0.849706	-1.202138
0.005476	-7.740964
0.838790	-1.231035
-1.858643	-0.650542
1.679124	-2.638352
-0.090662	-4.324206
-1.386564	-3.613812
1.799688	-0.639944
-0.908794	-0.945252
0.118389	-7.674428
0.684207	-1.510624
-2.006547	0.972085
1.786965	0.782749
-1.289613	1.253437
-0.858941	0.410166
-0.424062	-1.777065
-0.212232	-7.503908
0.813172	-0.774632
-1.992308	0.785674
1.860484	0.733287
-1.166560	1.079643
-0.766737	-0.165737
0.716757	-5.797665
-0.111430	-2.154513
-0.453805	-6.787562
0.826931	-0.393577
-1.881903	1.792442
1.670403	1.125904
-1.476719	1.349162
1.594667	2.927971
-0.916612	0.595599
-0.526588	-1.394758
-0.048021	-7.700198
0.615336	-1.168559
1.143048	0.900502
-1.866178	0.563694
2.025139	0.514832
-0.695232	-1.553495
-0.139751	-7.644299
0.956498	-0.913192
-1.703425	-0.681141
1.048078	-4.676179
0.286443	-3.840785
-1.889045	-1.659608
1.903659	-0.630163
-0.778413	-1.491808
-0.116398	-7.663758
0.992297	-0.987013
-1.594396	-0.699606
0.793567	-5.548545
0.430859	-3.240202
-1.955786	-1.112399
1.931390	-0.569367
-0.748887	-1.605525
-0.162682	-7.596195
1.045812	-0.910348
-1.510764	-0.649788
0.660348	-6.044661
0.490378	-2.893914
-1.999648	-0.732102
1.934220	-0.259552
-0.855258	-0.909486
0.135534	-7.651355
0.597855	-1.570106
-1.415753	3.605050
1.404736	1.011687
-1.666516	0.669350
2.035859	1.108042
-0.368666	-3.030200
-0.716047	-5.890565
1.487302	-0.356476
-1.177993	-0.345200
0.454644	-6.852473
0.380480	-2.372711
1.189486	0.695359
-1.786796	0.222354
2.058475	-0.800729
-0.219860	-3.758071
-1.048607	-4.730432
1.663342	-0.311710
-1.117709	-0.121203
0.579900	-6.409654
0.176823	-2.565595
1.008596	0.257821
-1.929414	0.421246
2.001399	0.356402
-0.797320	-0.999311
0.096904	-7.694009
0.612487	-1.477932
-1.352329	3.791895
1.399184	1.023579
-1.673056	0.669751
2.037854	1.080044
-0.376778	-3.005431
-0.705246	-5.928476
1.482354	-0.369345
-1.175877	-0.368214
0.442858	-6.890905
0.396035	-2.345369
1.214216	0.731276
-1.766899	0.242553
2.059689	-0.846609
-0.191227	-3.803586
-1.085491	-4.618608
1.667924	-0.248681
-1.137072	-0.009945
0.668937	-6.087370
0.108802	-2.683222
-0.997279	-4.913528
1.059877	0.221297
-1.857356	0.021329
2.017807	-0.997033
-0.293563	-3.639015
-0.970290	-4.964807
1.654888	-0.490460
-1.055348	-0.479474
0.355302	-7.164207
0.412888	-2.127119
1.093782	0.647431
-1.886026	0.429976
2.033733	0.289754
-0.655755	-1.830197
-0.250048	-7.428038
1.109512	-0.750352
-1.449734	-0.572542
0.594919	-6.302526
0.497016	-2.728153
-2.052623	-0.141000
1.878407	0.240743
-1.076834	0.455559
-0.263040	-2.556465
-0.545676	-6.539465
1.180512	-0.188002
-1.541102	-0.282504
0.821783	-5.516491
0.304714	-3.278201
-2.058903	0.937739
1.664214	0.601023
-1.391014	0.959240
-0.542919	-1.861135
-0.254383	-7.431875
1.014131	-0.673485
-1.668023	-0.579947
0.977381	-4.927045
0.306986	-3.673501
-1.966985	-1.282615
1.891664	-0.232663
-0.941341	-0.462297
0.366647	-7.113897
0.295267	-2.130219
0.841930	0.213961
1.323168	1.242155
-1.762667	0.782439
2.010130	1.026818
-0.634503	-1.779817
-0.228829	-7.483114
1.055799	-0.752581
-1.552525	-0.586549
0.743823	-5.748889
0.428747	-3.111844
-2.033823	-0.583074
1.894447	0.024726
-1.006187	0.010000
0.730901	-5.830036
-0.008947	-2.548916
-0.709220	-5.911074
1.012739	-0.007838
-1.880239	-0.038160
2.016252	-0.912992
-0.343074	-3.483051
-0.897722	-5.204026
1.629224	-0.552743
-1.041062	-0.628129
0.279434	-7.371598
0.525374	-1.929906
1.367841	0.936401
-1.675863	0.545960
2.079762	0.708643
-0.270590	-3.412541
-0.886398	-5.291780
1.571103	-0.249020
-1.180680	-0.098473
0.602575	-6.335815
0.199302	-2.649734
1.070430	0.361548
-1.870944	0.151144
2.051348	-0.428905
-0.413718	-3.136347
-0.755594	-5.711623
1.553670	-0.552170
-1.070006	-0.676297
0.265009	-7.403720
0.582146	-1.883434
-1.886053	1.946876
1.596993	0.948384
-1.520905	1.052836
1.753021	2.489990
-0.651211	-1.382153
-0.061026	-7.723134
0.767416	-1.085427
-2.006144	0.683792
1.863319	0.665494
-1.157025	1.010109
-0.709531	-0.573225
0.371709	-7.021843
0.121404	-1.970006
-0.650150	-5.996567
0.662045	-0.301357
0.680761	0.542164
0.261082	0.581995
0.223506	-6.388933
-0.377075	0.406716
-0.642376	0.022954
-0.333888	-1.731689
-0.196166	-7.498965
0.679889	-0.864582
1.231916	1.024890
-1.803591	0.530136
2.061765	0.437234
-0.494732	-2.620842
-0.554702	-6.460818
1.403290	-0.526114
-1.160783	-0.636315
0.316805	-7.261402
0.590312	-2.011633
-2.010683	1.091538
1.739442	0.781027
-1.352488	1.219940
-0.815037	-0.040196
0.846066	-5.350616
-0.148591	-2.236416
-0.464047	-6.775842
0.900670	-0.339252
-1.972673	0.467106
1.950324	0.479293
-0.964176	0.045972
0.804716	-5.550304
-0.069453	-2.501530
-0.626418	-6.216925
1.014464	-0.091124
-1.856851	-0.152010
1.918386	-1.689313
-0.209934	-3.942472
-1.128434	-4.448454
1.713985	-0.461791
-1.037332	-0.410993
0.391017	-7.052720
0.342381	-2.205933
0.970868	0.435811
-1.916900	1.295312
1.805588	1.091441
-1.272849	1.467257
-0.994765	1.689874
-1.060801	3.148540
0.920827	4.114454
0.922391	1.927674
0.885525	1.171401
0.998410	1.134731
-1.681302	2.553152
1.545021	1.442241
-1.622446	1.365450
1.780715	2.152864
-0.979534	0.843630
-0.688952	-0.498992
0.439233	-6.782946
0.041199	-1.982513
-0.530148	-6.447136
0.672628	-0.408156
0.816772	0.672995
0.883239	0.935208
1.107217	1.197398
-1.871539	1.277592
1.842987	1.219915
-1.185295	1.421302
-0.982320	1.787086
-1.059214	3.380524
1.031388	3.600258
0.961960	1.845619
1.080877	1.341695
-1.816230	1.805926
1.712643	1.420141
-1.422298	1.647435
1.442184	3.286602
-1.093387	2.027576
-1.116261	3.479322
1.156359	3.083983
1.136646	1.901014
-1.662242	2.469109
1.566596	1.653941
-1.596073	1.633976
1.694379	2.333080
-1.137042	1.843140
-1.144849	2.996455
1.065097	3.713597
1.064627	2.058006
1.339748	1.604181
-1.764625	1.295315
1.861758	1.559454
-1.051697	1.065078
-0.818171	0.416264
-0.466908	-1.550774
-0.113946	-7.646449
0.676239	-1.013854
1.339626	1.070139
-1.724620	0.616921
2.059819	0.773135
-0.406268	-2.944309
-0.680409	-6.011680
1.478192	-0.423275
-1.156393	-0.462870
0.389500	-7.059910
0.459442	-2.210513
1.328424	0.859308
-1.688458	0.428302
2.107472	0.166773
-0.193537	-3.658427
-1.023227	-4.837632
1.619904	-0.151631
-1.193581	0.104970
0.772542	-5.720498
0.065188	-2.839646
-0.973326	-5.013991
1.146365	0.253201
-1.732915	-0.102488
1.363341	-3.768141
0.051314	-4.066475
-1.620276	-2.983067
1.760075	0.021561
-1.162760	0.441230
-0.186403	-2.817262
-0.677820	-6.068448
1.259719	-0.027989
-1.489702	-0.135010
0.811604	-5.574448
0.255865	-3.222107
-1.902754	2.003315
1.514814	0.665511
-1.508316	0.674988
1.887377	2.071731
-0.262391	-3.193015
-0.799122	-5.618105
1.482661	-0.143518
-1.260691	-0.042774
0.665924	-6.111793
0.197620	-2.804569
1.162751	0.455799
-1.764019	0.034882
1.661194	-2.848324
-0.064890	-4.057958
-1.337285	-3.845121
1.729627	-0.124426
-1.142524	0.222687
0.925093	-5.176071
-0.046502	-2.825925
-0.786656	-5.667098
1.176956	0.117502
-1.647643	-0.160649
1.079017	-4.652322
0.174465	-3.761392
-2.097980	-0.385822
1.720118	0.339111
-1.280337	0.818398
-0.439781	-2.241632
-0.403261	-7.016742
1.157119	-0.438317
-1.486973	-0.408381
0.696422	-5.954796
0.394666	-2.988841
-2.059681	0.795764
1.717638	0.617422
-1.346685	1.063294
-0.664645	-1.095472
0.072279	-7.693174
0.528036	-1.451431
0.967725	0.649939
-1.836300	1.884054
1.677636	1.292690
-1.477252	1.492984
1.570197	2.939616
-1.012490	1.384338
-0.983070	2.302558
1.037425	2.597392
1.075497	1.541492
-1.722558	2.294717
1.602363	1.528019
-1.566161	1.560447
1.681139	2.465435
-1.078186	1.636183
-1.069159	2.806640
0.963849	2.138890
0.992303	1.322719
-1.469467	3.284482
1.429071	1.468353
-1.710778	1.184994
1.882286	1.680030
-0.917100	0.210236
-0.223835	-2.364397
-0.480830	-6.750153
1.034592	-0.269173
-1.766641	-0.372290
1.332068	-3.823330
0.096348	-4.178307
-1.721171	-2.570718
1.830693	-0.238937
-1.019962	-0.148395
0.572627	-6.416853
0.117747	-2.464257
-0.892770	-5.231841
0.939162	0.082665
-1.952971	0.930092
1.873650	0.866812
-1.144370	1.102169
-0.798538	0.115742
-0.265430	-2.111568
-0.367676	-7.100911
0.903195	-0.476667
-1.954711	0.105866
2.006456	-0.019703
-0.722532	-1.545047
-0.137146	-7.644497
0.977130	-0.926691
-1.651566	-0.685447
0.917204	-5.114948
0.359907	-3.545529
-1.937044	-1.331973
1.917780	-0.551404
-0.783877	-1.423442
-0.087852	-7.697826
0.946812	-1.033497
-1.678367	-0.731036
0.974297	-4.913289
0.336473	-3.682859
-1.898000	-1.533905
1.911546	-0.777476
-0.699526	-1.947341
-0.297790	-7.281701
1.217983	-0.788151
-1.250224	-0.756173
0.332282	-7.184918
0.676322	-2.037327
-1.932435	-0.732478
1.941717	-1.148656
-0.448363	-3.185895
-0.774548	-5.611777
1.586800	-0.726313
-0.983967	-1.048590
0.087620	-7.689141
0.822460	-1.428341
-1.818077	-0.801979
1.453061	-3.379937
0.058328	-4.419237
-1.625802	-2.792532
1.851002	-0.868273
-0.755125	-1.753485
-0.221311	-7.467646
1.146023	-0.876151
-1.330314	-0.703921
0.419899	-6.908373
0.624905	-2.265232
-1.962866	-0.681092
1.963119	-0.687201
-0.622130	-2.278831
-0.427049	-6.882850
1.335871	-0.704681
-1.141166	-0.881336
0.214691	-7.482496
0.759483	-1.741236
-1.845455	-0.872411
1.595075	-2.899715
-0.036316	-4.439046
-1.489135	-3.260159
1.825266	-0.830202
-0.802969	-1.527175
-0.129585	-7.637263
1.037693	-0.989022
-1.495605	-0.682661
0.628652	-6.155470
0.517453	-2.811330
-1.973722	-0.845536
1.946963	-0.519350
-0.733965	-1.658298
-0.184330	-7.558027
1.068556	-0.876425
-1.477928	-0.632893
0.616484	-6.210413
0.507834	-2.778810
-2.013754	-0.582728
1.929467	-0.133082
-0.902344	-0.597120
0.293307	-7.321998
0.371057	-1.970852
0.865818	0.347143
1.366186	1.281833
-1.738114	0.870915
1.984090	1.236761
-0.673797	-1.509151
-0.118246	-7.674820
0.897493	-0.948038
-1.826043	-0.601162
1.516630	-3.207744
0.012120	-4.366825
-1.558402	-3.070704
1.834137	-0.602286
-0.888701	-0.979272
0.102442	-7.692275
0.694118	-1.470507
-2.010198	0.895050
1.803075	0.755033
-1.262924	1.226607
-0.846188	0.341303
-0.382938	-1.904006
-0.266310	-7.386156
0.866360	-0.657193
-1.973518	0.176028
1.983923	0.156025
-0.832484	-0.859622
0.161495	-7.607848
0.528190	-1.648790
1.136318	0.806208
-1.862665	0.459609
2.044391	0.311350
-0.602832	-2.108844
-0.358955	-7.126655
1.231269	-0.643322
-1.293041	-0.599010
0.420363	-6.929778
0.571485	-2.272734
-2.050116	0.311608
1.850832	0.465167
-1.155547	0.862251
-0.566820	-1.461695
-0.085424	-7.694666
0.726586	-1.051077
-1.889401	1.837791
1.643063	1.047835
-1.496999	1.231999
1.659349	2.756975
-0.823481	-0.175908
0.655287	-6.047838
-0.051395	-2.243604
-0.536872	-6.498027
0.854814	-0.277534
-1.916898	1.532970
1.727651	1.082893
-1.400551	1.422344
1.381295	3.579193
-0.962395	1.125941
-0.890688	1.309437
-0.958940	2.478530
0.945061	2.410572
0.856779	1.258103
0.805606	0.964196
0.664001	0.783403
0.104721	0.813993
-0.525611	0.414361
-0.639450	-0.231855
0.758702	-5.586027
-0.181282	-1.914366
-0.317257	-7.189560
0.701626	-0.659199
1.181827	1.016820
-1.844849	0.599619
2.029985	0.577778
-0.663657	-1.717102
-0.205299	-7.530110
1.041985	-0.800820
-1.562195	-0.610401
0.754372	-5.706102
0.429829	-3.139034
-2.017799	-0.722522
1.908103	-0.091413
-0.954197	-0.309947
0.466926	-6.781134
0.181048	-2.287341
-0.994036	-4.857112
0.850667	0.056918
-1.617552	2.887630
1.479549	1.264881
-1.659715	1.046366
1.901552	1.758425
-0.739953	-0.981599
0.115291	-7.661520
0.523074	-1.544796
1.025543	0.702125
-1.913726	1.121916
1.858997	1.044338
-1.167930	1.277435
-0.910412	1.095154
-0.889029	1.411852
-0.980257	2.814877
0.842013	2.125453
0.490422	0.965738
-0.287358	1.220751
-0.791915	2.599976
0.742122	2.420630
0.117213	1.464452
-0.632830	1.353636
-0.885256	3.300951
0.623982	1.897782
-0.184456	1.922655
-0.629995	3.894158
0.312373	2.297002
-0.547594	2.242054
0.775948	3.064373
0.293959	1.376521
-0.509837	1.134865
-0.854816	2.722248
0.738271	2.271464
0.100202	1.440760
-0.640597	1.362318
-0.888137	3.309645
0.627955	1.887660
-0.176385	1.903312
-0.644546	3.789214
0.327133	2.318698
-0.537070	2.264372
0.765204	3.071268
0.264028	1.424972
-0.535410	1.159835
-0.861817	2.799369
0.713910	2.217571
0.028710	1.597583
-0.691289	1.923408
0.925220	3.180769
0.723980	1.376716
0.141810	0.997878
-0.541485	0.633718
-0.752509	0.650154
-0.695364	-0.159466
0.811018	-5.424113
-0.180194	-2.013481
-0.358315	-7.089357
0.771361	-0.558125
-1.671765	2.737656
1.496007	1.176008
-1.635764	0.996313
1.902437	1.810227
-0.665552	-1.431871
-0.084047	-7.709119
0.825299	-1.026197
-1.960300	-0.157289
2.001314	-0.337755
-0.647741	-2.038115
-0.333171	-7.193336
1.228997	-0.710939
-1.267873	-0.676261
0.372658	-7.074463
0.623722	-2.146848
-2.013528	-0.279435
1.946495	-0.037570
-0.890851	-0.609692
0.287446	-7.335687
0.370022	-1.956495
0.853583	0.331305
1.309463	1.252705
-1.773233	0.787569
2.007667	1.008834
-0.660102	-1.638630
-0.172506	-7.594501
0.982200	-0.845058
-1.672128	-0.653773
0.971881	-4.933849
0.323984	-3.669146
-1.933489	-1.413597
1.908782	-0.469396
-0.832289	-1.138858
0.031794	-7.740129
0.770767	-1.294322
-1.988360	-0.068391
1.978235	-0.039689
-0.808769	-1.068232
0.064171	-7.724241
0.686220	-1.382125
-1.952914	1.475723
1.699594	0.942296
-1.422237	1.273939
1.469602	3.363174
-0.852944	0.159050
-0.246806	-2.228462
-0.419401	-6.947111
0.966369	-0.376403
-1.867798	-0.264636
1.885590	-1.829424
-0.205393	-3.990827
-1.150146	-4.372781
1.725591	-0.503569
-1.014924	-0.506656
0.336359	-7.216980
0.404773	-2.078544
1.032009	0.576472
-1.925044	0.794418
1.934030	0.798371
-1.008824	0.451946
-0.320160	-2.320790
-0.441027	-6.894662
1.091089	-0.333818
-1.639137	-0.412260
0.957118	-5.022127
0.282577	-3.602041
-2.061368	-0.634175
1.817284	0.202595
-1.151914	0.632419
-0.348986	-2.433003
-0.482487	-6.758473
1.185080	-0.300544
-1.493559	-0.328907
0.733659	-5.830438
0.352200	-3.075427
-2.027648	1.197732
1.649124	0.672073
-1.420121	0.980129
1.516314	3.308998
-0.561459	-1.792814
-0.227516	-7.492119
0.985726	-0.723994
-1.710289	-0.599548
1.082190	-4.576897
0.255422	-3.893932
-1.900669	-1.675228
1.891493	-0.417436
-0.880611	-0.871710
0.151298	-7.629998
0.593030	-1.609485
-1.479625	3.413464
1.414504	1.006917
-1.659249	0.685183
2.027745	1.176953
-0.374678	-2.995147
-0.701657	-5.943527
1.477285	-0.360062
-1.182222	-0.354960
0.451381	-6.863213
0.389063	-2.367400
1.210128	0.721104
-1.769086	0.234705
2.055645	-0.886498
-0.190493	-3.809471
-1.089162	-4.606153
1.669742	-0.251454
-1.135287	-0.012042
0.665878	-6.098489
0.109778	-2.678986
-0.997869	-4.910899
1.057415	0.219713
-1.860797	0.030424
2.023937	-0.920588
-0.309618	-3.581941
-0.942815	-5.056616
1.644452	-0.504298
-1.054460	-0.513202
0.337623	-7.215819
0.440409	-2.081991
1.149830	0.727721
-1.837506	0.316347
2.069576	-0.105784
-0.417553	-3.059153
-0.725237	-5.829236
1.528540	-0.516041
-1.095427	-0.613026
0.299751	-7.316614
0.547356	-1.975232
-1.766115	2.478165
1.509802	0.957417
-1.585507	0.854482
1.911116	1.875508
-0.472909	-2.450186
-0.486737	-6.724275
1.304428	-0.448290
-1.281580	-0.453425
0.465324	-6.800488
0.478238	-2.399495
-1.880187	2.025209
1.564553	0.870400
-1.528895	0.921459
1.812189	2.308506
-0.513906	-2.174913
-0.379087	-7.084832
1.188414	-0.523080
-1.404395	-0.454450
0.578323	-6.386814
0.456229	-2.687792
-2.034659	1.018758
1.708861	0.697824
-1.371678	1.111835
-0.708006	-0.841308
0.199447	-7.501912
0.351364	-1.745473
0.676790	0.090203
0.488145	0.469823
-0.174561	0.844164
-0.711717	1.086972
-0.897238	2.212259
0.995302	2.700625
0.948471	1.435900
1.188200	1.352600
-1.847788	1.093410
1.905416	1.182900
-1.036829	0.799097
-0.602418	-1.121649
0.074033	-7.671804
0.466925	-1.467883
0.754005	0.344114
0.728157	0.719638
0.384840	0.603038
-0.165486	-6.391096
-0.305171	0.728556
-0.743395	1.083854
-0.899077	2.092906
1.031716	2.859315
0.995820	1.550038
1.336255	1.474753
-1.769848	1.095852
1.918657	1.402476
-0.921563	0.143511
1.065555	-4.648332
-0.174465	-2.414385
-0.521842	-6.602944
1.028523	-0.213119
-1.795807	-0.319686
1.480939	-3.368675
0.019226	-4.241757
-1.560266	-3.119122
1.808696	-0.294317
-1.025206	-0.189744
0.538589	-6.541974
0.154219	-2.433583
-0.988534	-4.902213
0.926058	0.118602
-1.933216	1.253956
1.802295	1.035894
-1.279562	1.434141
-0.976783	1.510217
-1.017582	2.811906
0.891386	2.125200
0.703148	1.057972
0.150668	0.863844
-0.507569	0.478085
-0.678104	0.070819
-0.336911	-1.781100
-0.217748	-7.465499
0.723019	-0.805294
-1.500694	3.313978
1.425127	1.132554
-1.676577	0.810363
1.989361	1.361512
-0.520532	-2.317323
-0.436332	-6.890522
1.275058	-0.519267
-1.286452	-0.512969
0.446489	-6.856401
0.516404	-2.347178
-1.994973	1.320954
1.682101	0.798682
-1.417613	1.136894
1.470663	3.405246
-0.726585	-0.770958
0.234856	-7.426180
0.311460	-1.818012
0.666767	0.014147
0.488080	0.450645
-0.169329	0.829352
-0.705516	1.028283
-0.884848	1.982446
1.039539	3.029937
0.975992	1.602297
1.234816	1.419734
-1.825569	1.075925
1.917580	1.225429
-0.990011	0.532657
-0.403952	-2.025745
-0.316059	-7.270815
0.978275	-0.546116
-1.788958	-0.481387
1.380141	-3.657879
0.081681	-4.262227
-1.679611	-2.684339
1.844614	-0.421342
-0.944224	-0.594931
0.288883	-7.341606
0.414413	-1.965762
0.972524	0.525063
-1.895153	1.487052
1.764262	1.175399
-1.345525	1.528771
-1.023307	1.759133
-1.082392	3.190807
1.002625	3.810252
0.967817	1.923705
1.076055	1.353104
-1.804480	1.885651
1.693597	1.437482
-1.451486	1.633529
1.504350	3.088376
-1.090216	1.945974
-1.128187	3.316677
1.132736	3.273852
1.094955	1.931644
-1.533382	2.987360
1.467935	1.635477
-1.681478	1.465361
1.792232	1.941234
-1.083316	1.420993
-0.992427	2.174489
1.083724	2.767989
1.113824	1.663233
-1.742011	2.149414
1.636954	1.559625
-1.523220	1.647811
1.614534	2.679061
-1.115773	1.910816
-1.145746	3.164106
1.120564	3.413977
1.088275	1.988763
-1.453532	3.255184
1.427269	1.635744
-1.710012	1.411248
1.818001	1.811898
-1.072429	1.302370
-0.945563	1.684667
-1.037064	3.289866
0.939008	3.970949
0.893696	1.854982
0.777177	1.057349
0.472884	0.699396
-0.250205	0.993609
-0.772890	1.789519
-0.793371	4.405186
0.968061	3.397956
0.820935	1.560264
0.512011	0.828688
-0.232643	1.146729
-0.777812	2.173405
0.919479	2.786060
0.720982	1.245395
0.163097	0.917381
-0.511094	0.542006
-0.710357	0.320988
-0.483767	-1.335358
-0.013402	-7.683516
0.507796	-1.275798
0.747821	0.392122
0.663969	0.668771
0.145923	0.718224
-0.477169	0.324207
-0.598133	-0.422724
0.558638	-6.304681
-0.097717	-1.859642
-0.343875	-7.073130
0.625365	-0.665080
0.774386	0.572533
0.702196	0.739476
0.262399	0.645622
0.258712	-6.290833
-0.391376	0.451715
-0.665021	0.163622
-0.407959	-1.562346
-0.116871	-7.622433
0.617944	-1.034703
1.041902	0.818103
-1.904514	1.170310
1.852591	1.087641
-1.178465	1.329548
-0.937274	1.346223
-0.970664	2.438167
0.973458	2.449663
0.942666	1.353322
1.199247	1.345265
-1.844078	1.044046
1.920167	1.154375
-0.999809	0.564932
-0.421324	-1.971968
-0.293986	-7.329099
0.958456	-0.588139
-1.816931	-0.465135
1.513453	-3.240827
0.009727	-4.313370
-1.549170	-3.126006
1.823509	-0.459194
-0.954050	-0.595924
0.288861	-7.342716
0.424211	-1.964501
1.001239	0.566960
-1.920208	1.147726
1.846132	1.040020
-1.195234	1.337410
-0.938156	1.319386
-0.963280	2.334341
1.007856	2.560327
1.014583	1.461148
-1.510355	3.136295
1.448007	1.501477
-1.698793	1.257503
1.856663	1.776380
-0.960083	0.555781
-0.450828	-1.801001
-0.222521	-7.491573
0.862742	-0.737186
-1.964486	0.030707
2.000046	-0.067162
-0.733351	-1.499779
-0.118721	-7.669189
0.954922	-0.960500
-1.688174	-0.702299
1.004093	-4.818079
0.314814	-3.746801
-1.899511	-1.568659
1.909212	-0.674638
-0.749309	-1.656160
-0.182663	-7.557236
1.080188	-0.890031
-1.448614	-0.643214
0.573407	-6.368602
0.532379	-2.667612
-2.007638	-0.576392
1.938545	-0.186827
-0.868098	-0.805009
0.185398	-7.569679
0.519436	-1.707147
1.147365	0.807211
-1.851870	0.421965
2.055326	0.211422
-0.539915	-2.450325
-0.489676	-6.689112
1.357794	-0.575553
-1.176355	-0.686674
0.306569	-7.281329
0.628643	-1.978483
-2.039181	0.290444
1.875839	0.438107
-1.112142	0.721163
-0.463272	-1.933832
-0.278727	-7.371544
0.977070	-0.618045
-1.767154	-0.530700
1.280128	-3.960608
0.139786	-4.186369
-1.770812	-2.323435
1.863114	-0.438353
-0.914756	-0.731779
0.218806	-7.507650
0.504689	-1.789308
1.154346	0.796840
-1.843564	0.389659
2.062939	0.115435
-0.490037	-2.704901
-0.587856	-6.333752
1.436823	-0.546507
-1.129516	-0.687951
0.281276	-7.355325
0.618952	-1.917555
-2.028397	0.799893
1.794886	0.692668
-1.267527	1.179795
-0.805364	-0.000902
0.944772	-5.005042
-0.183657	-2.205962
-0.434219	-6.880542
0.903791	-0.379010
-1.967583	0.323679
1.976194	0.312116
-0.877866	-0.535067
0.335602	-7.194179
0.288089	-2.049168
0.782300	0.125967
1.039966	1.005097
-1.861869	1.588114
1.756299	1.289140
-1.355480	1.600144
1.160348	4.192066
-1.061659	2.004003
-1.087505	3.568117
1.137977	3.103931
1.110382	1.862663
-1.630201	2.626767
1.534176	1.631279
-1.628314	1.559646
1.736682	2.184220
-1.107534	1.655147
-1.079311	2.764975
0.987449	2.174192
1.065611	1.403243
-1.765010	2.111950
1.641392	1.479021
-1.522022	1.582489
1.624245	2.687036
-1.076081	1.718470
-1.093631	2.966234
0.899504	4.295662
0.978804	2.042115
1.077633	1.381446
-1.796541	1.927842
1.684248	1.451337
-1.464802	1.630155
1.529176	3.005290
-1.090593	1.921193
-1.130020	3.264026
1.121422	3.347988
1.081570	1.945288
-1.462630	3.232080
1.430991	1.623290
-1.708227	1.397337
1.821152	1.813020
-1.062173	1.246141
-0.921845	1.439932
-0.991855	2.793848
0.863481	2.139435
0.580165	0.991129
-0.160026	1.277550
-0.756887	2.193406
0.898703	2.780486
0.655486	1.199942
-0.033765	1.232628
-0.696752	1.467021
-0.903219	3.496315
0.663788	1.767261
-0.090738	1.660038
-0.723168	2.706822
0.653062	2.478613
-0.102626	2.113885
-0.617461	3.726112
0.314516	2.486707
-0.533681	2.477969
0.693004	2.966021
0.057293	1.887544
-0.678683	2.317383
0.804366	2.760401
0.339863	1.216983
0.368855	-5.705604
-0.456363	1.061077
-0.839587	2.456537
0.845004	2.475968
0.475804	1.061754
-0.321012	1.263119
-0.795843	2.838028
0.642190	2.292120
-0.140221	2.093503
-0.590987	3.974127
0.281269	2.410401
-0.559808	2.409604
0.723628	2.932952
0.126258	1.667207
-0.644880	1.660668
-0.761327	4.308994
0.856402	3.804027
0.658694	1.539561
-0.081667	1.510739
-0.731292	2.328508
0.827632	2.682390
0.414107	1.139291
-0.064237	-6.214714
-0.390693	1.173450
-0.819584	2.748509
0.697204	2.299749
-0.013103	1.755003
-0.703838	2.446176
0.760378	2.636770
0.188700	1.394834
-0.579022	1.128086
-0.874548	2.654422
0.785218	2.297839
0.255666	1.157313
-0.499656	0.865686
-0.826967	1.715694
-0.937682	3.796334
0.963885	3.625066
0.838518	1.671704
0.565746	0.872568
-0.160303	1.191579
-0.754208	1.969653
0.958151	3.062175
0.805411	1.409916
0.481607	0.786455
-0.260236	1.071922
-0.783423	2.063741
0.957780	2.916959
0.817459	1.371577
0.555256	0.800216
-0.161468	1.136026
-0.750592	1.830288
0.961832	3.312501
0.806127	1.508203
0.455887	0.807353
-0.498515	-5.446676
-0.291458	1.037145
-0.791560	2.061392
0.963781	2.915984
0.832721	1.386027
0.627438	0.844149
-0.020399	1.020383
-0.654707	0.966858
-0.867447	1.864652
-0.886819	4.166488
1.026556	3.257749
0.928661	1.643811
1.011246	1.233492
-1.676313	2.559635
1.544537	1.463073
-1.623300	1.385578
1.775759	2.158437
-0.994291	0.952717
-0.768407	0.077615
-0.267432	-2.058327
-0.345960	-7.159428
0.867907	-0.526037
-1.983256	0.503717
1.931214	0.526375
-1.013510	0.342437
-0.231822	-2.511716
-0.537189	-6.565080
1.129539	-0.185766
-1.622744	-0.327161
0.951886	-5.053011
0.264949	-3.574937
-2.092132	-0.192884
1.765622	0.352299
-1.241341	0.858051
-0.502775	-1.898560
-0.266699	-7.402203
0.995376	-0.645339
-1.718326	-0.564156
1.112962	-4.482724
0.233461	-3.944532
-1.893583	-1.743828
1.882881	-0.360459
-0.913878	-0.677369
0.247061	-7.443291
0.455553	-1.861832
1.024182	0.627171
-1.922233	0.981147
1.890135	0.948442
-1.106179	1.016222
-0.747890	-0.232278
0.655345	-6.016691
-0.086560	-2.119514
-0.457317	-6.762523
0.792642	-0.411607
-1.675590	2.714427
1.501198	1.196352
-1.635250	1.026901
1.891739	1.847392
-0.696297	-1.235915
-0.000933	-7.740617
0.697334	-1.236132
-1.895068	1.828349
1.639116	1.022903
-1.497227	1.204055
1.666809	2.742920
-0.798237	-0.362761
0.491089	-6.644218
0.057684	-2.147223
-0.622529	-6.146806
0.767000	-0.249898
1.230232	1.115929
-1.816372	0.642535
2.033659	0.673383
-0.624815	-1.911089
-0.281097	-7.353820
1.132519	-0.696383
-1.428873	-0.549368
0.576195	-6.376561
0.496319	-2.678410
-2.061677	0.113781
1.846841	0.384347
-1.148939	0.783386
-0.494039	-1.833167
-0.238811	-7.464944
0.937906	-0.695209
-1.825216	-0.497970
1.542628	-3.140610
-0.005636	-4.328919
-1.524001	-3.200764
1.821585	-0.501756
-0.940764	-0.685557
0.241735	-7.458996
0.490126	-1.845032
1.141712	0.772588
-1.852924	0.394734
2.057621	0.150683
-0.522731	-2.546006
-0.526664	-6.555818
1.389679	-0.565781
-1.153823	-0.700470
0.288627	-7.331427
0.634091	-1.933923
-2.038374	0.357222
1.868197	0.476493
-1.129879	0.803971
-0.529007	-1.635830
-0.157688	-7.612771
0.824342	-0.874825
-1.990996	0.257255
1.955668	0.303217
-0.933378	-0.212493
0.549388	-6.478471
0.085347	-2.348158
-0.760802	-5.679259
0.876739	-0.051456
-1.877156	1.765726
1.685439	1.165638
-1.461907	1.409838
1.553736	3.037556
-0.957462	0.966749
-0.799416	0.394317
-0.465655	-1.531236
