0.236168	-6.575940
-0.322447	-0.024977
-0.432249	-0.934151
0.210839	-7.342202
0.117337	-1.574806
-0.468301	-6.539191
0.435234	-0.581664
0.144485	0.058127
0.223665	-6.664322
-0.297548	-0.152671
-0.373863	-1.046629
0.143559	-7.449856
0.157309	-1.478860
-0.496375	-6.407341
0.390447	-0.550076
0.076194	0.007526
0.349953	-6.418712
-0.317863	-0.309579
0.774768	-5.332943
-0.299123	-1.220233
0.037882	-7.548517
0.240583	-1.337533
-0.622380	-5.909905
0.344396	-0.420543
-0.492607	-6.022326
-0.016409	-0.003454
0.590452	-5.712750
-0.360157	-0.470486
0.567411	-6.124864
-0.209854	-1.390789
-0.077178	-7.524545
0.327085	-1.157801
0.307429	-0.253268
-0.295382	-6.541508
-0.103453	0.020540
-0.405862	-0.572227
0.474571	-6.496963
-0.136884	-1.514614
-0.172905	-7.404743
0.394869	-0.999784
0.299213	-0.106791
-0.208886	-6.672874
-0.159075	0.089624
-0.452231	-0.555411
0.485940	-6.486672
-0.121679	-1.601843
-0.220260	-7.332059
0.453162	-0.917157
0.352274	0.020330
-0.308540	-6.379848
-0.166928	0.284273
-0.529524	-0.258522
0.831260	-5.267731
-0.244415	-1.673472
-0.190875	-7.460319
0.561798	-0.930867
0.693045	0.411425
0.378310	0.518073
-0.178026	-6.415221
-0.289225	0.657600
-0.716576	0.821253
-0.811786	0.926538
-0.837585	1.023819
-0.874416	1.406320
-0.976407	2.842749
0.828398	2.106165
0.435486	0.965155
-0.250980	-6.041798
-0.341923	1.099667
-0.808950	2.406270
0.844241	2.540227
0.471140	1.080903
-0.329258	1.266768
-0.796976	2.876274
0.628388	2.273348
-0.169510	2.145760
-0.516224	4.373811
0.242332	2.335162
-0.585422	2.367566
0.746949	2.897805
0.182851	1.512890
-0.597432	1.299052
-0.875495	3.188106
0.621604	1.976894
-0.190761	1.986222
-0.590299	4.110341
0.284450	2.272242
-0.566070	2.227187
0.787658	3.032146
0.322055	1.329640
-0.485131	1.128704
-0.847839	2.701933
0.740500	2.291221
0.107132	1.433033
-0.635389	1.328371
-0.888744	3.222075
0.635544	1.937709
-0.161933	1.910535
-0.651525	3.704945
0.337600	2.351892
-0.528069	2.303254
0.750069	3.068700
0.222026	1.499375
-0.571276	1.246533
-0.869881	3.053334
0.640718	2.062069
-0.151189	1.969309
-0.635720	3.767270
0.322008	2.375426
-0.537267	2.336663
0.742774	3.024850
0.193579	1.541466
-0.593944	1.326116
-0.871110	3.273942
0.605482	1.934475
-0.221231	2.000144
-0.535528	4.419891
0.269034	2.171211
-0.578115	2.107634
0.825837	3.114004
0.447980	1.264145
-0.218753	-5.944738
-0.380724	1.353540
-0.793189	3.263225
0.514527	2.107639
-0.364321	2.183676
0.686432	3.731897
0.245409	1.710900
-0.577879	1.513055
-0.811762	3.863206
0.640488	4.682490
0.569476	1.682413
-0.273806	1.852149
-0.582305	4.344431
0.310004	2.031774
-0.552799	1.908011
0.839447	3.418781
0.533184	1.357537
-0.296476	1.580427
-0.722924	3.630356
0.404501	2.112194
-0.482666	2.064480
0.782166	3.399290
0.380449	1.399090
0.258849	-5.842483
-0.454530	1.307661
-0.820816	3.246625
0.546668	2.048387
-0.320080	2.146528
0.632260	4.037744
0.243169	1.825350
-0.586793	1.667194
-0.687769	4.521319
0.818273	3.875436
0.596383	1.522686
-0.213772	1.700901
-0.701035	3.527510
0.393275	2.262706
-0.489079	2.219639
0.758136	3.231809
0.277837	1.462459
-0.531611	1.211796
-0.858391	2.970993
0.650846	2.124160
-0.128572	1.959331
-0.654092	3.584154
0.353702	2.416237
-0.512347	2.381354
0.721017	3.064024
0.144665	1.676661
-0.635242	1.622102
-0.787017	4.162858
0.828276	3.943923
0.640883	1.569404
-0.126842	1.614459
-0.730785	2.820028
0.608706	2.425289
-0.195651	2.302204
0.264962	5.165053
0.186590	2.278878
-0.613688	2.419950
0.735603	2.811095
0.138148	1.582255
-0.631737	1.489129
-0.856163	3.701070
0.629190	4.799147
0.613921	1.708763
-0.196003	1.812291
-0.669397	3.695149
0.351731	2.282222
-0.521034	2.221264
0.771354	3.144355
0.295732	1.403130
-0.512444	1.165320
-0.854774	2.823268
0.697872	2.211053
-0.014610	1.712664
-0.706262	2.372759
0.794732	2.680416
0.301556	1.230402
-0.483252	1.001473
-0.843388	2.250237
0.938094	2.667557
0.790757	1.267059
0.458392	0.748130
-0.276217	1.000160
-0.783326	1.897924
0.982628	3.172162
0.851644	1.503639
0.682139	0.907077
0.124220	0.839661
-0.518961	0.444666
-0.657923	-0.094562
-0.249637	-1.895352
-0.282617	-7.303013
0.733847	-0.693389
-1.284076	3.967820
1.393418	1.139705
-1.699221	0.761383
2.012871	1.181772
-0.502605	-2.440239
-0.483674	-6.726202
1.323725	-0.497833
-1.240787	-0.533683
0.404981	-6.996180
0.530693	-2.240244
-1.968508	1.503776
1.657235	0.843273
-1.449677	1.116250
1.583542	3.058566
-0.705710	-0.950353
0.139228	-7.616804
0.447868	-1.615268
0.805430	0.377042
1.003020	1.007668
-1.776110	2.146011
1.627154	1.394124
-1.540311	1.480578
1.668169	2.581803
-1.019908	1.308894
-0.956409	1.960187
-0.956241	4.017376
1.081337	3.106825
1.030803	1.725351
-1.324449	3.706501
1.384660	1.538454
-1.740564	1.224553
1.878612	1.600129
-0.978381	0.614630
-0.485088	-1.671010
-0.169025	-7.588576
0.800121	-0.858285
-1.995602	0.777111
1.857762	0.725408
-1.170925	1.084907
-0.768539	-0.158759
0.726030	-5.764278
-0.115110	-2.157548
-0.453065	-6.791389
0.830880	-0.392438
-1.896809	1.698579
1.689571	1.107368
-1.452451	1.374018
1.538667	3.103594
-0.932040	0.767347
-0.661885	-0.623779
0.356157	-7.051131
0.107706	-1.908337
-0.596962	-6.176797
0.626219	-0.371265
0.560012	0.407616
-0.040468	0.781112
-0.614144	0.543720
-0.689839	-0.003807
-0.280800	-1.907214
-0.280174	-7.322147
0.769136	-0.677421
-1.799510	2.244471
1.576777	1.141275
-1.569828	1.151182
1.789289	2.285409
-0.773956	-0.633342
0.304714	-7.254485
0.249221	-1.951252
0.689321	-0.055857
0.646337	0.560691
0.129067	0.691033
-0.481042	0.285046
-0.574878	-0.563167
0.441617	-6.717796
-0.025308	-1.818188
-0.388095	-6.905452
0.580388	-0.629961
0.547183	0.325300
-0.038185	0.723697
-0.597664	0.429824
-0.625386	-0.428416
0.537109	-6.398494
-0.070723	-1.906077
-0.383993	-6.953142
0.648061	-0.597469
0.836218	0.658891
1.002656	1.053669
-1.750647	2.263051
1.602893	1.412943
-1.566936	1.450261
1.706284	2.442384
-1.010014	1.181635
-0.904607	1.362258
-0.972415	2.614503
0.903588	2.285726
0.723899	1.111952
0.212777	0.810004
-0.457537	0.485027
-0.684491	0.201549
-0.418661	-1.554447
-0.113574	-7.629295
0.623256	-1.040280
1.073310	0.850676
-1.905318	0.916832
1.920030	0.928692
-1.035894	0.668738
-0.481865	-1.756595
-0.205665	-7.528218
0.864312	-0.769814
-1.954860	-0.064044
2.007656	-0.257098
-0.652644	-1.989624
-0.313693	-7.251980
1.204951	-0.718305
-1.300163	-0.642838
0.411606	-6.950876
0.596928	-2.246235
-2.030690	-0.142533
1.920784	0.139135
-0.984056	-0.022180
0.706741	-5.912301
-0.005096	-2.506148
-0.694969	-5.956494
0.987663	-0.034184
-1.913933	0.094875
2.034039	-0.275571
-0.543972	-2.536828
-0.524305	-6.555081
1.401310	-0.614347
-1.124341	-0.799285
0.236243	-7.451471
0.697943	-1.796176
-1.979827	-0.385418
1.977953	-0.376732
-0.707168	-1.742956
-0.216898	-7.494615
1.099507	-0.823208
-1.438471	-0.612087
0.568990	-6.390997
0.523504	-2.657103
-2.030993	-0.372328
1.915897	0.039366
-0.972131	-0.140505
0.595264	-6.320860
0.069201	-2.428005
-0.769112	-5.665375
0.923451	-0.011139
-1.956509	0.950459
1.864407	0.872356
-1.162778	1.158970
-0.833212	0.380264
-0.424867	-1.740470
-0.195643	-7.532489
0.783796	-0.814676
-1.958592	1.305192
1.754824	0.956626
-1.352706	1.367423
-0.928298	0.913959
-0.779246	0.262450
-0.384243	-1.805662
-0.224377	-7.470673
0.790691	-0.761916
-1.953560	1.338629
1.750192	0.972527
-1.360689	1.373782
-0.931929	0.933625
-0.790061	0.350177
-0.440043	-1.623746
-0.145190	-7.606649
0.705609	-0.943658
-1.562031	3.127394
1.442365	1.115998
-1.662061	0.829835
1.976376	1.456498
-0.521421	-2.295273
-0.426913	-6.923408
1.263402	-0.520701
-1.300342	-0.501508
0.461004	-6.807223
0.508852	-2.385953
-1.996828	1.313092
1.681279	0.791972
-1.417298	1.129967
1.469821	3.409699
-0.720438	-0.811277
0.212493	-7.476980
0.341200	-1.774064
0.679055	0.076476
0.507040	0.477402
-0.151859	0.865594
-0.703956	1.067545
-0.892681	2.153991
1.011078	2.774136
0.970057	1.485679
1.260499	1.414639
-1.812800	1.027936
1.933814	1.217115
-0.936645	0.179103
1.158176	-4.359723
-0.184038	-2.435137
-0.525188	-6.594881
1.047475	-0.205450
-1.762691	-0.343154
1.329774	-3.834828
0.094189	-4.164041
-1.721185	-2.580198
1.824514	-0.199709
-1.038774	-0.048544
0.654168	-6.121004
0.061141	-2.552744
-0.815078	-5.522038
0.993480	0.068957
-1.923483	0.220709
2.026165	0.016128
-0.653759	-1.909806
-0.281664	-7.344644
1.157634	-0.727317
-1.372458	-0.588619
0.499390	-6.651851
0.542748	-2.477517
-2.050444	0.020997
1.878070	0.309474
-1.089360	0.549869
-0.329645	-2.408173
-0.474268	-6.786603
1.152885	-0.296317
-1.545858	-0.349434
0.804146	-5.569550
0.332668	-3.246179
-2.077980	0.610893
1.715460	0.550639
-1.334809	1.006302
-0.609405	-1.422388
-0.072900	-7.710588
0.746702	-1.068010
-1.972422	1.237122
1.757749	0.910327
-1.344517	1.336396
-0.908254	0.750219
-0.665652	-0.568630
0.394920	-6.924927
0.069500	-1.933907
-0.548225	-6.365209
0.641249	-0.409995
0.657729	0.493513
0.195172	0.606040
0.484140	-5.740826
-0.420757	0.292273
-0.587023	-0.401617
0.586469	-6.195458
-0.119821	-1.838140
-0.320067	-7.143940
0.618492	-0.702503
0.770400	0.559891
0.687607	0.722112
0.210575	0.677370
0.495084	-5.668512
-0.428789	0.372401
-0.628603	-0.156579
0.927051	-4.986574
-0.235752	-1.857349
-0.272211	-7.317125
0.695938	-0.731674
1.209542	1.028440
-1.823057	0.559409
2.048337	0.500234
-0.569812	-2.240365
-0.408453	-6.971767
1.275209	-0.594469
-1.255054	-0.606793
0.387535	-7.040791
0.579240	-2.190601
-2.046410	0.512792
1.824954	0.563424
-1.207602	1.031873
-0.699234	-0.703966
0.285225	-7.282503
0.218900	-1.879313
-0.863902	-5.206659
0.631871	-0.181623
0.457612	0.379492
-0.184732	0.736033
-0.690433	0.821241
-0.816944	1.038449
-0.883990	1.586866
-1.001442	3.270694
0.802873	4.445424
0.821407	1.849013
0.444811	0.894560
-0.342081	-5.862264
-0.319902	1.073193
-0.802190	2.260918
0.903265	2.677457
0.675886	1.181461
0.027400	1.112718
-0.640217	0.996682
-0.872604	2.035079
1.025150	2.942512
0.964863	1.548577
1.211531	1.391984
-1.836969	1.083918
1.911773	1.203210
-1.013795	0.671461
-0.505153	-1.618615
-0.147586	-7.621873
0.781126	-0.907459
-1.984885	1.028997
1.805644	0.846940
-1.266982	1.298191
-0.896908	0.782982
-0.700280	-0.315215
0.602020	-6.193872
-0.076787	-2.035101
-0.431353	-6.830170
0.734486	-0.482415
1.225653	1.077152
-1.815799	0.599529
2.043159	0.589721
-0.585996	-2.137551
-0.368542	-7.101211
1.232523	-0.617734
-1.301597	-0.574395
0.436785	-6.878120
0.553768	-2.316472
-2.050108	0.531693
1.812979	0.570324
-1.225543	1.056168
-0.712626	-0.633610
0.326948	-7.165017
0.175569	-1.934560
-0.754393	-5.606474
0.649260	-0.230822
0.568505	0.448840
-0.037153	0.806576
-0.618374	0.585038
-0.713285	0.172737
-0.377125	-1.729741
-0.192251	-7.522292
0.723231	-0.849596
-1.612054	2.959753
1.462489	1.131320
-1.651564	0.885909
1.951153	1.591344
-0.566660	-2.035474
-0.326171	-7.238369
1.153988	-0.609307
-1.426484	-0.502096
0.588184	-6.341397
0.472234	-2.713519
-2.063433	0.504154
1.786158	0.551523
-1.258017	1.058240
-0.696485	-0.783966
0.237264	-7.409145
0.284235	-1.809525
0.634086	-0.069447
0.397214	0.383426
-0.313662	-6.191980
-0.240400	0.617829
-0.683167	0.612806
-0.705740	0.016210
-0.280830	-1.934617
-0.291680	-7.296285
0.788911	-0.649755
-1.885303	1.809160
1.660058	1.095579
-1.485232	1.304492
1.620489	2.859966
-0.883345	0.309620
-0.325236	-2.123992
-0.361365	-7.134696
0.966534	-0.467995
-1.839336	-0.373429
1.674976	-2.711127
-0.078151	-4.248400
-1.382421	-3.656229
1.786416	-0.446822
-0.993281	-0.460272
0.362678	-7.135849
0.344462	-2.137843
0.926935	0.387252
-1.827114	1.985374
1.649691	1.266308
-1.510863	1.416407
1.640002	2.731249
-0.970905	0.985047
-0.805249	0.426294
-0.485193	-1.453546
-0.070776	-7.679494
0.614685	-1.124239
1.101456	0.866232
-1.894217	0.728165
1.973318	0.748539
-0.893122	-0.277216
0.513595	-6.596386
0.093703	-2.274555
-0.740717	-5.737020
0.834819	-0.098106
-1.665240	2.730365
1.502067	1.242544
-1.640817	1.071408
1.881125	1.867896
-0.746286	-0.914083
0.148428	-7.612553
0.469818	-1.630509
0.889255	0.497156
-1.350995	3.710836
1.395501	1.315456
-1.722423	0.949036
1.957468	1.398244
-0.724483	-1.165592
0.028091	-7.736682
0.670027	-1.306929
-1.801271	2.289241
1.555270	1.055180
-1.573012	1.033270
1.831472	2.166458
-0.654653	-1.423513
-0.079667	-7.711653
0.805436	-1.038906
-1.989256	0.100241
1.970983	0.136970
-0.866884	-0.667637
0.257840	-7.408539
0.394731	-1.890047
0.863119	0.374868
1.333432	1.271558
-1.758907	0.825533
1.998161	1.105672
-0.667525	-1.575035
-0.146288	-7.636697
0.941606	-0.892660
-1.744536	-0.661075
1.174632	-4.271716
0.213229	-4.074439
-1.828198	-1.999688
1.888263	-0.652227
-0.795317	-1.425431
-0.088485	-7.694852
0.959167	-1.035559
-1.648796	-0.731125
0.903199	-5.155995
0.376396	-3.514323
-1.918453	-1.381268
1.919441	-0.750802
-0.695963	-1.950499
-0.299426	-7.278268
1.217463	-0.783065
-1.253466	-0.746017
0.337770	-7.169801
0.670325	-2.052235
-1.941736	-0.698312
1.954088	-0.994140
-0.497928	-2.938793
-0.679593	-5.961565
1.531781	-0.710629
-1.010648	-1.039650
0.098897	-7.673286
0.829389	-1.459450
-1.787372	-0.850882
1.315412	-3.803723
0.148356	-4.325268
-1.722272	-2.380961
1.862643	-1.081108
-0.636678	-2.398162
-0.475257	-6.692858
1.402376	-0.791447
-1.043766	-1.172765
0.060969	-7.674501
0.935234	-1.407324
-1.548963	-0.859725
0.677500	-5.941088
0.537906	-2.932437
-1.849113	-1.309357
1.730651	-2.298235
-0.174127	-4.306526
-1.285760	-3.884364
1.779443	-0.932266
-0.799951	-1.648964
-0.178304	-7.547792
1.115262	-0.949972
-1.355544	-0.718549
0.441538	-6.829584
0.623173	-2.318198
-1.941590	-0.802251
1.947292	-0.990143
-0.517244	-2.858530
-0.648882	-6.072982
1.513557	-0.718980
-1.014722	-1.062174
0.092062	-7.675937
0.847425	-1.445267
-1.747670	-0.876483
1.165262	-4.269843
0.243862	-4.105275
-1.788480	-2.028236
1.861836	-1.302148
-0.523873	-2.976558
-0.695253	-5.877742
1.556505	-0.846046
-0.939899	-1.363637
-0.044466	-7.688689
1.018142	-1.195274
-1.449734	-0.778857
0.539064	-6.465980
0.597323	-2.569657
-1.883393	-1.092675
1.820815	-1.911195
-0.265040	-3.999925
-1.118887	-4.426899
1.732328	-0.810324
-0.886727	-1.248941
-0.010776	-7.729928
0.905311	-1.207527
-1.705333	-0.799012
1.038247	-4.690115
0.310317	-3.835351
-1.852248	-1.733211
1.892536	-1.073975
-0.591517	-2.581798
-0.544729	-6.446615
1.451697	-0.770413
-1.021420	-1.173074
0.052963	-7.686857
0.926989	-1.379741
-1.580741	-0.855060
0.738451	-5.719703
0.498912	-3.095133
-1.861943	-1.347899
1.805262	-1.928050
-0.274310	-4.008963
-1.116829	-4.423552
1.732921	-0.876846
-0.856429	-1.426183
-0.084304	-7.682244
1.008796	-1.081359
-1.519562	-0.723948
0.655919	-6.046306
0.514959	-2.879590
-1.942126	-1.018529
1.938573	-0.860812
-0.602794	-2.433780
-0.487825	-6.664433
1.396171	-0.719603
-1.081668	-1.005528
0.139492	-7.609706
0.832789	-1.561107
-1.734482	-0.925698
1.120316	-4.405367
0.277527	-4.026528
-1.792842	-1.946393
1.838304	-1.544807
-0.428859	-3.441869
-0.872165	-5.233062
1.645302	-0.915344
-0.878507	-1.501347
-0.110860	-7.636937
1.074141	-1.078063
-1.380983	-0.760219
0.456786	-6.766827
0.633633	-2.356943
-1.892989	-0.987549
1.842596	-1.818934
-0.281461	-3.925504
-1.083766	-4.544526
1.720041	-0.779912
-0.906842	-1.160022
0.027959	-7.730372
0.854266	-1.288343
-1.796977	-0.775054
1.357924	-3.682699
0.116204	-4.347428
-1.699096	-2.513420
1.864299	-0.891733
-0.725988	-1.893881
-0.277416	-7.330283
1.208514	-0.827488
-1.247282	-0.785656
0.319753	-7.215714
0.696196	-2.005271
-1.893919	-0.853727
1.837610	-1.888414
-0.254269	-3.992871
-1.121475	-4.429112
1.731029	-0.739727
-0.917720	-1.068677
0.066545	-7.716893
0.791677	-1.376559
-1.917531	-0.531593
1.939262	-1.323139
-0.360110	-3.539183
-0.916639	-5.117350
1.650770	-0.683323
-0.979213	-0.915978
0.140311	-7.641193
0.716121	-1.557146
-2.012793	0.063002
1.941849	0.199644
-0.951076	-0.163873
0.585386	-6.351056
0.065421	-2.394975
-0.746866	-5.740294
0.905863	-0.040747
-1.944325	1.188750
1.810442	0.990563
-1.264713	1.395624
-0.957774	1.363919
-0.976130	2.427448
0.983694	2.461241
0.971400	1.385363
1.312464	1.428067
-1.783182	1.022580
1.939592	1.291624
-0.884726	-0.145237
0.640504	-6.125245
-0.011823	-2.333389
-0.613538	-6.227831
0.892517	-0.170842
-1.956995	1.072956
1.830133	0.925352
-1.228185	1.317821
-0.919521	1.065996
-0.873836	1.208751
-0.933230	2.141058
1.045681	2.794802
1.037855	1.576978
-1.558026	2.958331
1.474271	1.535488
-1.679985	1.343319
1.824208	1.898408
-1.003492	0.911332
-0.728810	-0.241656
0.659126	-5.994317
-0.097475	-2.086760
-0.436679	-6.828639
0.776579	-0.447752
-1.538671	3.177275
1.439961	1.186296
-1.675849	0.889866
1.961790	1.493249
-0.600714	-1.870359
-0.262205	-7.408175
1.081643	-0.692331
-1.525050	-0.551158
0.708686	-5.884206
0.435981	-3.022137
-2.056533	-0.288980
1.867258	0.205874
-1.087226	0.467483
-0.263178	-2.572151
-0.551922	-6.517663
1.189339	-0.181229
-1.530015	-0.272036
0.808563	-5.565716
0.306004	-3.246837
-2.043557	1.095665
1.645248	0.627379
-1.412052	0.940327
1.485637	3.411888
-0.518866	-2.012456
-0.314422	-7.278784
1.092409	-0.581332
-1.547221	-0.501992
0.758038	-5.711458
0.398204	-3.144897
-2.071118	-0.151810
1.833591	0.304651
-1.153032	0.727266
-0.435956	-2.104545
-0.347752	-7.186197
1.065432	-0.499029
-1.628590	-0.491090
0.911761	-5.165655
0.321728	-3.513168
-2.042987	-0.734808
1.851309	0.106032
-1.088196	0.388388
-0.203250	-2.673062
-0.612207	-6.301612
1.197013	-0.092907
-1.549758	-0.227329
0.858054	-5.395069
0.274364	-3.349434
-2.053842	1.025444
1.641176	0.595852
-1.407369	0.908752
1.462203	3.489163
-0.486520	-2.172168
-0.376221	-7.098523
1.160330	-0.499092
-1.458868	-0.438185
0.649037	-6.126204
0.423805	-2.870384
-2.056048	0.796221
1.728558	0.628534
-1.337946	1.085927
-0.692010	-0.908653
0.166320	-7.564380
0.390851	-1.676151
0.703543	0.180708
0.562168	0.540550
-0.078737	0.899644
-0.667509	0.900183
-0.849197	1.514957
-0.981843	3.202929
0.782618	1.881368
0.274935	0.996033
-0.458495	0.743439
-0.788991	1.247464
-0.934318	2.596237
0.869531	2.309624
0.583675	1.034743
-0.162619	1.311350
-0.757830	2.292001
0.859556	2.684587
0.525614	1.124101
-0.271783	1.389732
-0.771507	3.010256
0.562063	2.270669
-0.288528	2.310600
0.600272	4.029502
0.177863	1.995309
-0.627881	2.026511
0.871170	3.115788
0.579194	1.267367
-0.211922	1.513221
-0.747374	3.052485
0.532235	2.314925
-0.330778	2.361648
0.645412	3.730188
0.157767	1.934224
-0.637645	1.988309
0.883693	3.148243
0.615962	1.293632
-0.144770	1.467989
-0.747207	2.583561
0.721473	2.492999
0.063169	1.636756
-0.676632	1.839526
0.918990	3.336046
0.715203	1.424200
0.100567	1.086173
-0.586121	0.790110
-0.814153	1.247380
-0.938002	2.511431
0.909590	2.381171
0.731561	1.141900
0.234166	0.799084
0.533060	-5.481063
-0.442368	0.508485
-0.695761	0.318351
-0.492261	-1.277077
0.013307	-7.676718
0.467274	-1.341458
0.662752	0.248267
0.334306	0.469376
-0.053120	-6.593457
-0.306019	0.514366
-0.672512	0.381375
-0.553175	-0.948769
0.180512	-7.478583
0.250618	-1.659347
-0.850295	-5.197252
0.523674	-0.255739
0.150924	0.287171
0.355962	-6.264547
-0.362171	-0.006524
-0.438441	-0.983286
0.180009	-7.416841
0.160755	-1.566965
-0.542166	-6.272691
0.439770	-0.501007
0.113965	0.101594
0.323626	-6.436679
-0.327570	-0.186336
-0.355659	-1.141298
0.088778	-7.528092
0.217736	-1.425736
-0.604164	-6.003724
0.381249	-0.443318
-0.709283	-5.289651
0.022665	0.050145
0.529389	-5.881762
-0.359119	-0.374155
0.684963	-5.689464
-0.258949	-1.346323
-0.037027	-7.561324
0.315726	-1.231216
-0.914776	-4.854575
0.336139	-0.269074
-0.389230	-6.285330
-0.079259	0.070244
-0.413797	-0.496419
0.545850	-6.241975
-0.175284	-1.511720
-0.149037	-7.458950
0.403618	-1.041971
0.334432	-0.085589
-0.298404	-6.455487
-0.144643	0.180070
-0.481061	-0.422456
0.615615	-6.026437
-0.181705	-1.630499
-0.197851	-7.409390
0.494026	-0.945505
0.468238	0.135345
-0.098134	0.565512
-0.590083	0.226975
-0.497618	-1.107723
0.101740	-7.592013
0.323431	-1.520588
0.502929	-0.143840
0.058733	0.363145
-0.436038	-0.086916
-0.381871	-1.276021
0.020208	-7.616400
0.347338	-1.356346
0.435126	-0.153371
-0.035456	0.315420
-0.474691	-0.199957
-0.306025	-1.498923
-0.096219	-7.584300
0.467208	-1.127404
0.515514	0.117884
-0.022607	0.567328
-0.544007	0.143571
-0.468241	-1.165732
0.075084	-7.612257
0.340199	-1.468116
0.490998	-0.124824
0.029736	0.377139
-0.456790	-0.098288
-0.368351	-1.345098
-0.015111	-7.626490
0.392588	-1.291639
0.460690	-0.052101
-0.042486	0.416203
-0.510527	-0.069867
-0.359912	-1.455064
-0.068921	-7.624362
0.477805	-1.177618
0.577744	0.185206
0.083027	0.554831
-0.474733	0.116417
-0.480517	-1.011111
0.158979	-7.484964
0.222582	-1.586804
-0.700759	-5.704825
0.470466	-0.361024
0.097029	0.208513
0.453754	-6.035261
-0.369190	-0.151567
-0.366004	-1.197059
0.060494	-7.570330
0.268512	-1.406406
-0.757202	-5.450871
0.395446	-0.334574
-0.768813	-5.039152
-0.007609	0.138843
-0.403249	-0.352228
0.724425	-5.575197
-0.256107	-1.432145
-0.078638	-7.558016
0.380391	-1.167860
0.371129	-0.123176
-0.447512	-6.041732
-0.105968	0.232235
-0.482924	-0.331132
0.734744	-5.587894
-0.230751	-1.601639
-0.164224	-7.483826
0.497447	-1.001273
0.514828	0.169354
-0.042010	0.609549
-0.568457	0.231141
-0.511500	-1.013680
0.152515	-7.514093
0.258324	-1.598435
-0.843442	-5.204809
0.494809	-0.271055
0.099254	0.275332
0.514018	-5.819339
-0.387586	-0.102416
-0.386391	-1.180786
0.070130	-7.571911
0.272620	-1.428228
-0.790670	-5.340110
0.410190	-0.317539
-0.000055	0.172702
-0.410315	-0.314869
0.789382	-5.344790
-0.272546	-1.428082
-0.071275	-7.570937
0.386387	-1.182802
0.387613	-0.104287
-0.514823	-5.816465
-0.099308	0.275854
-0.494952	-0.269644
0.843235	-5.205633
-0.258549	-1.597672
-0.152686	-7.513856
0.511576	-1.015372
0.568963	0.229925
0.042937	0.609146
-0.514177	0.170173
-0.497493	-0.998461
0.163978	-7.484267
0.229959	-1.603261
-0.733039	-5.594068
0.482811	-0.335371
0.106444	0.231162
0.444332	-6.051744
-0.370650	-0.121825
-0.380727	-1.164549
0.078831	-7.557727
0.255025	-1.434464
-0.721988	-5.584084
0.403222	-0.355692
0.008357	0.137691
0.751804	-5.098594
-0.394728	-0.333105
0.756923	-5.451390
-0.268940	-1.403292
-0.060782	-7.569695
0.364711	-1.200448
0.368575	-0.156330
-0.453537	-6.036971
-0.096556	0.205892
-0.469286	-0.362640
0.695913	-5.721940
-0.221497	-1.584522
-0.159488	-7.483082
0.478771	-1.013562
0.470737	0.110882
-0.086399	0.548115
-0.577612	0.176465
-0.472377	-1.197040
0.056854	-7.634237
0.373476	-1.435558
0.517438	-0.042137
0.042958	0.437410
-0.466585	-0.027709
-0.402663	-1.270847
0.023461	-7.626044
0.362296	-1.365720
0.459352	-0.108849
-0.022956	0.372691
-0.485752	-0.127218
-0.340397	-1.457195
-0.071161	-7.613057
0.460603	-1.176976
0.530632	0.117755
0.004759	0.559753
-0.524654	0.115331
-0.460804	-1.164638
0.075365	-7.607949
0.332588	-1.465525
0.481531	-0.146194
0.023544	0.358050
-0.454703	-0.120357
-0.356638	-1.367659
-0.027235	-7.623114
0.401717	-1.266903
0.461493	-0.033392
-0.047728	0.429991
-0.517849	-0.049397
-0.367764	-1.449540
-0.064944	-7.629546
0.479477	-1.184224
0.587392	0.195062
0.103695	0.546087
-0.459805	0.124236
-0.488519	-0.954760
0.191601	-7.420477
0.184578	-1.622786
-0.618990	-6.011189
0.476748	-0.422273
0.136376	0.176965
0.317876	-6.412571
-0.338299	-0.100469
-0.395212	-1.069323
0.131112	-7.486570
0.191528	-1.493059
-0.572937	-6.137864
0.408008	-0.472511
0.061793	0.075326
0.439527	-6.142010
-0.347160	-0.294614
0.827098	-5.167613
-0.300901	-1.272780
0.010825	-7.570949
0.282771	-1.312188
-0.758054	-5.419392
0.354131	-0.329658
-0.483967	-6.013220
-0.044090	0.068816
-0.397576	-0.456033
0.589541	-6.069229
-0.204355	-1.464846
-0.113710	-7.506498
0.379756	-1.103258
0.334651	-0.135645
-0.322410	-6.415575
-0.127593	0.149526
-0.462781	-0.453139
0.585563	-6.126776
-0.174526	-1.601416
-0.188513	-7.416430
0.469188	-0.966511
0.417397	0.068251
-0.607805	-5.430059
-0.130643	0.446854
-0.570006	0.030743
-0.386424	-1.484178
-0.081084	-7.633814
0.527543	-1.141098
0.717192	0.386866
0.506031	0.551941
-0.173722	0.925046
-0.727858	1.307095
-0.925009	2.962615
0.730589	2.053395
0.078171	1.397798
-0.649277	1.354623
-0.892667	3.274798
0.636770	1.902202
-0.158262	1.881412
-0.664199	3.612494
0.355966	2.358914
-0.514245	2.313117
0.742914	3.097247
0.208263	1.539058
-0.584606	1.307880
-0.869250	3.231259
0.607435	1.962376
-0.217960	2.015091
-0.528445	4.440285
0.265036	2.180687
-0.580100	2.124899
0.822936	3.092387
0.435971	1.262409
-0.138543	-6.072522
-0.391270	1.321976
-0.801487	3.196984
0.535748	2.119157
-0.335053	2.202728
0.656116	3.865996
0.227180	1.801429
-0.595223	1.649975
-0.718874	4.403102
0.816517	3.909978
0.603522	1.537628
-0.201439	1.699715
-0.705113	3.452888
0.407048	2.288145
-0.476092	2.258240
0.743606	3.240221
0.241208	1.529712
-0.562836	1.279973
-0.863648	3.165790
0.609995	2.009175
-0.213229	2.041394
-0.513867	4.485916
0.258234	2.193437
-0.583765	2.149906
0.817754	3.061003
0.416322	1.261334
-0.025922	-6.166143
-0.407554	1.274281
-0.813485	3.083757
0.574447	2.147843
-0.273822	2.206445
0.559237	4.300183
0.211870	1.990359
-0.610531	1.940731
0.874030	3.256137
0.599121	1.322169
-0.183171	1.530480
-0.744055	2.943789
0.567803	2.357736
-0.272795	2.364315
0.579431	4.077730
0.158392	2.075470
-0.635443	2.205098
0.825508	2.918231
0.423347	1.211280
-0.084591	-6.159020
-0.394235	1.252031
-0.813133	2.993312
0.600856	2.190982
-0.226118	2.187287
0.360861	4.990862
0.214798	2.149266
-0.607728	2.162721
0.825375	3.004167
0.432520	1.234944
-0.128086	-6.100973
-0.390042	1.292961
-0.806279	3.107021
0.561852	2.152149
-0.294333	2.221573
0.601603	4.106327
0.210273	1.930622
-0.610312	1.857774
0.877703	3.388556
0.623516	1.378059
-0.141552	1.518648
-0.742595	2.684699
0.672998	2.451959
-0.061223	1.979114
-0.675065	3.172441
0.458177	2.487293
-0.410510	2.498721
0.661186	3.320655
0.068381	2.032318
-0.667057	2.510461
0.716291	2.664719
0.067078	1.707880
-0.676995	1.951141
0.913072	3.150516
0.693289	1.340999
0.046027	1.151686
-0.634680	1.014384
-0.875231	2.121757
1.006696	2.816969
0.951527	1.480660
1.182098	1.355642
-1.849455	1.123059
1.896594	1.199505
-1.057772	0.921898
-0.699227	-0.523460
0.413931	-6.875526
0.071036	-1.984509
-0.572175	-6.290838
0.670771	-0.366789
0.774750	0.633221
0.669144	0.720744
0.143949	0.741253
-0.483858	0.345862
-0.608926	-0.366894
0.610299	-6.118400
-0.123726	-1.876116
-0.333470	-7.115600
0.646263	-0.668469
0.883507	0.701700
1.241313	1.266920
-1.820536	0.832439
1.985303	0.974482
-0.798675	-0.809129
0.194385	-7.538964
0.439281	-1.738469
0.873732	0.443274
1.347229	1.287697
-1.751566	0.856664
1.988704	1.176680
-0.684553	-1.459428
-0.098337	-7.696537
0.870442	-0.992549
-1.873246	-0.519365
1.789595	-2.220253
-0.162458	-4.165033
-1.250752	-4.043884
1.762435	-0.586136
-0.959899	-0.732477
0.219179	-7.509659
0.549168	-1.780670
1.348070	0.952729
-1.694296	0.527787
2.085763	0.581633
-0.279760	-3.409590
-0.882534	-5.301308
1.574947	-0.275533
-1.169343	-0.137631
0.573659	-6.439234
0.221034	-2.598836
1.056557	0.375375
-1.891310	0.245282
2.045860	-0.075265
-0.545942	-2.482246
-0.503003	-6.635660
1.377495	-0.599214
-1.149606	-0.747111
0.268543	-7.377114
0.667131	-1.879655
-2.013882	-0.130232
1.947004	0.057484
-0.911784	-0.449983
0.381431	-7.059462
0.252792	-2.141029
0.804420	0.102447
1.186400	1.134541
-1.849983	0.754246
1.992925	0.823745
-0.803213	-0.823560
0.184870	-7.559426
0.458478	-1.717718
0.918361	0.517350
-1.688414	2.594073
1.531436	1.333504
-1.628107	1.224928
1.824442	2.050666
-0.876314	0.035559
0.892237	-5.212163
-0.142373	-2.346768
-0.512097	-6.622807
0.965858	-0.248253
-1.903089	-0.079066
2.018339	-0.752824
-0.414136	-3.203767
-0.781846	-5.607346
1.576239	-0.604168
-1.040188	-0.772377
0.214720	-7.514025
0.641572	-1.750310
-2.011786	0.992518
1.770842	0.771903
-1.311075	1.241112
-0.843346	0.245070
-0.315075	-2.088180
-0.347821	-7.169728
0.931718	-0.499424
-1.900640	-0.214754
1.985372	-1.101978
-0.350122	-3.506896
-0.904732	-5.171448
1.638245	-0.603907
-1.016905	-0.735719
0.224671	-7.497080
0.598106	-1.781283
-1.870699	2.013834
1.588896	0.968958
-1.531276	1.047474
1.770753	2.421712
-0.650147	-1.401241
-0.069278	-7.718349
0.781855	-1.064190
-2.006257	0.451932
1.908009	0.506311
-1.061330	0.565906
-0.367117	-2.251791
-0.408501	-7.001082
1.091832	-0.391427
-1.617380	-0.434351
0.905487	-5.196414
0.311471	-3.491585
-2.070625	-0.445802
1.817537	0.245370
-1.160956	0.686750
-0.392647	-2.289815
-0.422508	-6.957041
1.140296	-0.388310
-1.533747	-0.396559
0.769333	-5.688399
0.361145	-3.166879
-2.079005	0.500809
1.740990	0.532834
-1.305684	1.019813
-0.636180	-1.227287
0.013524	-7.725630
0.609350	-1.298533
1.224870	0.951332
-1.798437	0.452234
2.076070	0.223916
-0.416481	-3.003097
-0.703096	-5.917175
1.507070	-0.481276
-1.119215	-0.554938
0.333531	-7.224919
0.513844	-2.064644
-1.582880	3.113412
1.433005	0.935278
-1.630599	0.668783
2.021146	1.271825
-0.327869	-3.144576
-0.765538	-5.718743
1.505300	-0.292545
-1.193968	-0.230798
0.523222	-6.619145
0.301625	-2.524563
1.115075	0.540210
-1.845792	0.197396
2.060434	-0.455178
-0.360310	-3.336602
-0.837642	-5.424287
1.592115	-0.501402
-1.075800	-0.544097
0.326558	-7.247197
0.479783	-2.052256
1.275615	0.854425
-1.732840	0.365898
2.100057	-0.195854
-0.213635	-3.679810
-1.020385	-4.835969
1.635727	-0.229231
-1.159505	0.000780
0.675647	-6.066834
0.117025	-2.715937
-1.046058	-4.758334
1.078126	0.254714
-1.837141	-0.006558
1.969288	-1.435041
-0.215909	-3.873566
-1.097625	-4.555894
1.696621	-0.406761
-1.066715	-0.294644
0.461250	-6.823550
0.272380	-2.351979
0.955368	0.326429
-1.922905	1.278951
1.805035	1.070206
-1.274435	1.453932
-0.988078	1.625995
-1.047159	3.042229
0.712261	4.893994
0.897686	1.977747
0.763244	1.071292
0.398832	0.696060
-0.182137	-6.314706
-0.316257	0.823940
-0.770751	1.430724
-0.944871	3.208571
0.721006	1.891726
0.057066	1.375005
-0.659487	1.385294
-0.894507	3.342224
0.637510	1.860751
-0.155556	1.849030
-0.675882	3.521263
0.376474	2.363124
-0.498146	2.324032
0.734266	3.134262
0.193370	1.586912
-0.598602	1.390993
-0.863006	3.457307
0.589787	1.839663
-0.247548	1.957224
-0.524932	4.519877
0.278848	2.088312
-0.572843	1.990850
0.845599	3.259411
0.524020	1.302766
-0.301793	1.527615
-0.740457	3.506187
0.429543	2.132719
-0.459461	2.115494
0.762010	3.417988
0.332416	1.454345
-0.495143	1.268641
-0.840278	3.150948
0.585687	2.059276
-0.256997	2.126733
0.471695	4.682940
0.232828	2.034925
-0.599276	1.968607
0.864219	3.238113
0.571406	1.305953
-0.230897	1.549011
-0.739509	3.239373
0.474194	2.270017
-0.408555	2.298942
0.704688	3.437382
0.195905	1.706824
-0.607548	1.559160
-0.807787	3.977142
0.750996	4.269166
0.602146	1.626657
-0.212359	1.773257
-0.676041	3.700690
0.357215	2.249114
-0.518385	2.183139
0.779386	3.182001
0.325695	1.378362
-0.489563	1.181926
-0.846907	2.878043
0.670390	2.190720
-0.082820	1.886908
-0.689120	3.130486
0.477046	2.453135
-0.392056	2.474509
0.661423	3.396298
0.089064	2.000313
-0.663784	2.358587
0.780014	2.755647
0.261551	1.310970
-0.520980	1.030856
-0.854754	2.354711
0.903859	2.556375
0.688032	1.157161
0.071622	1.023623
-0.593431	0.739460
-0.794778	0.991324
-0.869440	1.450760
-0.982266	2.979692
0.803808	2.012787
0.344645	0.976449
0.161582	-6.251739
-0.411504	0.877336
-0.809928	1.763275
-0.887835	4.043397
0.978018	3.474466
0.845060	1.621954
0.611753	0.884503
-0.069825	1.112668
-0.701461	1.356361
-0.915976	3.170676
0.679266	1.936639
-0.060779	1.685459
-0.717427	2.582398
0.705471	2.540964
0.025187	1.769235
-0.692978	2.264042
0.832423	2.782181
0.435296	1.162118
-0.171427	-6.081120
-0.376628	1.243891
-0.809877	2.933596
0.617802	2.224560
-0.192786	2.157509
-0.446382	4.680522
0.229214	2.260914
-0.596315	2.290245
0.778457	2.923772
0.278338	1.347166
-0.515718	1.087073
-0.856239	2.555236
0.813157	2.384675
0.357029	1.081422
0.169305	-6.180647
-0.422324	0.987019
-0.826655	2.172674
0.954815	2.761474
0.827734	1.330501
0.622508	0.828114
-0.028807	1.024123
-0.660929	1.002994
-0.875968	2.002777
1.031648	2.993826
0.968413	1.575294
1.214975	1.400577
-1.835150	1.087604
1.911297	1.211141
-1.013197	0.672916
-0.505668	-1.615866
-0.146437	-7.623231
0.779000	-0.910983
-1.982397	1.066008
1.798274	0.862147
-1.279788	1.313193
-0.904345	0.828758
-0.730797	-0.097506
0.873340	-5.219779
-0.188431	-2.071808
-0.378471	-7.040397
0.817170	-0.503421
-1.907973	1.642900
1.697608	1.082045
-1.440295	1.370754
1.509880	3.198189
-0.928702	0.762177
-0.658938	-0.639986
0.346627	-7.080201
0.116406	-1.899566
-0.608719	-6.130422
0.621239	-0.364452
0.532921	0.385430
-0.083813	0.787955
-0.644176	0.663845
-0.750278	0.447902
-0.547301	-1.081011
0.106782	-7.608226
0.359514	-1.539975
0.560454	-0.025346
0.131002	0.417821
0.556528	-5.612760
-0.409564	0.047832
-0.459656	-0.988476
0.174759	-7.440750
0.184229	-1.583468
-0.599478	-6.070322
0.455340	-0.443840
0.111130	0.148031
0.363816	-6.314218
-0.343259	-0.165596
-0.364029	-1.152750
0.083285	-7.541081
0.232916	-1.427986
-0.646520	-5.851979
0.388696	-0.409768
-0.761154	-5.095353
0.015557	0.082729
0.593190	-5.660782
-0.373295	-0.363691
0.704568	-5.627477
-0.260512	-1.371310
-0.048180	-7.564116
0.335901	-1.216086
0.346021	-0.223420
-0.400803	-6.230362
-0.088968	0.118055
-0.434963	-0.459330
0.584506	-6.112921
-0.186121	-1.544681
-0.157827	-7.459257
0.431929	-1.025622
0.372858	-0.018838
-0.402523	-6.133631
-0.139734	0.303528
-0.524287	-0.227361
0.918998	-4.959081
-0.265008	-1.643381
-0.170868	-7.498010
0.551736	-0.969825
0.681119	0.386258
0.339006	0.511151
-0.048456	-6.573938
-0.313507	0.552622
-0.689169	0.507622
-0.631817	-0.510737
0.458391	-6.687836
-0.007791	-1.907558
-0.442199	-6.746334
0.634176	-0.532849
0.715061	0.531314
0.416941	0.556226
-0.326946	-6.072517
-0.268944	0.777339
-0.741545	1.165622
-0.914243	2.438174
0.918535	2.455561
0.754086	1.179383
0.318290	0.748866
0.133333	-6.413540
-0.381670	0.651416
-0.743938	0.892385
-0.838387	1.176140
-0.924369	2.141479
1.038946	2.793584
1.025151	1.559154
-1.489033	3.196493
1.439294	1.520875
-1.704977	1.269931
1.855592	1.760207
-0.974460	0.650659
-0.522024	-1.488009
-0.090780	-7.680458
0.691032	-1.053715
-1.598874	3.013768
1.454172	1.100548
-1.651571	0.842067
1.966919	1.521870
-0.521095	-2.283935
-0.423111	-6.936154
1.257165	-0.519408
-1.308454	-0.495041
0.470620	-6.773548
0.503986	-2.409306
-1.997379	1.313260
1.679720	0.789721
-1.418220	1.125225
1.474917	3.395627
-0.715221	-0.848902
0.192785	-7.518825
0.367288	-1.734653
0.696755	0.137988
0.555214	0.525537
-0.087483	0.894485
-0.671907	0.917355
-0.854517	1.582321
-0.986169	3.347170
0.816849	4.354303
0.801326	1.811311
0.362885	0.908038
0.053589	-6.371973
-0.386081	0.873440
-0.802315	1.721007
-0.906969	3.918451
0.958758	3.590736
0.822679	1.637253
0.498397	0.844120
-0.253191	1.142185
-0.784090	2.242624
0.897614	2.708586
0.655346	1.178806
-0.029786	1.214229
-0.692122	1.410051
-0.908196	3.347270
0.659668	1.843295
-0.104874	1.735160
-0.713596	2.953159
0.548492	2.427031
-0.297474	2.437835
0.608234	3.850515
0.127471	2.084377
-0.647028	2.329510
0.784389	2.802234
0.280165	1.300732
-0.507811	1.039431
-0.852115	2.391454
0.885014	2.524202
0.623265	1.110185
-0.095015	1.283258
-0.732431	1.876604
0.952781	3.230376
0.787327	1.454416
0.382747	0.801548
-0.072225	-6.397734
-0.350678	0.851451
-0.787858	1.591265
-0.941777	3.579411
0.854858	4.101621
0.760978	1.717122
0.213647	1.015787
-0.499597	0.677605
-0.771280	0.928859
-0.848579	1.237963
-0.939577	2.359642
0.975972	2.530899
0.931245	1.365132
1.139812	1.299912
-1.861457	1.236277
1.859794	1.231811
-1.144563	1.314756
-0.937367	1.421631
-0.989923	2.689070
0.895444	2.221110
0.701773	1.080689
0.139215	0.887925
-0.520068	0.501604
-0.689143	0.134505
-0.370587	-1.713329
-0.184673	-7.531155
0.701929	-0.872509
1.362860	1.102162
-1.713618	0.678424
2.041626	0.955635
-0.444256	-2.752198
-0.604361	-6.290408
1.424040	-0.448782
-1.178100	-0.513611
0.377315	-7.092544
0.504263	-2.174292
-1.731265	2.620566
1.485133	0.923844
-1.593807	0.772920
1.951708	1.693492
-0.396747	-2.814395
-0.630187	-6.209758
1.417457	-0.356889
-1.219321	-0.368497
0.461835	-6.825611
0.411993	-2.394111
1.306134	0.803210
-1.693559	0.357638
2.105803	-0.296343
-0.149491	-3.768502
-1.104885	-4.577836
1.641829	-0.092573
-1.203216	0.218090
0.896363	-5.286284
-0.004000	-2.919862
-0.884685	-5.326891
1.206122	0.205477
-1.635129	-0.091791
1.088087	-4.632292
0.155316	-3.744943
-2.109936	-0.135770
1.686972	0.377585
-1.316611	0.814776
-0.417512	-2.381802
-0.459225	-6.832927
1.218928	-0.378650
-1.415178	-0.359770
0.624960	-6.229243
0.399704	-2.807459
-1.953866	1.679209
1.596954	0.772784
-1.483102	0.933048
1.724428	2.642631
-0.512392	-2.129705
-0.360563	-7.143472
1.159239	-0.533840
-1.447174	-0.457080
0.628196	-6.199988
0.439578	-2.815113
-2.058218	0.728770
1.743404	0.615138
-1.319642	1.093503
-0.705327	-0.798002
0.225760	-7.440732
0.307623	-1.796018
0.648590	-0.012274
0.424150	0.409499
-0.439709	-5.823322
-0.225488	0.695411
-0.699980	0.810037
-0.810161	0.942939
-0.845609	1.116486
-0.907188	1.841691
-0.969685	3.837313
1.039150	3.339386
0.947884	1.710872
1.071477	1.305243
-1.814643	1.834411
1.705016	1.415149
-1.435037	1.633903
1.471164	3.199121
-1.087352	1.969595
-1.123334	3.372483
1.139882	3.212502
1.105027	1.917910
-1.578790	2.820420
1.496924	1.640204
-1.659164	1.514312
1.767610	2.045830
-1.098779	1.548089
-1.039631	2.541033
1.006752	2.355840
1.069357	1.455768
-1.749364	2.181474
1.626463	1.498240
-1.539726	1.573406
1.648392	2.595759
-1.076760	1.682841
-1.083840	2.903762
0.969078	2.077307
1.030671	1.345398
-1.689675	2.486705
1.559787	1.485805
-1.609771	1.438894
1.750930	2.237960
-1.022077	1.184766
-0.902310	1.310102
-0.959768	2.437680
0.963213	2.450180
0.909271	1.320004
1.052183	1.213298
-1.814234	1.873175
1.693356	1.399523
-1.453960	1.604370
1.511966	3.078734
-1.073803	1.851941
-1.117429	3.199070
1.079551	3.537900
1.038737	1.950930
1.312428	1.555339
-1.781941	1.213949
1.884831	1.455255
-1.020041	0.825943
-0.641147	-0.863899
0.205880	-7.462280
0.285258	-1.738616
0.592793	-0.116283
0.271267	0.344374
0.067214	-6.681242
-0.310835	0.285238
-0.576029	-0.283222
0.741564	-5.615814
-0.198760	-1.791862
-0.258600	-7.322866
0.622864	-0.792362
0.864149	0.655100
1.163257	1.201099
-1.863596	0.941655
1.939362	1.020526
-0.967803	0.304118
-0.244331	-2.418990
-0.496540	-6.703207
1.084943	-0.243516
-1.681013	-0.377934
1.066414	-4.662030
0.224734	-3.812451
-2.010848	-1.170956
1.821867	0.088667
-1.119959	0.456220
-0.229346	-2.686082
-0.607415	-6.320844
1.224127	-0.112043
-1.505636	-0.209155
0.798657	-5.610887
0.287657	-3.212082
-1.978686	1.589831
1.576110	0.670005
-1.471615	0.816926
1.744673	2.603714
-0.390595	-2.687288
-0.579232	-6.405357
1.354057	-0.323701
-1.281941	-0.325126
0.519781	-6.624194
0.393113	-2.540436
1.361211	0.806803
-1.649284	0.443788
2.107436	0.371257
-0.159978	-3.668650
-1.051779	-4.755365
1.609377	-0.060687
-1.229358	0.222447
0.899345	-5.280172
0.007444	-2.963205
-0.924784	-5.192083
1.223922	0.238605
-1.622172	-0.057297
1.079722	-4.664278
0.149689	-3.714922
-2.112980	0.116489
1.663707	0.407768
-1.341748	0.804785
-0.396908	-2.499445
-0.505229	-6.675067
1.264620	-0.335053
-1.371445	-0.327767
0.592240	-6.356577
0.391769	-2.723444
-1.813935	2.342148
1.503775	0.811299
-1.554584	0.741078
1.923586	1.871163
-0.340668	-2.993307
-0.703433	-5.950428
1.453135	-0.274102
-1.228404	-0.239854
0.531193	-6.591438
0.322627	-2.552901
1.178219	0.622215
-1.784083	0.164191
2.010665	-1.257184
-0.177401	-3.873959
-1.125179	-4.487926
1.686140	-0.264627
-1.122375	-0.027188
0.654938	-6.136040
0.111028	-2.653660
-0.986157	-4.946007
1.043562	0.204907
-1.878353	0.078670
2.041372	-0.583011
-0.397075	-3.231144
-0.793100	-5.574076
1.576254	-0.560451
-1.058280	-0.677428
0.261063	-7.414178
0.576517	-1.874249
-1.842216	2.155615
1.562416	0.964509
-1.550420	0.981539
1.820905	2.243118
-0.588007	-1.793483
-0.230300	-7.484833
1.015496	-0.726876
-1.645321	-0.599485
0.920552	-5.117703
0.340567	-3.546931
-1.981376	-1.142098
1.899027	-0.223876
-0.932157	-0.500240
0.345639	-7.176678
0.317956	-2.085496
0.845586	0.251277
1.318966	1.244905
-1.765916	0.784398
2.009478	1.020823
-0.641993	-1.739726
-0.212379	-7.518520
1.034979	-0.778458
-1.585270	-0.607261
0.797115	-5.551622
0.406953	-3.245049
-2.012863	-0.809180
1.904828	-0.113596
-0.954025	-0.323348
0.456123	-6.819039
0.192712	-2.274084
-1.044631	-4.689391
0.847235	0.068595
-1.556187	3.092221
1.452049	1.263666
-1.678654	0.990309
1.929733	1.615421
-0.705910	-1.229220
0.000911	-7.741592
0.702896	-1.238800
-1.922714	1.662524
1.669969	0.995629
-1.462369	1.253015
1.584069	3.006166
-0.836765	-0.026015
0.842563	-5.371409
-0.138892	-2.277188
-0.485898	-6.704191
0.920424	-0.301424
-1.959335	0.278501
1.989955	0.233442
-0.825049	-0.877050
0.154501	-7.618596
0.533278	-1.632610
1.144898	0.817652
-1.855895	0.445801
2.050153	0.272484
-0.570833	-2.283322
-0.425795	-6.910359
1.298834	-0.601620
-1.224543	-0.650743
0.350280	-7.153265
0.608491	-2.091411
-2.042918	0.267094
1.871553	0.429085
-1.118128	0.734646
-0.471126	-1.904854
-0.267935	-7.397338
0.965172	-0.638259
-1.785247	-0.524987
1.351527	-3.739986
0.100835	-4.256290
-1.708035	-2.567635
1.853854	-0.469528
-0.915612	-0.753298
0.207884	-7.530712
0.524775	-1.758204
1.216240	0.861820
-1.791354	0.365548
2.085276	-0.080578
-0.331046	-3.367571
-0.853868	-5.380486
1.587552	-0.418309
-1.110290	-0.380710
0.416578	-6.976601
0.371371	-2.274926
1.089468	0.596574
-1.884513	0.379055
2.040758	0.187861
-0.613772	-2.080525
-0.347890	-7.158408
1.223741	-0.659555
-1.296812	-0.607085
0.420632	-6.927507
0.575653	-2.273445
-2.048605	0.210589
1.866555	0.407021
-1.122941	0.732996
-0.465668	-1.935898
-0.279857	-7.368891
0.981316	-0.616059
-1.758686	-0.535419
1.248470	-4.058414
0.157436	-4.148648
-1.797369	-2.211869
1.867103	-0.425133
-0.914132	-0.724196
0.222934	-7.498575
0.497027	-1.800545
1.131585	0.771230
-1.862953	0.429062
2.048245	0.247762
-0.580245	-2.240012
-0.409575	-6.964044
1.284260	-0.613523
-1.236666	-0.644228
0.361069	-7.119577
0.604523	-2.119215
-2.043355	0.237649
1.874196	0.412632
-1.111530	0.700299
-0.445176	-2.012900
-0.310970	-7.288483
1.013694	-0.559141
-1.710825	-0.527879
1.100376	-4.528934
0.234544	-3.911619
-1.915543	-1.654871
1.875249	-0.258630
-0.957976	-0.406222
0.399843	-7.010630
0.264336	-2.194564
0.847522	0.177341
1.379897	1.261410
-1.726562	0.865613
1.984362	1.266330
-0.649663	-1.641577
-0.173084	-7.594266
0.972985	-0.840790
-1.694041	-0.651500
1.028025	-4.746382
0.293196	-3.792314
-1.909573	-1.570065
1.903521	-0.517591
-0.823565	-1.209347
0.001533	-7.743794
0.819444	-1.221159
-1.909487	-0.498733
1.928261	-1.438335
-0.323259	-3.678246
-0.976342	-4.917331
1.674283	-0.662751
-0.978244	-0.860510
0.163411	-7.609670
0.670940	-1.620888
-2.018391	0.825377
1.807485	0.717512
-1.252401	1.193020
-0.822857	0.161699
-0.275185	-2.135473
-0.374907	-7.084091
0.928176	-0.457057
-1.918446	-0.116278
2.015504	-0.668058
-0.463868	-2.988275
-0.697200	-5.912582
1.529619	-0.624651
-1.049091	-0.844159
0.188055	-7.558582
0.702586	-1.676004
-2.007452	-0.084785
1.955252	0.055645
-0.891694	-0.562662
0.315647	-7.256641
0.328179	-2.015758
0.815337	0.226582
1.162352	1.134004
-1.864527	0.837757
1.965374	0.909901
-0.899119	-0.182733
0.596223	-6.294417
0.027796	-2.334356
-0.662340	-6.042603
0.880470	-0.131815
-1.924374	1.434341
1.753520	1.071522
-1.361888	1.447327
-0.978292	1.344085
-0.970781	2.281153
1.034312	2.623831
1.061734	1.534778
-1.687248	2.460897
1.566694	1.531486
-1.602735	1.500215
1.729930	2.285833
-1.057639	1.435616
-0.999382	2.325283
1.044360	2.575561
1.098473	1.558178
-1.761585	2.077448
1.652049	1.520094
-1.506137	1.636192
1.593318	2.769547
-1.103969	1.895113
-1.137620	3.176055
1.109795	3.445280
1.074712	1.977551
-1.383137	3.489158
1.399736	1.616635
-1.728829	1.353358
1.839651	1.715611
-1.052446	1.143184
-0.869648	0.900983
-0.801360	0.550006
-0.586975	-0.927521
0.184438	-7.486167
0.272742	-1.681653
0.550674	-0.185555
0.182984	0.321667
0.288818	-6.404005
-0.353845	0.076104
-0.480003	-0.817229
0.279017	-7.190914
0.071342	-1.655650
-0.433856	-6.688114
0.476637	-0.614970
0.231660	0.096889
0.045550	-6.818186
-0.261946	0.053724
-0.463706	-0.717453
0.353288	-6.953294
-0.012480	-1.638409
-0.327649	-7.035035
0.463770	-0.756166
0.282011	0.046168
-0.097891	-6.773757
-0.218567	0.140438
-0.491157	-0.530647
0.501378	-6.454812
-0.112299	-1.672486
-0.256714	-7.265015
0.500298	-0.850217
0.424166	0.129234
-0.631601	-5.321852
-0.143642	0.500754
-0.595343	0.157330
-0.449345	-1.314832
-0.000490	-7.663671
0.449240	-1.315791
0.595317	0.154436
0.143588	0.500388
0.631913	-5.320860
-0.424206	0.129869
-0.500332	-0.847962
0.255731	-7.267706
0.112399	-1.672873
-0.502193	-6.451702
0.491044	-0.531495
0.218253	0.139309
0.097477	-6.774426
-0.282197	0.046553
-0.463554	-0.755391
0.325944	-7.040259
0.013119	-1.637969
-0.354255	-6.949922
0.463301	-0.719428
0.260926	0.052063
-0.043826	-6.819614
-0.232131	0.094487
-0.475747	-0.617496
0.429307	-6.703645
-0.069360	-1.653753
-0.281362	-7.183360
0.478641	-0.819443
0.350095	0.071709
-0.278070	-6.431660
-0.184688	0.311706
-0.547560	-0.204022
0.952128	-4.859160
-0.263641	-1.686254
-0.190471	-7.471894
0.584421	-0.923193
0.784563	0.527901
0.785194	0.810427
0.629868	0.724849
0.021143	0.899730
-0.601181	0.629129
-0.741850	0.443663
-0.550596	-1.053266
0.121907	-7.586702
0.338446	-1.567976
0.548547	-0.073109
0.123631	0.394468
0.560095	-5.613128
-0.407455	0.020629
-0.445236	-1.036859
0.147868	-7.486381
0.209462	-1.549419
-0.644337	-5.897165
0.444829	-0.408664
0.079619	0.158148
0.461602	-6.036763
-0.363509	-0.213358
-0.337205	-1.244513
0.032018	-7.579588
0.285133	-1.356835
-0.801470	-5.281025
0.379452	-0.312089
-0.595422	-5.631616
-0.030866	0.126509
-0.410746	-0.391366
0.669097	-5.783394
-0.233521	-1.466768
-0.102933	-7.533225
0.395178	-1.124064
0.367830	-0.093857
-0.419590	-6.115793
-0.118320	0.244098
-0.492968	-0.319426
0.750113	-5.537937
-0.232287	-1.619393
-0.170646	-7.478159
0.511524	-0.983921
0.547111	0.214780
0.001397	0.626110
-0.545329	0.213206
-0.510943	-0.983397
0.169918	-7.479321
0.231706	-1.620301
-0.748691	-5.542820
0.492478	-0.322608
0.118054	0.242595
0.418679	-6.119193
-0.367735	-0.094376
-0.394751	-1.123730
0.100781	-7.535765
0.233795	-1.468049
-0.670525	-5.777894
0.410414	-0.391411
0.030219	0.126477
0.597567	-5.624714
-0.379843	-0.310469
0.798584	-5.291566
-0.284802	-1.355446
-0.033505	-7.579092
0.337746	-1.245625
0.363468	-0.213006
-0.461414	-6.036652
-0.080151	0.159306
-0.445442	-0.405606
0.644180	-5.898162
-0.209675	-1.548820
-0.149507	-7.483850
0.445861	-1.038824
0.408550	0.020644
-0.567505	-5.587334
-0.123237	0.398316
-0.549485	-0.066084
-0.341225	-1.563208
-0.120189	-7.589017
0.549579	-1.058337
0.741282	0.440868
0.599226	0.625604
-0.025280	0.903439
-0.633429	0.745020
-0.793008	0.887935
-0.823891	0.909870
-0.824771	0.860673
-0.796644	0.578251
-0.613420	-0.765164
0.277894	-7.265485
0.166151	-1.803575
-0.664303	-5.898691
0.573424	-0.343890
0.336429	0.268544
-0.147860	-6.593027
-0.251545	0.400360
-0.608437	0.020043
-0.355528	-1.626559
-0.147831	-7.570616
0.615843	-0.980993
0.984966	0.763890
-1.835858	1.861170
1.685511	1.308376
-1.466820	1.519598
1.547193	3.004661
-1.026549	1.514344
-1.024223	2.670084
0.943825	2.238165
0.890146	1.246438
0.987447	1.137667
-1.617229	2.798645
1.500142	1.444725
-1.659009	1.280275
1.830172	1.950536
-0.942708	0.494472
-0.414715	-1.924477
-0.273370	-7.377410
0.915223	-0.631902
-1.894794	-0.298743
1.949788	-1.384827
-0.298959	-3.718564
-0.998885	-4.852313
1.677876	-0.593975
-1.004425	-0.700528
0.238824	-7.467723
0.559244	-1.824833
-1.578736	3.115517
1.435730	0.978048
-1.638494	0.704414
2.010973	1.319267
-0.370147	-2.986717
-0.698568	-5.957253
1.470692	-0.345053
-1.191518	-0.335248
0.465811	-6.814770
0.377789	-2.400614
1.203231	0.703078
-1.772970	0.221529
2.049195	-0.945265
-0.189766	-3.819168
-1.093099	-4.592532
1.672367	-0.258260
-1.131947	-0.020179
0.658782	-6.123881
0.113689	-2.668082
-1.003048	-4.892250
1.051782	0.218542
-1.869006	0.054339
2.035157	-0.745406
-0.350526	-3.425772
-0.873175	-5.293273
1.614942	-0.533074
-1.054396	-0.594412
0.297771	-7.324734
0.507139	-1.978501
1.327902	0.905676
