-1.072420	1.003470
-1.075768	0.892977
-1.027058	0.881965
-0.993534	1.053681
-1.003520	1.138056
-1.011967	1.147551
-1.006231	1.142724
-0.993759	1.082301
-1.015383	0.911498
-1.070378	0.872719
-1.075026	0.985068
-1.064576	1.043773
-1.066647	1.034441
-1.077917	0.953653
-1.057601	0.856619
-1.002697	0.963466
-0.996427	1.111684
-1.009316	1.146010
-1.010895	1.147074
-0.999337	1.126256
-0.996842	1.004288
-1.045127	0.858653
-1.078561	0.927832
-1.068848	1.023716
-1.063798	1.047067
-1.072295	1.004234
-1.075948	0.894091
-1.027651	0.880885
-0.993569	1.052199
-1.003383	1.137765
-1.011950	1.147543
-1.006349	1.142923
-0.993810	1.083428
-1.014880	0.913188
-1.070048	0.871961
-1.075143	0.984190
-1.064627	1.043556
-1.066562	1.034841
-1.077851	0.954783
-1.058107	0.856732
-1.003028	0.961670
-0.996309	1.110845
-1.009231	1.145935
-1.010948	1.147096
-0.999473	1.126800
-0.996654	1.005926
-1.044544	0.858951
-1.078545	0.926635
-1.068956	1.023198
-1.063780	1.047144
-1.072175	1.004962
-1.076116	0.895141
-1.028221	0.879808
-0.993608	1.050728
-1.003251	1.137472
-1.011933	1.147540
-1.006461	1.143066
-0.993862	1.084531
-1.014402	0.914696
-1.069725	0.871110
-1.075255	0.983258
-1.064678	1.043340
-1.066482	1.035221
-1.077786	0.955858
-1.058588	0.856982
-1.003351	0.959893
-0.996198	1.110116
-1.009148	1.145892
-1.010999	1.147138
-0.999603	1.127244
-0.996480	1.007713
-1.043984	0.859310
-1.078526	0.925608
-1.069060	1.022645
-1.063764	1.047213
-1.072060	1.005720
-1.076270	0.896269
-1.028768	0.878730
-0.993649	1.049269
-1.003124	1.137245
-1.011915	1.147536
-1.006567	1.143206
-0.993914	1.085609
-1.013950	0.916022
-1.069411	0.870489
-1.075361	0.982354
-1.064727	1.043126
-1.066406	1.035582
-1.077721	0.956880
-1.059043	0.857188
-1.003666	0.958323
-0.996093	1.109388
-1.009067	1.145812
-1.011045	1.147159
-0.999727	1.127678
-0.996318	1.009304
-1.043448	0.859727
-1.078504	0.924509
-1.069160	1.022154
-1.063750	1.047275
-1.071951	1.006378
-1.076412	0.897192
-1.029293	0.877648
-0.993691	1.047976
-1.003002	1.136947
-1.011897	1.147531
-1.006667	1.143344
-0.993966	1.086664
-1.013523	0.917554
-1.069105	0.869773
-1.075461	0.981478
-1.064775	1.042915
-1.066335	1.035925
-1.077658	0.957848
-1.059473	0.857526
-1.003970	0.956772
-0.995994	1.108663
-1.008989	1.145766
-1.011089	1.147181
-0.999846	1.128101
-0.996168	1.010701
-1.042936	0.860200
-1.078479	0.923459
-1.069256	1.021627
-1.063738	1.047330
-1.071847	1.007003
-1.076543	0.898052
-1.029794	0.876759
-0.993735	1.046697
-1.002886	1.136717
-1.011878	1.147526
-1.006762	1.143480
-0.994017	1.087567
-1.013119	0.918899
-1.068810	0.869123
-1.075556	0.980716
-1.064822	1.042707
-1.066267	1.036217
-1.077595	0.958765
-1.059878	0.857639
-1.004264	0.955240
-0.995901	1.108053
-1.008914	1.145682
-1.011129	1.147203
-0.999959	1.128515
-0.996029	1.012246
-1.042447	0.860533
-1.078453	0.922459
-1.069348	1.021165
-1.063727	1.047373
-1.071748	1.007596
-1.076664	0.898991
-1.030273	0.876060
-0.993781	1.045432
-1.002775	1.136415
-1.011860	1.147520
-1.006852	1.143564
-0.994069	1.088449
-1.012738	0.920252
-1.068524	0.868538
-1.075645	0.979899
-1.064867	1.042523
-1.066204	1.036525
-1.077534	0.959633
-1.060261	0.857884
-1.004548	0.953725
-0.995814	1.107335
-1.008842	1.145632
-1.011167	1.147224
-1.000067	1.128919
-0.995901	1.013598
-1.041981	0.860916
-1.078424	0.921632
-1.069437	1.020667
-1.063718	1.047417
-1.071654	1.008159
-1.076775	0.899871
-1.030729	0.875155
-0.993827	1.044180
-1.002670	1.136183
-1.011842	1.147513
-1.006936	1.143696
-0.994119	1.089312
-1.012380	0.921415
-1.068248	0.868016
-1.075730	0.979196
-1.064911	1.042323
-1.066145	1.036786
-1.077475	0.960455
-1.060621	0.858260
-1.004822	0.952414
-0.995732	1.106733
-1.008773	1.145581
-1.011202	1.147246
-1.000170	1.129230
-0.995782	1.014760
-1.041538	0.861345
-1.078395	0.920729
-1.069521	1.020234
-1.063710	1.047451
-1.071565	1.008694
-1.076877	0.900694
-1.031163	0.874439
-0.993873	1.043097
-1.002569	1.135949
-1.011823	1.147514
-1.007016	1.143777
-0.994168	1.090028
-1.012041	0.922584
-1.067982	0.867553
-1.075810	0.978436
-1.064953	1.042148
-1.066089	1.037033
-1.077418	0.961233
-1.060961	0.858415
-1.005084	0.951119
-0.995655	1.106136
-1.008707	1.145528
-1.011234	1.147267
-1.000267	1.129618
-0.995672	1.016070
-1.041116	0.861819
-1.078364	0.919871
-1.069601	1.019815
-1.063703	1.047485
-1.071480	1.009201
-1.076971	0.901463
-1.031576	0.873713
-0.993919	1.042029
-1.002473	1.135716
-1.011805	1.147506
-1.007092	1.143857
-0.994216	1.090855
-1.011722	0.923755
-1.067726	0.866981
-1.075885	0.977789
-1.064994	1.041978
-1.066037	1.037297
-1.077362	0.961969
-1.061281	0.858703
-1.005337	0.950027
-0.995582	1.105543
-1.008643	1.145474
-1.011264	1.147289
-1.000360	1.129915
-0.995570	1.017192
-1.040715	0.862140
-1.078333	0.919058
-1.069678	1.019410
-1.063697	1.047511
-1.071400	1.009684
-1.077058	0.902181
-1.031970	0.873174
-0.993966	1.040973
-1.002382	1.135554
-1.011788	1.147497
-1.007163	1.143937
-0.994263	1.091539
-1.011421	0.924929
-1.067480	0.866629
-1.075956	0.977170
-1.065033	1.041789
-1.065987	1.037518
-1.077309	0.962569
-1.061583	0.858950
-1.005580	0.948760
-0.995514	1.104955
-1.008582	1.145419
-1.011293	1.147292
-1.000448	1.130205
-0.995476	1.018296
-1.040333	0.862498
-1.078301	0.918412
-1.069751	1.019018
-1.063691	1.047534
-1.071324	1.010144
-1.077138	0.902851
-1.032345	0.872624
-0.994012	1.039930
-1.002295	1.135320
-1.011770	1.147497
-1.007230	1.144062
-0.994309	1.092209
-1.011137	0.925911
-1.067244	0.866160
-1.076023	0.976489
-1.065071	1.041627
-1.065941	1.037728
-1.077257	0.963232
-1.061868	0.859158
-1.005813	0.947693
-0.995450	1.104371
-1.008524	1.145362
-1.011319	1.147314
-1.000532	1.130490
-0.995388	1.019216
-1.039969	0.862890
-1.078269	0.917679
-1.069821	1.018639
-1.063687	1.047554
-1.071252	1.010582
-1.077212	0.903614
-1.032703	0.872064
-0.994058	1.039056
-1.002213	1.135084
-1.011754	1.147486
-1.007294	1.144093
-0.994353	1.092864
-1.010869	0.926894
-1.067016	0.865738
-1.076086	0.975918
-1.065108	1.041470
-1.065897	1.037927
-1.077207	0.963860
-1.062137	0.859505
-1.006038	0.946638
-0.995389	1.103906
-1.008468	1.145303
-1.011344	1.147318
-1.000613	1.130687
-0.995306	1.020286
-1.039622	0.863315
-1.078237	0.916983
-1.069887	1.018272
-1.063683	1.047571
-1.071183	1.011000
-1.077281	0.904199
-1.033044	0.871495
-0.994103	1.038193
-1.002133	1.134923
-1.011737	1.147485
-1.007355	1.144169
-0.994396	1.093384
-1.010614	0.927877
-1.066797	0.865358
-1.076146	0.975370
-1.065143	1.041316
-1.065855	1.038117
-1.077158	0.964459
-1.062392	0.859643
-1.006254	0.945593
-0.995332	1.103329
-1.008414	1.145244
-1.011367	1.147339
-1.000689	1.130962
-0.995230	1.021176
-1.039290	0.863573
-1.078204	0.916321
-1.069951	1.017969
-1.063680	1.047586
-1.071117	1.011341
-1.077345	0.904882
-1.033370	0.870915
-0.994148	1.037341
-1.002058	1.134687
-1.011721	1.147473
-1.007412	1.144245
-0.994438	1.094016
-1.010373	0.928667
-1.066585	0.865018
-1.076203	0.974842
-1.065177	1.041166
-1.065816	1.038299
-1.077111	0.965030
-1.062635	0.859925
-1.006462	0.944747
-0.995278	1.102872
-1.008362	1.145183
-1.011389	1.147344
-1.000762	1.131151
-0.995158	1.022052
-1.038973	0.863858
-1.078172	0.915689
-1.070013	1.017623
-1.063677	1.047599
-1.071055	1.011725
-1.077404	0.905395
-1.033683	0.870524
-0.994192	1.036498
-1.001986	1.134526
-1.011705	1.147471
-1.007467	1.144320
-0.994479	1.094514
-1.010143	0.929651
-1.066381	0.864713
-1.076257	0.974333
-1.065210	1.041020
-1.065778	1.038473
-1.077065	0.965575
-1.062865	0.860178
-1.006663	0.943719
-0.995227	1.102419
-1.008312	1.145162
-1.011410	1.147349
-1.000833	1.131418
-0.995091	1.022916
-1.038669	0.864360
-1.078139	0.915086
-1.070072	1.017286
-1.063675	1.047611
-1.070994	1.012095
-1.077459	0.906013
-1.033983	0.870124
-0.994236	1.035663
-1.001916	1.134365
-1.011689	1.147470
-1.007519	1.144395
-0.994519	1.095003
-1.009924	0.930441
-1.066183	0.864441
-1.076309	0.973841
-1.065242	1.040900
-1.065743	1.038639
-1.077021	0.966098
-1.063086	0.860406
-1.006858	0.942889
-0.995178	1.101968
-1.008264	1.145099
-1.011429	1.147370
-1.000900	1.131600
-0.995028	1.023769
-1.038376	0.864688
-1.078106	0.914508
-1.070128	1.017012
-1.063673	1.047620
-1.070937	1.012393
-1.077511	0.906602
-1.034272	0.869717
-0.994279	1.034836
-1.001849	1.134204
-1.011674	1.147455
-1.007570	1.144423
-0.994558	1.095484
-1.009714	0.931232
-1.065991	0.864198
-1.076358	0.973275
-1.065273	1.040760
-1.065708	1.038772
-1.076978	0.966601
-1.063296	0.860611
-1.007047	0.942066
-0.995132	1.101520
-1.008218	1.145077
-1.011448	1.147375
-1.000965	1.131779
-0.994968	1.024612
-1.038094	0.864841
-1.078074	0.914082
-1.070183	1.016691
-1.063671	1.047629
-1.070881	1.012737
-1.077560	0.907033
-1.034551	0.869304
-0.994322	1.034176
-1.001784	1.134042
-1.011659	1.147453
-1.007618	1.144496
-0.994597	1.095958
-1.009512	0.932022
-1.065804	0.863811
-1.076406	0.972811
-1.065303	1.040621
-1.065676	1.038927
-1.076936	0.967087
-1.063499	0.860796
-1.007232	0.941248
-0.995087	1.101075
-1.008172	1.145013
-1.011465	1.147380
-1.001029	1.131955
-0.994912	1.025281
-1.037820	0.865204
-1.078041	0.913546
-1.070237	1.016375
-1.063670	1.047635
-1.070827	1.013014
-1.077607	0.907576
-1.034822	0.868885
-0.994365	1.033361
-1.001722	1.133881
-1.011644	1.147450
-1.007665	1.144524
-0.994634	1.096426
-1.009318	0.932812
-1.065621	0.863615
-1.076451	0.972358
-1.065333	1.040484
-1.065644	1.039077
-1.076894	0.967557
-1.063694	0.860964
-1.007412	0.940435
-0.995045	1.100749
-1.008128	1.144989
-1.011482	1.147400
-1.001090	1.132130
-0.994858	1.026107
-1.037555	0.865582
-1.078008	0.913027
-1.070288	1.016120
-1.063668	1.047641
-1.070775	1.013340
-1.077650	0.908102
-1.035085	0.868463
-0.994408	1.032711
-1.001661	1.133719
-1.011629	1.147446
-1.007710	1.144596
-0.994672	1.096887
-1.009130	0.933602
-1.065442	0.863439
-1.076495	0.971915
-1.065362	1.040375
-1.065613	1.039224
-1.076854	0.968015
-1.063884	0.861291
-1.007588	0.939818
-0.995004	1.100306
-1.008085	1.144923
-1.011499	1.147404
-1.001150	1.132302
-0.994806	1.026764
-1.037295	0.865972
-1.077975	0.912521
-1.070339	1.015815
-1.063668	1.047644
-1.070724	1.013601
-1.077692	0.908612
-1.035342	0.868233
-0.994450	1.031904
-1.001601	1.133557
-1.011615	1.147443
-1.007754	1.144623
-0.994709	1.097223
-1.008947	0.934393
-1.065266	0.863108
-1.076538	0.971479
-1.065390	1.040240
-1.065584	1.039339
-1.076814	0.968462
-1.064068	0.861435
-1.007762	0.939014
-0.994964	1.099864
-1.008042	1.144899
-1.011514	1.147409
-1.001209	1.132472
-0.994757	1.027414
-1.037041	0.866178
-1.077942	0.912026
-1.070389	1.015567
-1.063667	1.047647
-1.070674	1.013913
-1.077732	0.909110
-1.035595	0.867805
-0.994493	1.031261
-1.001543	1.133395
-1.011601	1.147426
-1.007797	1.144694
-0.994745	1.097676
-1.008768	0.934992
-1.065091	0.862960
-1.076580	0.971049
-1.065418	1.040107
-1.065555	1.039479
-1.076774	0.968900
-1.064248	0.861570
-1.007934	0.938213
-0.994925	1.099541
-1.008000	1.144831
-1.011530	1.147414
-1.001266	1.132641
-0.994709	1.028224
-1.036791	0.866587
-1.077908	0.911540
-1.070438	1.015267
-1.063667	1.047650
-1.070624	1.014164
-1.077771	0.909600
-1.035845	0.867573
-0.994536	1.030619
-1.001485	1.133231
-1.011586	1.147421
-1.007840	1.144720
-0.994782	1.098125
-1.008593	0.935783
-1.064918	0.862651
-1.076621	0.970622
-1.065446	1.040000
-1.065526	1.039617
-1.076734	0.969332
-1.064425	0.861873
-1.008106	0.937606
-0.994887	1.099099
-1.007958	1.144806
-1.011545	1.147419
-1.001324	1.132808
-0.994662	1.028867
-1.036543	0.866807
-1.077873	0.911058
-1.070487	1.015023
-1.063666	1.047651
-1.070576	1.014468
-1.077808	0.910083
-1.036092	0.867147
-0.994580	1.029979
-1.001428	1.133067
-1.011572	1.147417
-1.007882	1.144790
-0.994818	1.098452
-1.008420	0.936384
-1.064745	0.862519
-1.076661	0.970197
-1.065474	1.039866
-1.065498	1.039726
-1.076694	0.969760
-1.064600	0.862001
-1.008277	0.936810
-0.994849	1.098655
-1.007916	1.144780
-1.011560	1.147423
-1.001381	1.132974
-0.994617	1.029509
-1.036297	0.867033
-1.077838	0.910579
-1.070535	1.014723
-1.063666	1.047651
-1.070527	1.014713
-1.077844	0.910563
-1.036338	0.866918
-0.994625	1.029176
-1.001371	1.132902
-1.011557	1.147412
-1.007923	1.144816
-0.994855	1.098896
-1.008248	0.937179
-1.064571	0.862219
-1.076701	0.969771
-1.065502	1.039731
-1.065470	1.039860
-1.076654	0.970186
-1.064774	0.862302
-1.008449	0.936208
-0.994812	1.098330
-1.007875	1.144711
-1.011574	1.147428
-1.001437	1.133138
-0.994573	1.030149
-1.036051	0.867458
-1.077802	0.910099
-1.070584	1.014478
-1.063666	1.047651
-1.070479	1.015013
-1.077879	0.911042
-1.036584	0.866498
-0.994670	1.028534
-1.001314	1.132736
-1.011542	1.147408
-1.007965	1.144841
-0.994893	1.099339
-1.008077	0.937783
-1.064396	0.861919
-1.076741	0.969343
-1.065531	1.039622
-1.065442	1.039994
-1.076614	0.970611
-1.064947	0.862606
-1.008622	0.935415
-0.994776	1.097883
-1.007833	1.144684
-1.011589	1.147445
-1.001495	1.133302
-0.994529	1.030951
-1.035803	0.867689
-1.077764	0.909615
-1.070633	1.014173
-1.063667	1.047650
-1.070430	1.015258
-1.077913	0.911394
-1.036833	0.866278
-0.994717	1.027889
-1.001257	1.132568
-1.011527	1.147403
-1.008007	1.144909
-0.994931	1.099662
-1.007906	0.938582
-1.064218	0.861788
-1.076780	0.968910
-1.065559	1.039485
-1.065414	1.040102
-1.076573	0.971039
-1.065120	0.862746
-1.008798	0.934623
-0.994739	1.097553
-1.007790	1.144613
-1.011603	1.147449
-1.001552	1.133465
-0.994486	1.031593
-1.035553	0.868117
-1.077726	0.909125
-1.070682	1.013922
-1.063667	1.047648
-1.070381	1.015559
-1.077947	0.911882
-1.037083	0.865870
-0.994765	1.027242
-1.001199	1.132399
-1.011512	1.147398
-1.008049	1.144934
-0.994970	1.100103
-1.007733	0.939383
-1.064038	0.861651
-1.076820	0.968471
-1.065589	1.039345
-1.065385	1.040235
-1.076531	0.971470
-1.065295	0.863067
-1.008977	0.934025
-0.994702	1.097099
-1.007747	1.144586
-1.011617	1.147453
-1.001611	1.133628
-0.994443	1.032236
-1.035300	0.868349
-1.077685	0.908625
-1.070732	1.013609
-1.063668	1.047644
-1.070331	1.015807
-1.077981	0.912379
-1.037338	0.865667
-0.994815	1.026426
-1.001140	1.132228
-1.011496	1.147378
-1.008092	1.145000
-0.995010	1.100426
-1.007559	0.939997
-1.063853	0.861334
-1.076861	0.968023
-1.065618	1.039229
-1.065357	1.040370
-1.076488	0.971908
-1.065472	0.863230
-1.009161	0.933234
-0.994665	1.096641
-1.007703	1.144514
-1.011632	1.147456
-1.001671	1.133789
-0.994401	1.032882
-1.035041	0.868774
-1.077643	0.908113
-1.070783	1.013347
-1.063669	1.047641
-1.070280	1.016113
-1.078014	0.912887
-1.037599	0.865279
-0.994867	1.025769
-1.001080	1.132056
-1.011479	1.147373
-1.008135	1.145024
-0.995052	1.100869
-1.007382	0.940805
-1.063662	0.861178
-1.076901	0.967563
-1.065649	1.039082
-1.065328	1.040480
-1.076444	0.972353
-1.065651	0.863580
-1.009350	0.932443
-0.994628	1.096178
-1.007657	1.144487
-1.011647	1.147459
-1.001732	1.133951
-0.994358	1.033693
-1.034777	0.869196
-1.077599	0.907585
-1.070836	1.013020
-1.063670	1.047636
-1.070228	1.016369
-1.078047	0.913409
-1.037866	0.865098
-0.994921	1.025105
-1.001018	1.131881
-1.011462	1.147368
-1.008180	1.145089
-0.995095	1.101313
-1.007201	0.941619
-1.063466	0.861007
-1.076943	0.967091
-1.065681	1.038931
-1.065298	1.040617
-1.076398	0.972807
-1.065835	0.863779
-1.009545	0.931653
-0.994590	1.095709
-1.007610	1.144414
-1.011661	1.147462
-1.001795	1.134112
-0.994315	1.034349
-1.034505	0.869614
-1.077552	0.907172
-1.070890	1.012742
-1.063671	1.047629
-1.070174	1.016686
-1.078079	0.913949
-1.038140	0.864737
-0.994978	1.024270
-1.000955	1.131704
-1.011445	1.147363
-1.008225	1.145111
-0.995139	1.101758
-1.007016	0.942437
-1.063262	0.860646
-1.076985	0.966603
-1.065714	1.038775
-1.065268	1.040757
-1.076350	0.973274
-1.066023	0.864001
-1.009748	0.930863
-0.994552	1.095234
-1.007561	1.144385
-1.011676	1.147476
-1.001860	1.134273
-0.994272	1.035170
-1.034224	0.870027
-1.077503	0.906604
-1.070946	1.012396
-1.063673	1.047621
-1.070119	1.017009
-1.078112	0.914508
-1.038424	0.864393
-0.995038	1.023425
-1.000889	1.131443
-1.011426	1.147342
-1.008272	1.145174
-0.995186	1.102206
-1.006826	0.943261
-1.063049	0.860438
-1.077028	0.966097
-1.065748	1.038642
-1.065237	1.040898
-1.076301	0.973754
-1.066216	0.864418
-1.009960	0.930072
-0.994513	1.094751
-1.007511	1.144311
-1.011692	1.147478
-1.001927	1.134434
-0.994228	1.035997
-1.033933	0.870432
-1.077450	0.906010
-1.071004	1.012097
-1.063675	1.047611
-1.070062	1.017285
-1.078145	0.915091
-1.038719	0.864068
-0.995102	1.022735
-1.000821	1.131260
-1.011406	1.147336
-1.008321	1.145195
-0.995235	1.102656
-1.006630	0.944092
-1.062828	0.860206
-1.077073	0.965665
-1.065784	1.038475
-1.065205	1.041018
-1.076249	0.974338
-1.066414	0.864695
-1.010180	0.929282
-0.994473	1.094259
-1.007458	1.144282
-1.011707	1.147480
-1.001997	1.134670
-0.994185	1.036674
-1.033631	0.870831
-1.077394	0.905523
-1.071065	1.011725
-1.063677	1.047600
-1.070003	1.017623
-1.078177	0.915699
-1.039025	0.863764
-0.995170	1.021869
-1.000750	1.131074
-1.011385	1.147331
-1.008371	1.145257
-0.995287	1.103110
-1.006428	0.945121
-1.062595	0.859949
-1.077119	0.965116
-1.065822	1.038300
-1.065172	1.041165
-1.076194	0.974850
-1.066620	0.865006
-1.010412	0.928298
-0.994431	1.093759
-1.007403	1.144207
-1.011723	1.147493
-1.002070	1.134831
-0.994140	1.037518
-1.033317	0.871221
-1.077334	0.904870
-1.071128	1.011338
-1.063680	1.047587
-1.069941	1.017971
-1.078210	0.916336
-1.039345	0.863290
-0.995242	1.020825
-1.000677	1.130802
-1.011363	1.147310
-1.008423	1.145317
-0.995341	1.103567
-1.006218	0.945969
-1.062351	0.859837
-1.077166	0.964542
-1.065862	1.038117
-1.065137	1.041316
-1.076137	0.975381
-1.066833	0.865353
-1.010656	0.927507
-0.994389	1.093124
-1.007345	1.144130
-1.011740	1.147493
-1.002146	1.134992
-0.994095	1.038372
-1.032988	0.871799
-1.077270	0.904317
-1.071194	1.010995
-1.063684	1.047571
-1.069876	1.018276
-1.078242	0.917004
-1.039679	0.863036
-0.995319	1.019932
-1.000600	1.130608
-1.011340	1.147305
-1.008477	1.145336
-0.995399	1.104028
-1.006001	0.947015
-1.062093	0.859519
-1.077215	0.963939
-1.065904	1.037926
-1.065102	1.041471
-1.076076	0.975934
-1.067054	0.865739
-1.010912	0.926524
-0.994346	1.092603
-1.007284	1.144053
-1.011756	1.147504
-1.002226	1.135227
-0.994050	1.039394
-1.032644	0.872367
-1.077200	0.903589
-1.071264	1.010574
-1.063688	1.047554
-1.069809	1.018646
-1.078275	0.917707
-1.040028	0.862617
-0.995402	1.019025
-1.000519	1.130327
-1.011315	1.147283
-1.008534	1.145393
-0.995460	1.104609
-1.005775	0.948072
-1.061821	0.859341
-1.077265	0.963306
-1.065948	1.037725
-1.065065	1.041630
-1.076012	0.976508
-1.067283	0.866169
-1.011184	0.925541
-0.994301	1.091944
-1.007219	1.143975
-1.011773	1.147504
-1.002310	1.135388
-0.994004	1.040270
-1.032284	0.872925
-1.077125	0.902957
-1.071337	1.010133
-1.063692	1.047534
-1.069739	1.019027
-1.078307	0.918319
-1.040395	0.862230
-0.995491	1.017936
-1.000434	1.130041
-1.011288	1.147279
-1.008592	1.145450
-0.995525	1.105193
-1.005540	0.949140
-1.061533	0.859127
-1.077318	0.962639
-1.065995	1.037514
-1.065027	1.041815
-1.075944	0.977194
-1.067521	0.866480
-1.011470	0.924560
-0.994255	1.091271
-1.007151	1.143897
-1.011791	1.147514
-1.002397	1.135622
-0.993958	1.041314
-1.031906	0.873473
-1.077044	0.902142
-1.071413	1.009670
-1.063698	1.047510
-1.069665	1.019421
-1.078338	0.919099
-1.040780	0.861878
-0.995587	1.016828
-1.000345	1.129749
-1.011260	1.147257
-1.008654	1.145505
-0.995594	1.105668
-1.005296	0.950409
-1.061228	0.858874
-1.077372	0.961936
-1.066045	1.037291
-1.064987	1.041982
-1.075873	0.977819
-1.067769	0.867008
-1.011774	0.923386
-0.994208	1.090584
-1.007079	1.143817
-1.011808	1.147513
-1.002489	1.135856
-0.993912	1.042372
-1.031509	0.874208
-1.076956	0.901416
-1.071494	1.009184
-1.063704	1.047484
-1.069588	1.019829
-1.078370	0.919920
-1.041185	0.861564
-0.995690	1.015702
-1.000251	1.129450
-1.011229	1.147235
-1.008718	1.145559
-0.995667	1.106261
-1.005041	0.951503
-1.060905	0.858579
-1.077427	0.961193
-1.066098	1.037025
-1.064946	1.042153
-1.075797	0.978470
-1.068026	0.867423
-1.012096	0.922214
-0.994160	1.089881
-1.007003	1.143736
-1.011826	1.147521
-1.002586	1.136089
-0.993865	1.043442
-1.031092	0.874735
-1.076861	0.900638
-1.071580	1.008672
-1.063711	1.047450
-1.069507	1.020251
-1.078400	0.920786
-1.041611	0.861098
-0.995802	1.014388
-1.000153	1.129145
-1.011196	1.147232
-1.008785	1.145611
-0.995745	1.106971
-1.004777	0.952801
-1.060562	0.858418
-1.077485	0.960409
-1.066155	1.036777
-1.064904	1.042329
-1.075716	0.979235
-1.068293	0.867896
-1.012438	0.921047
-0.994110	1.089034
-1.006922	1.143605
-1.011845	1.147528
-1.002687	1.136321
-0.993819	1.044527
-1.030654	0.875450
-1.076757	0.899807
-1.071669	1.008133
-1.063719	1.047415
-1.069422	1.020738
-1.078429	0.921573
-1.042058	0.860676
-0.995922	1.013223
-1.000049	1.128747
-1.011161	1.147210
-1.008854	1.145662
-0.995828	1.107573
-1.004501	0.954114
-1.060198	0.858034
-1.077544	0.959580
-1.066214	1.036514
-1.064860	1.042531
-1.075631	0.979943
-1.068571	0.868594
-1.012801	0.919689
-0.994060	1.088167
-1.006837	1.143522
-1.011863	1.147534
-1.002794	1.136553
-0.993773	1.045780
-1.030194	0.876353
-1.076645	0.899057
-1.071764	1.007566
-1.063729	1.047372
-1.069333	1.021188
-1.078457	0.922533
-1.042527	0.860301
-0.996052	1.011697
-0.999941	1.128427
-1.011123	1.147188
-1.008927	1.145748
-0.995917	1.108180
-1.004216	0.955631
-1.059812	0.857782
-1.077605	0.958705
-1.066278	1.036204
-1.064814	1.042736
-1.075540	0.980766
-1.068858	0.869026
-1.013185	0.918532
-0.994009	1.087281
-1.006746	1.143388
-1.011881	1.147531
-1.002905	1.136783
-0.993728	1.047047
-1.029712	0.877248
-1.076522	0.898109
-1.071864	1.006968
-1.063740	1.047328
-1.069241	1.021653
-1.078483	0.923541
-1.043020	0.859977
-0.996192	1.010317
-0.999827	1.128011
-1.011082	1.147166
-1.009002	1.145795
-0.996011	1.108901
-1.003920	0.957166
-1.059402	0.857661
-1.077668	0.957779
-1.066346	1.035876
-1.064767	1.042925
-1.075445	0.981534
-1.069156	0.869688
-1.013593	0.916992
-0.993957	1.086374
-1.006651	1.143251
-1.011900	1.147536
-1.003022	1.137083
-0.993684	1.048328
-1.029207	0.878137
-1.076389	0.897098
-1.071969	1.006338
-1.063752	1.047272
-1.069144	1.022183
-1.078508	0.924600
-1.043536	0.859514
-0.996344	1.008745
-0.999707	1.127586
-1.011038	1.147144
-1.009080	1.145840
-0.996110	1.109626
-1.003614	0.958720
-1.058969	0.857316
-1.077732	0.956803
-1.066418	1.035564
-1.064719	1.043137
-1.075343	0.982415
-1.069463	0.870416
-1.014024	0.915657
-0.993905	1.085314
-1.006549	1.143112
-1.011918	1.147547
-1.003145	1.137310
-0.993642	1.049623
-1.028679	0.879020
-1.076245	0.896165
-1.072079	1.005675
-1.063766	1.047210
-1.069043	1.022677
-1.078529	0.925586
-1.044076	0.859107
-0.996508	1.007149
-0.999582	1.127063
-1.010990	1.147102
-1.009161	1.145919
-0.996216	1.110353
-1.003298	0.960479
-1.058509	0.857103
-1.077797	0.955774
-1.066495	1.035201
-1.064669	1.043352
-1.075236	0.983325
-1.069778	0.871211
-1.014480	0.914138
-0.993853	1.084231
-1.006442	1.142970
-1.011936	1.147550
-1.003272	1.137605
-0.993601	1.051083
-1.028127	0.880098
-1.076089	0.895169
-1.072195	1.004912
-1.063783	1.047140
-1.068938	1.023233
-1.078548	0.926744
-1.044640	0.858758
-0.996685	1.005529
-0.999451	1.126616
-1.010940	1.147080
-1.009245	1.145996
-0.996329	1.111082
-1.002973	0.962072
-1.058025	0.856846
-1.077862	0.954690
-1.066576	1.034818
-1.064619	1.043569
-1.075124	0.984262
-1.070102	0.871913
-1.014962	0.912631
-0.993802	1.083124
-1.006329	1.142825
-1.011953	1.147553
-1.003405	1.137897
-0.993563	1.052555
-1.027553	0.881176
-1.075919	0.894109
-1.072316	1.004179
-1.063801	1.047063
-1.068829	1.023801
-1.078563	0.927949
-1.045227	0.858279
-0.996875	1.003714
-0.999314	1.126068
-1.010885	1.147059
-1.009331	1.146036
-0.996447	1.111920
-1.002640	0.964058
-1.057513	0.856727
-1.077928	0.953551
-1.066662	1.034415
-1.064567	1.043787
-1.075005	0.985145
-1.070433	0.872682
-1.015469	0.911140
-0.993751	1.081859
-1.006211	1.142678
-1.011969	1.147555
-1.003543	1.138186
-0.993528	1.054038
-1.026957	0.882453
-1.075736	0.892987
-1.072442	1.003409
-1.063821	1.046977
-1.068717	1.024380
-1.078574	0.929081
-1.045836	0.858052
-0.997079	1.001875
-0.999173	1.125508
-1.010828	1.147015
-1.009419	1.146108
-0.996572	1.112757
-1.002300	0.965877
-1.056976	0.856570
-1.077994	0.952357
-1.066752	1.033991
-1.064515	1.044006
-1.074882	0.986133
-1.070770	0.873678
-1.016002	0.909471
-0.993702	1.080701
-1.006086	1.142474
-1.011985	1.147561
-1.003686	1.138472
-0.993497	1.055680
-1.026341	0.883538
-1.075539	0.891948
-1.072573	1.002537
-1.063844	1.046882
-1.068601	1.024923
-1.078581	0.930376
-1.046466	0.857696
-0.997298	1.000015
-0.999026	1.124934
-1.010766	1.146970
-1.009509	1.146177
-0.996703	1.113487
-1.001955	0.967902
-1.056413	0.856378
-1.078059	0.951214
-1.066848	1.033546
-1.064463	1.044224
-1.074752	0.987143
-1.071111	0.874577
-1.016560	0.907822
-0.993655	1.079384
-1.005956	1.142320
-1.011999	1.147562
-1.003833	1.138753
-0.993470	1.057180
-1.025705	0.885027
-1.075326	0.890706
-1.072709	1.001695
-1.063869	1.046768
-1.068483	1.025565
-1.078583	0.931710
-1.047115	0.857213
-0.997531	0.998135
-0.998875	1.124347
-1.010700	1.146948
-1.009600	1.146244
-0.996840	1.114321
-1.001605	0.969946
-1.055825	0.856156
-1.078122	0.949914
-1.066948	1.033081
-1.064411	1.044459
-1.074618	0.988250
-1.071455	0.875535
-1.017141	0.905998
-0.993610	1.077906
-1.005820	1.142108
-1.012012	1.147567
-1.003984	1.139031
-0.993447	1.058834
-1.025053	0.886330
-1.075099	0.889556
-1.072850	1.000751
-1.063897	1.046654
-1.068362	1.026167
-1.078579	0.933078
-1.047782	0.856981
-0.997780	0.996061
-0.998719	1.123653
-1.010631	1.146903
-1.009693	1.146308
-0.996982	1.115150
-1.001253	0.972008
-1.055214	0.856093
-1.078184	0.948564
-1.067052	1.032559
-1.064359	1.044673
-1.074479	0.989292
-1.071800	0.876548
-1.017746	0.904198
-0.993568	1.076538
-1.005680	1.141891
-1.012024	1.147567
-1.004139	1.139305
-0.993430	1.060490
-1.024386	0.887845
-1.074856	0.888358
-1.072994	0.999840
-1.063928	1.046519
-1.068239	1.026772
-1.078571	0.934475
-1.048462	0.856617
-0.998044	0.993795
-0.998561	1.123037
-1.010558	1.146856
-1.009786	1.146370
-0.997130	1.116077
-1.000900	0.974086
-1.054580	0.856014
-1.078243	0.947275
-1.067161	1.032053
-1.064307	1.044899
-1.074336	0.990346
-1.072144	0.877608
-1.018372	0.902622
-0.993531	1.075008
-1.005534	1.141669
-1.012033	1.147570
-1.004296	1.139637
-0.993418	1.062146
-1.023708	0.889378
-1.074599	0.887119
-1.073142	0.998829
-1.063961	1.046383
-1.068114	1.027378
-1.078556	0.935893
-1.049155	0.856498
-0.998322	0.991691
-0.998399	1.122314
-1.010481	1.146808
-1.009879	1.146430
-0.997283	1.116893
-1.000548	0.976362
-1.053927	0.855926
-1.078300	0.945836
-1.067274	1.031528
-1.064257	1.045105
-1.074189	0.991405
-1.072485	0.878709
-1.019017	0.900679
-0.993497	1.073454
-1.005384	1.141442
-1.012041	1.147572
-1.004455	1.139901
-0.993412	1.063799
-1.023022	0.890933
-1.074327	0.885845
-1.073293	0.997787
-1.063997	1.046226
-1.067989	1.027983
-1.078535	0.937327
-1.049854	0.856242
-0.998614	0.989576
-0.998235	1.121576
-1.010400	1.146760
-1.009972	1.146518
-0.997440	1.117702
-1.000200	0.978649
-1.053257	0.855836
-1.078352	0.944470
-1.067390	1.030947
-1.064208	1.045319
-1.074039	0.992542
-1.072821	0.879841
-1.019678	0.898962
-0.993469	1.071878
-1.005230	1.141151
-1.012047	1.147571
-1.004615	1.140221
-0.993412	1.065590
-1.022331	0.892511
-1.074040	0.884696
-1.073445	0.996791
-1.064036	1.046058
-1.067864	1.028626
-1.078508	0.938768
-1.050559	0.856031
-0.998919	0.987277
-0.998071	1.120823
-1.010317	1.146710
-1.010063	1.146573
-0.997600	1.118601
-0.999858	0.980945
-1.052572	0.855939
-1.078400	0.942965
-1.067509	1.030389
-1.064160	1.045526
-1.073887	0.993599
-1.073150	0.880997
-1.020352	0.897275
-0.993446	1.070282
-1.005074	1.140913
-1.012050	1.147572
-1.004775	1.140474
-0.993418	1.067228
-1.021639	0.894115
-1.073741	0.883380
-1.073599	0.995700
-1.064077	1.045891
-1.067739	1.029219
-1.078476	0.940209
-1.051263	0.855859
-0.999236	0.984973
-0.997906	1.119960
-1.010231	1.146659
-1.010154	1.146627
-0.997762	1.119389
-0.999522	0.983247
-1.051877	0.856059
-1.078443	0.941546
-1.067631	1.029776
-1.064115	1.045710
-1.073733	0.994721
-1.073470	0.882165
-1.021035	0.895420
-0.993428	1.068528
-1.004915	1.140669
-1.012051	1.147572
-1.004935	1.140722
-0.993430	1.068995
-1.020949	0.895945
-1.073430	0.882209
-1.073753	0.994664
-1.064121	1.045702
-1.067616	1.029844
-1.078437	0.941641
-1.051964	0.855718
-0.999564	0.982668
-0.997742	1.119181
-1.010142	1.146578
-1.010242	1.146679
-0.997927	1.120166
-0.999196	0.985372
-1.051175	0.856017
-1.078480	0.940112
-1.067755	1.029192
-1.064072	1.045898
-1.073580	0.995756
-1.073779	0.883489
-1.021725	0.893791
-0.993417	1.066900
-1.004755	1.140359
-1.012050	1.147572
-1.005094	1.141024
-0.993448	1.070605
-1.020267	0.897607
-1.073109	0.881043
-1.073906	0.993541
-1.064166	1.045504
-1.067494	1.030415
-1.078394	0.943058
-1.052658	0.855788
-0.999900	0.980365
-0.997580	1.118390
-1.010052	1.146523
-1.010328	1.146730
-0.998091	1.120930
-0.998880	0.987675
-1.050471	0.856194
-1.078512	0.938672
-1.067879	1.028599
-1.064031	1.046076
-1.073426	0.996845
-1.074077	0.884653
-1.022417	0.892190
-0.993412	1.065260
-1.004595	1.140105
-1.012046	1.147571
-1.005250	1.141260
-0.993472	1.072197
-1.019594	0.899495
-1.072779	0.879891
-1.074058	0.992484
-1.064214	1.045311
-1.067375	1.031011
-1.078346	0.944561
-1.053341	0.855686
-1.000244	0.978069
-0.997420	1.117488
-1.009960	1.146466
-1.010411	1.146779
-0.998256	1.121776
-0.998577	0.989973
-1.049767	0.856411
-1.078538	0.937232
-1.068005	1.027956
-1.063992	1.046232
-1.073274	0.997840
-1.074361	0.885950
-1.023108	0.890417
-0.993412	1.063467
-1.004435	1.139845
-1.012040	1.147569
-1.005403	1.141491
-0.993501	1.073770
-1.018935	0.901215
-1.072442	0.878763
-1.074207	0.991349
-1.064263	1.045096
-1.067260	1.031552
-1.078293	0.945924
-1.054010	0.855777
-1.000592	0.975964
-0.997264	1.116678
-1.009867	1.146408
-1.010491	1.146827
-0.998419	1.122511
-0.998286	0.992086
-1.049068	0.856674
-1.078558	0.935801
-1.068130	1.027352
-1.063957	1.046389
-1.073124	0.998879
-1.074632	0.887072
-1.023793	0.888865
-0.993419	1.061813
-1.004276	1.139517
-1.012032	1.147566
-1.005552	1.141718
-0.993535	1.075320
-1.018293	0.902964
-1.072101	0.877668
-1.074354	0.990290
-1.064314	1.044891
-1.067147	1.032075
-1.078236	0.947358
-1.054661	0.855865
-1.000944	0.973690
-0.997112	1.115859
-1.009774	1.146347
-1.010567	1.146874
-0.998581	1.123138
-0.998010	0.994365
-1.048377	0.856989
-1.078572	0.934385
-1.068254	1.026746
-1.063924	1.046524
-1.072976	0.999887
-1.074888	0.888308
-1.024470	0.887334
-0.993432	1.060156
-1.004119	1.139247
-1.012022	1.147565
-1.005697	1.141995
-0.993573	1.076846
-1.017669	0.904741
-1.071757	0.876614
-1.074497	0.989239
-1.064365	1.044665
-1.067039	1.032616
-1.078177	0.948643
-1.055291	0.855943
-1.001297	0.971612
-0.996964	1.114930
-1.009681	1.146285
-1.010640	1.146920
-0.998739	1.123844
-0.997748	0.996452
-1.047698	0.857171
-1.078580	0.932993
-1.068377	1.026097
-1.063893	1.046658
-1.072832	1.000794
-1.075128	0.889501
-1.025135	0.886019
-0.993450	1.058499
-1.003965	1.138908
-1.012011	1.147561
-1.005838	1.142155
-0.993615	1.078210
-1.017067	0.906347
-1.071412	0.875609
-1.074635	0.988199
-1.064417	1.044451
-1.066935	1.033100
-1.078115	0.949988
-1.055900	0.856004
-1.001649	0.969368
-0.996822	1.114099
-1.009589	1.146220
-1.010709	1.146966
-0.998894	1.124535
-0.997501	0.998523
-1.047033	0.857601
-1.078583	0.931629
-1.068498	1.025496
-1.063866	1.046772
-1.072692	1.001735
-1.075354	0.890646
-1.025786	0.884520
-0.993473	1.056845
-1.003814	1.138628
-1.011998	1.147559
-1.005973	1.142367
-0.993660	1.079684
-1.016488	0.908173
-1.071069	0.874500
-1.074769	0.987095
-1.064470	1.044217
-1.066836	1.033563
-1.078051	0.951282
-1.056485	0.856223
-1.001998	0.967326
-0.996686	1.113265
-1.009497	1.146152
-1.010774	1.147010
-0.999045	1.125120
-0.997270	1.000400
-1.046386	0.857903
-1.078580	0.930301
-1.068616	1.024900
-1.063841	1.046885
-1.072556	1.002573
-1.075564	0.891882
-1.026419	0.883230
-0.993501	1.055195
-1.003668	1.138345
-1.011983	1.147553
-1.006102	1.142573
-0.993708	1.080997
-1.015934	0.909825
-1.070728	0.873609
-1.074897	0.986088
-1.064522	1.043999
-1.066741	1.034005
-1.077986	0.952419
-1.057045	0.856411
-1.002343	0.965488
-0.996556	1.112534
-1.009408	1.146082
-1.010835	1.147031
-0.999191	1.125691
-0.997053	1.002430
-1.045759	0.858267
-1.078573	0.929131
-1.068731	1.024313
-1.063818	1.046979
-1.072426	1.003442
-1.075760	0.893059
-1.027033	0.881949
-0.993533	1.053703
-1.003526	1.138058
-1.011967	1.147551
-1.006226	1.142723
-0.993757	1.082151
-1.015404	0.911497
-1.070392	0.872782
-1.075021	0.985103
-1.064574	1.043781
-1.066651	1.034427
-1.077920	0.953607
-1.057579	0.856565
-1.002682	0.963485
-0.996432	1.111695
-1.009320	1.146010
-1.010892	1.147075
-0.999332	1.126249
-0.996850	1.004264
-1.045152	0.858693
-1.078561	0.927886
-1.068843	1.023783
-1.063798	1.047065
-1.072300	1.004207
-1.075941	0.894031
-1.027626	0.880869
-0.993568	1.052221
-1.003388	1.137768
-1.011951	1.147543
-1.006344	1.142922
-0.993808	1.083411
-1.014900	0.912989
-1.070061	0.872022
-1.075138	0.984225
-1.064625	1.043563
-1.066566	1.034828
-1.077854	0.954739
-1.058087	0.856679
-1.003014	0.961687
-0.996314	1.110964
-1.009234	1.145934
-1.010946	1.147096
-0.999467	1.126794
-0.996662	1.005904
-1.044568	0.858989
-1.078546	0.926687
-1.068951	1.023217
-1.063780	1.047142
-1.072180	1.004937
-1.076109	0.895083
-1.028197	0.879792
-0.993606	1.050749
-1.003256	1.137475
-1.011933	1.147539
-1.006456	1.143065
-0.993860	1.084515
-1.014422	0.914497
-1.069739	0.871168
-1.075250	0.983291
-1.064675	1.043347
-1.066485	1.035209
-1.077789	0.955817
-1.058568	0.856932
-1.003338	0.960096
-0.996203	1.110126
-1.009151	1.145892
-1.010996	1.147138
-0.999598	1.127238
-0.996487	1.007520
-1.044007	0.859346
-1.078527	0.925657
-1.069056	1.022663
-1.063765	1.047211
-1.072065	1.005696
-1.076264	0.896215
-1.028746	0.878714
-0.993647	1.049290
-1.003129	1.137248
-1.011916	1.147535
-1.006562	1.143205
-0.993912	1.085594
-1.013969	0.916018
-1.069424	0.870544
-1.075356	0.982386
-1.064725	1.043133
-1.066409	1.035571
-1.077724	0.956840
-1.059024	0.857139
-1.003653	0.958339
-0.996098	1.109398
-1.009070	1.145812
-1.011043	1.147160
-0.999722	1.127672
-0.996325	1.009113
-1.043470	0.859760
-1.078505	0.924556
-1.069156	1.022171
-1.063751	1.047273
-1.071955	1.006355
-1.076407	0.897140
-1.029271	0.877830
-0.993689	1.047996
-1.003007	1.136950
-1.011897	1.147531
-1.006663	1.143343
-0.993964	1.086520
-1.013540	0.917550
-1.069118	0.869825
-1.075457	0.981509
-1.064773	1.042921
-1.066337	1.035914
-1.077660	0.957811
-1.059455	0.857479
-1.003957	0.956787
-0.995999	1.108673
-1.008993	1.145766
-1.011087	1.147181
-0.999841	1.128096
-0.996174	1.010681
-1.042957	0.860230
-1.078480	0.923504
-1.069252	1.021644
-1.063738	1.047328
-1.071851	1.006981
-1.076538	0.898143
-1.029774	0.876940
-0.993734	1.046716
-1.002891	1.136720
-1.011879	1.147526
-1.006758	1.143429
-0.994015	1.087553
-1.013136	0.918895
-1.068822	0.869173
-1.075552	0.980745
-1.064820	1.042713
-1.066270	1.036207
-1.077598	0.958730
-1.059862	0.857773
-1.004252	0.955254
-0.995905	1.108063
-1.008918	1.145682
-1.011127	1.147203
-0.999955	1.128510
-0.996035	1.012057
-1.042467	0.860561
-1.078454	0.922502
-1.069345	1.021181
-1.063728	1.047372
-1.071752	1.007576
-1.076659	0.898945
-1.030253	0.876045
-0.993779	1.045450
-1.002780	1.136418
-1.011861	1.147519
-1.006848	1.143563
-0.994066	1.088436
-1.012754	0.920052
-1.068536	0.868585
-1.075642	0.979927
-1.064865	1.042530
-1.066207	1.036516
-1.077537	0.959600
-1.060245	0.858019
-1.004536	0.953926
-0.995818	1.107345
-1.008845	1.145632
-1.011165	1.147224
-1.000063	1.128914
-0.995906	1.013411
-1.042001	0.860942
-1.078426	0.921673
-1.069433	1.020733
-1.063718	1.047415
-1.071658	1.008140
-1.076771	0.899827
-1.030710	0.875338
-0.993825	1.044197
-1.002674	1.136185
-1.011842	1.147513
-1.006933	1.143695
-0.994117	1.089299
-1.012394	0.921411
-1.068259	0.868060
-1.075727	0.979223
-1.064909	1.042329
-1.066147	1.036777
-1.077478	0.960424
-1.060606	0.858220
-1.004810	0.952426
-0.995735	1.106742
-1.008776	1.145581
-1.011200	1.147246
-1.000165	1.129225
-0.995787	1.014742
-1.041556	0.861370
-1.078396	0.920768
-1.069517	1.020248
-1.063710	1.047449
-1.071569	1.008676
-1.076873	0.900652
-1.031145	0.874425
-0.993871	1.043114
-1.002573	1.135952
-1.011824	1.147514
-1.007013	1.143776
-0.994166	1.090017
-1.012055	0.922579
-1.067993	0.867595
-1.075807	0.978462
-1.064951	1.042154
-1.066091	1.037025
-1.077420	0.961203
-1.060947	0.858376
-1.005074	0.951131
-0.995658	1.106145
-1.008710	1.145528
-1.011233	1.147267
-1.000263	1.129614
-0.995677	1.016053
-1.041134	0.861842
-1.078366	0.919909
-1.069598	1.019829
-1.063703	1.047484
-1.071484	1.009185
-1.076967	0.901424
-1.031559	0.873896
-0.993917	1.042044
-1.002477	1.135718
-1.011806	1.147506
-1.007089	1.143857
-0.994214	1.090844
-1.011735	0.923750
-1.067737	0.867021
-1.075882	0.977814
-1.064992	1.041983
-1.066039	1.037289
-1.077365	0.961844
-1.061267	0.858666
-1.005327	0.950038
-0.995585	1.105552
-1.008646	1.145474
-1.011263	1.147289
-1.000356	1.129911
-0.995575	1.017176
-1.040731	0.862161
-1.078334	0.919093
-1.069674	1.019423
-1.063697	1.047510
-1.071404	1.009668
-1.077054	0.902144
-1.031954	0.873160
-0.993964	1.040988
-1.002386	1.135557
-1.011789	1.147496
-1.007160	1.143936
-0.994261	1.091528
-1.011434	0.924730
-1.067491	0.866666
-1.075953	0.977193
-1.065032	1.041817
-1.065989	1.037511
-1.077311	0.962543
-1.061570	0.858915
-1.005570	0.948770
-0.995517	1.104964
-1.008585	1.145419
-1.011292	1.147293
-1.000445	1.130202
-0.995480	1.018281
-1.040348	0.862518
-1.078303	0.918446
-1.069748	1.019031
-1.063692	1.047533
-1.071327	1.010129
-1.077135	0.902816
-1.032330	0.872611
-0.994010	1.039944
-1.002299	1.135322
-1.011771	1.147497
-1.007228	1.144015
-0.994307	1.092198
-1.011149	0.925905
-1.067254	0.866196
-1.076020	0.976511
-1.065070	1.041633
-1.065943	1.037721
-1.077259	0.963207
-1.061856	0.859125
-1.005804	0.947703
-0.995452	1.104379
-1.008526	1.145362
-1.011318	1.147314
-1.000529	1.130404
-0.995392	1.019201
-1.039984	0.862909
-1.078271	0.917712
-1.069818	1.018651
-1.063687	1.047553
-1.071255	1.010568
-1.077209	0.903581
-1.032688	0.872052
-0.994056	1.039070
-1.002216	1.135087
-1.011754	1.147486
-1.007292	1.144092
-0.994351	1.092730
-1.010880	0.926888
-1.067026	0.865771
-1.076084	0.975939
-1.065106	1.041475
-1.065899	1.037921
-1.077209	0.963837
-1.062126	0.859474
-1.006029	0.946647
-0.995392	1.103914
-1.008470	1.145304
-1.011343	1.147318
-1.000609	1.130684
-0.995309	1.020272
-1.039636	0.863332
-1.078238	0.917014
-1.069885	1.018283
-1.063683	1.047571
-1.071186	1.010987
-1.077278	0.904167
-1.033030	0.871482
-0.994101	1.038206
-1.002137	1.134926
-1.011738	1.147485
-1.007352	1.144169
-0.994394	1.093374
-1.010625	0.927872
-1.066806	0.865390
-1.076144	0.975390
-1.065142	1.041321
-1.065857	1.038112
-1.077160	0.964437
-1.062382	0.859613
-1.006245	0.945792
-0.995335	1.103453
-1.008416	1.145244
-1.011366	1.147339
-1.000686	1.130959
-0.995233	1.021162
-1.039304	0.863589
-1.078206	0.916350
-1.069949	1.017980
-1.063680	1.047586
-1.071120	1.011328
-1.077342	0.904852
-1.033357	0.871100
-0.994146	1.037354
-1.002061	1.134764
-1.011721	1.147473
-1.007410	1.144245
-0.994437	1.093883
-1.010383	0.928662
-1.066594	0.865048
-1.076201	0.974862
-1.065176	1.041171
-1.065817	1.038293
-1.077113	0.965008
-1.062625	0.859896
-1.006454	0.944755
-0.995280	1.102880
-1.008365	1.145224
-1.011388	1.147344
-1.000759	1.131148
-0.995161	1.022039
-1.038986	0.863873
-1.078173	0.915717
-1.070010	1.017634
-1.063677	1.047599
-1.071057	1.011713
-1.077401	0.905366
-1.033670	0.870512
-0.994190	1.036510
-1.001989	1.134528
-1.011705	1.147471
-1.007465	1.144320
-0.994478	1.094506
-1.010152	0.929645
-1.066389	0.864742
-1.076255	0.974352
-1.065209	1.041024
-1.065780	1.038467
-1.077067	0.965555
-1.062856	0.860151
-1.006655	0.943918
-0.995229	1.102426
-1.008315	1.145162
-1.011409	1.147349
-1.000830	1.131415
-0.995094	1.022904
-1.038681	0.864180
-1.078140	0.915113
-1.070069	1.017297
-1.063675	1.047610
-1.070997	1.012083
-1.077457	0.905985
-1.033970	0.870113
-0.994234	1.035676
-1.001919	1.134367
-1.011690	1.147469
-1.007517	1.144394
-0.994518	1.094995
-1.009933	0.930436
-1.066191	0.864469
-1.076307	0.973859
-1.065241	1.040905
-1.065744	1.038634
-1.077023	0.966079
-1.063077	0.860379
-1.006850	0.942897
-0.995180	1.101975
-1.008266	1.145100
-1.011428	1.147370
-1.000897	1.131597
-0.995031	1.023757
-1.038388	0.864507
-1.078108	0.914534
-1.070126	1.017022
-1.063673	1.047620
-1.070939	1.012382
-1.077509	0.906576
-1.034260	0.869706
-0.994277	1.034848
-1.001852	1.134206
-1.011675	1.147455
-1.007568	1.144423
-0.994557	1.095477
-1.009722	0.931226
-1.065999	0.864225
-1.076356	0.973292
-1.065272	1.040764
-1.065710	1.038767
-1.076980	0.966583
-1.063288	0.860585
-1.007040	0.942073
-0.995134	1.101527
-1.008219	1.145077
-1.011447	1.147375
-1.000963	1.131776
-0.994971	1.024600
-1.038106	0.864854
-1.078075	0.913977
-1.070181	1.016700
-1.063671	1.047628
-1.070883	1.012727
-1.077558	0.907007
-1.034539	0.869293
-0.994320	1.034187
-1.001787	1.134045
-1.011660	1.147452
-1.007616	1.144496
-0.994595	1.095951
-1.009521	0.932016
-1.065812	0.863837
-1.076404	0.972828
-1.065302	1.040625
-1.065677	1.038922
-1.076937	0.967069
-1.063491	0.860771
-1.007224	0.941255
-0.995089	1.101082
-1.008174	1.145013
-1.011465	1.147380
-1.001026	1.131953
-0.994914	1.025270
-1.037832	0.865217
-1.078042	0.913570
-1.070234	1.016385
-1.063670	1.047635
-1.070829	1.013004
-1.077605	0.907552
-1.034810	0.868875
-0.994363	1.033372
-1.001724	1.133883
-1.011645	1.147449
-1.007663	1.144524
-0.994633	1.096418
-1.009326	0.932806
-1.065629	0.863640
-1.076449	0.972375
-1.065331	1.040488
-1.065645	1.039073
-1.076896	0.967540
-1.063686	0.860940
-1.007404	0.940633
-0.995047	1.100755
-1.008130	1.144989
-1.011482	1.147385
-1.001087	1.132127
-0.994860	1.026096
-1.037566	0.865594
-1.078010	0.913050
-1.070286	1.016130
-1.063668	1.047639
-1.070777	1.013330
-1.077649	0.908078
-1.035074	0.868452
-0.994406	1.032722
-1.001663	1.133722
-1.011630	1.147446
-1.007708	1.144596
-0.994670	1.096880
-1.009138	0.933597
-1.065449	0.863463
-1.076494	0.971931
-1.065360	1.040379
-1.065615	1.039220
-1.076855	0.967998
-1.063876	0.861268
-1.007581	0.939825
-0.995005	1.100313
-1.008086	1.144923
-1.011498	1.147404
-1.001147	1.132299
-0.994808	1.026752
-1.037306	0.865788
-1.077976	0.912544
-1.070337	1.015824
-1.063668	1.047644
-1.070726	1.013592
-1.077691	0.908589
-1.035332	0.868223
-0.994449	1.031915
-1.001604	1.133559
-1.011616	1.147443
-1.007752	1.144623
-0.994707	1.097216
-1.008955	0.934195
-1.065273	0.863132
-1.076536	0.971495
-1.065389	1.040244
-1.065585	1.039335
-1.076815	0.968445
-1.064060	0.861411
-1.007755	0.939021
-0.994965	1.099871
-1.008044	1.144899
-1.011514	1.147409
-1.001206	1.132470
-0.994759	1.027403
-1.037052	0.866188
-1.077943	0.912049
-1.070387	1.015576
-1.063667	1.047647
-1.070676	1.013904
-1.077731	0.909087
-1.035585	0.867795
-0.994491	1.031271
-1.001545	1.133397
-1.011601	1.147426
-1.007795	1.144694
-0.994744	1.097669
-1.008776	0.934986
-1.065098	0.862983
-1.076578	0.971065
-1.065417	1.040111
-1.065556	1.039475
-1.076775	0.968884
-1.064241	0.861719
-1.007927	0.938219
-0.994926	1.099548
-1.008002	1.144831
-1.011529	1.147414
-1.001264	1.132638
-0.994711	1.028213
-1.036801	0.866402
-1.077909	0.911562
-1.070436	1.015276
-1.063667	1.047650
-1.070627	1.014155
-1.077769	0.909577
-1.035834	0.867564
-0.994535	1.030630
-1.001488	1.133234
-1.011587	1.147421
-1.007838	1.144720
-0.994780	1.098119
-1.008600	0.935778
-1.064925	0.862674
-1.076619	0.970638
-1.065445	1.040004
-1.065527	1.039613
-1.076736	0.969316
-1.064418	0.861850
-1.008098	0.937613
-0.994888	1.099105
-1.007960	1.144806
-1.011544	1.147419
-1.001321	1.132805
-0.994664	1.028857
-1.036554	0.866818
-1.077875	0.911081
-1.070485	1.015032
-1.063666	1.047651
-1.070578	1.014459
-1.077806	0.910060
-1.036081	0.867137
-0.994578	1.029989
-1.001430	1.133069
-1.011572	1.147417
-1.007880	1.144790
-0.994817	1.098445
-1.008427	0.936378
-1.064752	0.862370
-1.076659	0.970212
-1.065473	1.039870
-1.065499	1.039722
-1.076696	0.969744
-1.064593	0.862150
-1.008269	0.936816
-0.994851	1.098662
-1.007918	1.144780
-1.011559	1.147423
-1.001378	1.132971
-0.994619	1.029498
-1.036307	0.867043
-1.077839	0.910601
-1.070533	1.014731
-1.063666	1.047651
-1.070529	1.014704
-1.077842	0.910540
-1.036328	0.866908
-0.994623	1.029349
-1.001373	1.132904
-1.011558	1.147412
-1.007922	1.144815
-0.994854	1.098890
-1.008255	0.937173
-1.064578	0.862241
-1.076699	0.969787
-1.065501	1.039735
-1.065471	1.039856
-1.076656	0.970170
-1.064766	0.862279
-1.008441	0.936214
-0.994814	1.098337
-1.007877	1.144711
-1.011573	1.147428
-1.001435	1.133136
-0.994575	1.030139
-1.036061	0.867468
-1.077803	0.910121
-1.070582	1.014486
-1.063666	1.047651
-1.070481	1.015004
-1.077878	0.911020
-1.036574	0.866487
-0.994668	1.028544
-1.001316	1.132738
-1.011543	1.147408
-1.007963	1.144841
-0.994891	1.099213
-1.008084	0.937777
-1.064403	0.861942
-1.076739	0.969359
-1.065529	1.039626
-1.065443	1.039964
-1.076616	0.970596
-1.064939	0.862583
-1.008615	0.935421
-0.994777	1.097890
-1.007834	1.144685
-1.011588	1.147445
-1.001492	1.133300
-0.994531	1.030779
-1.035814	0.867699
-1.077766	0.909638
-1.070631	1.014182
-1.063667	1.047650
-1.070432	1.015249
-1.077912	0.911371
-1.036822	0.866267
-0.994715	1.027900
-1.001259	1.132571
-1.011528	1.147403
-1.008005	1.144909
-0.994930	1.099655
-1.007913	0.938576
-1.064226	0.861811
-1.076779	0.968926
-1.065558	1.039489
-1.065415	1.040098
-1.076575	0.971023
-1.065113	0.862723
-1.008790	0.934822
-0.994741	1.097560
-1.007792	1.144614
-1.011602	1.147449
-1.001550	1.133463
-0.994488	1.031582
-1.035564	0.868127
-1.077727	0.909148
-1.070680	1.013931
-1.063667	1.047648
-1.070383	1.015550
-1.077946	0.911859
-1.037073	0.865859
-0.994763	1.027253
-1.001201	1.132402
-1.011512	1.147398
-1.008047	1.144933
-0.994968	1.100096
-1.007741	0.939377
-1.064045	0.861502
-1.076819	0.968487
-1.065587	1.039349
-1.065387	1.040232
-1.076533	0.971454
-1.065288	0.863043
-1.008970	0.934030
-0.994704	1.097106
-1.007749	1.144587
-1.011617	1.147453
-1.001609	1.133625
-0.994445	1.032225
-1.035311	0.868359
-1.077687	0.908648
-1.070730	1.013619
-1.063668	1.047644
-1.070333	1.015798
-1.077979	0.912356
-1.037328	0.865655
-0.994813	1.026601
-1.001142	1.132231
-1.011497	1.147378
-1.008090	1.145000
-0.995009	1.100420
-1.007566	0.939990
-1.063860	0.861358
-1.076859	0.968039
-1.065617	1.039233
-1.065358	1.040340
-1.076490	0.971891
-1.065464	0.863206
-1.009153	0.933240
-0.994667	1.096649
-1.007704	1.144515
-1.011631	1.147456
-1.001668	1.133787
-0.994402	1.032871
-1.035052	0.868784
-1.077645	0.908137
-1.070781	1.013357
-1.063669	1.047641
-1.070282	1.016104
-1.078012	0.912863
-1.037588	0.865267
-0.994864	1.025780
-1.001082	1.132058
-1.011480	1.147373
-1.008133	1.145023
-0.995050	1.100862
-1.007389	0.940798
-1.063670	0.861202
-1.076900	0.967581
-1.065648	1.039087
-1.065329	1.040476
-1.076446	0.972336
-1.065644	0.863555
-1.009342	0.932449
-0.994630	1.096186
-1.007659	1.144487
-1.011646	1.147459
-1.001730	1.133949
-0.994360	1.033682
-1.034788	0.869207
-1.077601	0.907609
-1.070834	1.013030
-1.063670	1.047636
-1.070230	1.016360
-1.078045	0.913385
-1.037854	0.865086
-0.994919	1.025117
-1.001021	1.131884
-1.011463	1.147368
-1.008178	1.145088
-0.995093	1.101306
-1.007209	0.941611
-1.063474	0.860859
-1.076941	0.967109
-1.065680	1.038936
-1.065299	1.040613
-1.076400	0.972790
-1.065827	0.863753
-1.009537	0.931852
-0.994592	1.095839
-1.007612	1.144414
-1.011661	1.147462
-1.001792	1.134110
-0.994317	1.034337
-1.034517	0.869428
-1.077554	0.907198
-1.070888	1.012753
-1.063671	1.047629
-1.070177	1.016676
-1.078078	0.913924
-1.038129	0.864724
-0.994976	1.024282
-1.000957	1.131707
-1.011445	1.147362
-1.008223	1.145111
-0.995138	1.101751
-1.007024	0.942430
-1.063271	0.860672
-1.076983	0.966621
-1.065713	1.038780
-1.065269	1.040752
-1.076352	0.973256
-1.066015	0.863974
-1.009740	0.931062
-0.994554	1.095364
-1.007564	1.144386
-1.011676	1.147477
-1.001857	1.134271
-0.994274	1.035158
-1.034236	0.869841
-1.077505	0.906630
-1.070944	1.012407
-1.063673	1.047621
-1.070121	1.016944
-1.078111	0.914482
-1.038412	0.864380
-0.995036	1.023437
-1.000892	1.131527
-1.011427	1.147357
-1.008270	1.145174
-0.995184	1.102199
-1.006834	0.943254
-1.063059	0.860465
-1.077026	0.966211
-1.065747	1.038647
-1.065238	1.040894
-1.076303	0.973735
-1.066207	0.864390
-1.009950	0.930078
-0.994514	1.094882
-1.007513	1.144311
-1.011691	1.147479
-1.001925	1.134432
-0.994230	1.035826
-1.033946	0.870247
-1.077453	0.906038
-1.071002	1.012108
-1.063675	1.047611
-1.070064	1.017274
-1.078143	0.915064
-1.038706	0.864054
-0.995099	1.022748
-1.000824	1.131263
-1.011407	1.147336
