-0.058434	0.719885
-1.076527	-0.642678
0.059933	0.969374
-1.202859	-0.431261
-0.187367	1.049884
-0.934576	-0.371304
-0.299774	0.725558
-0.718395	-0.267978
-0.250326	0.476998
-0.760681	-0.650667
-0.067338	0.741678
-1.066626	-0.631539
0.025229	0.967139
-1.174877	-0.446544
-0.203590	1.023328
-0.907963	-0.364612
-0.291255	0.699770
-0.724663	-0.314211
-0.227399	0.528461
-0.804796	-0.674056
-0.049514	0.783961
-1.090093	-0.597545
-0.012931	0.984931
-1.140265	-0.451576
-0.232458	0.986535
-0.862018	-0.332935
-0.285569	0.635693
-0.721766	-0.375996
-0.195543	0.581075
-0.864202	-0.696994
-0.016531	0.831883
-1.128549	-0.552171
-0.055037	1.010738
-1.097060	-0.449061
-0.259905	0.938691
-0.815547	-0.292381
-0.283151	0.562062
-0.714863	-0.438379
-0.163280	0.619753
-0.921169	-0.705027
0.019025	0.870179
-1.164403	-0.511030
-0.086260	1.034125
-1.062536	-0.437991
-0.279955	0.895235
-0.780215	-0.255445
-0.286768	0.499263
-0.701705	-0.473752
-0.142228	0.628206
-0.955669	-0.712054
0.051421	0.888543
-1.192023	-0.485283
-0.089071	1.054998
-1.061132	-0.424121
-0.295134	0.882629
-0.758843	-0.214005
-0.304704	0.437231
-0.667617	-0.440964
-0.144170	0.578791
-0.950789	-0.748785
0.095083	0.873827
-1.220489	-0.480994
-0.017921	1.079495
-1.141076	-0.391911
-0.320253	0.942075
-0.747502	-0.115327
-0.392812	0.308632
-0.440434	-1.866476
-0.545786	-0.089180
-0.334337	0.189936
-0.590601	-1.628200
-0.602110	-0.527032
-0.095760	0.543231
-1.021820	-0.771795
0.631275	1.065929
0.217837	0.867172
-1.262269	-0.497844
0.382713	1.140939
0.300061	1.084387
-1.285319	-0.431844
0.327771	1.142989
0.319444	1.136662
-1.286920	-0.425475
0.310285	1.117033
0.348940	1.143974
-1.278351	-0.455650
0.270303	0.993823
0.481865	1.122204
-1.186531	-0.620958
0.066294	0.659098
-0.727155	-1.379954
-0.282082	0.063900
-0.376506	-0.084852
-0.622949	-1.697683
-0.531023	-0.633460
-0.074907	0.458018
-1.046308	-0.813708
0.330259	0.756983
-1.231251	-0.623232
0.205651	0.637291
-0.837279	-1.129779
-0.217188	0.130207
-0.396240	-0.178831
-0.627956	-1.706840
-0.503333	-0.592390
-0.082843	0.408762
-1.035134	-0.846584
0.354405	0.652630
-1.207982	-0.675067
0.148669	0.523015
-0.792513	-1.425908
-0.153610	-0.021710
-0.948900	-1.091482
-1.132096	-0.846026
0.036250	0.124526
-0.835383	-1.436358
0.114443	0.248297
-1.174898	-0.772783
-0.912076	-1.121759
-0.178124	0.017034
-0.310101	-0.322926
-0.756417	-1.481697
0.101020	0.566547
-1.196361	-0.661668
0.421124	0.827615
0.448448	0.817083
-1.176800	-0.684233
0.066526	0.546145
-0.737557	-1.535759
-0.146013	0.082841
-0.954188	-1.054914
-1.142472	-0.821265
0.048969	0.217516
-0.823459	-1.457494
0.091023	0.288187
-1.167412	-0.777711
-0.940155	-1.050682
-0.154488	0.124806
-0.361983	-0.341976
-0.700795	-1.600631
0.013495	0.519563
-1.138333	-0.724278
0.491976	0.737671
0.383088	0.819304
-1.217464	-0.635552
0.149236	0.603248
-0.784077	-1.353867
-0.265572	-0.070125
-0.273590	-0.086135
-0.774015	-1.382334
0.134925	0.605426
-1.213542	-0.634946
0.399415	0.854892
0.462005	0.844162
-1.170189	-0.686508
0.054801	0.551408
-0.727671	-1.548050
-0.338437	-0.363742
-0.159956	0.078980
-0.934615	-1.074643
-1.162924	-0.789129
0.085273	0.253502
-0.828772	-1.450695
0.062401	0.215557
-1.149893	-0.811647
-0.943584	-1.073017
-0.154371	0.061355
-0.744626	-1.517987
0.078972	0.553126
-1.184337	-0.675584
0.438607	0.823742
0.430424	0.825821
-1.190187	-0.668882
0.089315	0.559792
-0.750235	-1.501935
-0.164101	0.040710
-0.930892	-1.092726
-1.159883	-0.797119
0.081632	0.222871
-0.833061	-1.444659
0.071358	0.206238
-1.154215	-0.806821
-0.935355	-1.090487
-0.161235	0.035043
-0.756376	-1.491320
0.097883	0.556627
-1.193940	-0.667737
0.420735	0.807358
0.454614	0.787979
-1.169126	-0.695647
0.055574	0.533496
-0.732642	-1.551508
-0.131641	0.110929
-0.972607	-1.027789
-1.127830	-0.840146
0.025515	0.214616
-0.812864	-1.470066
0.096836	0.343073
-1.173577	-0.759447
-0.958327	-0.998164
-0.139774	0.206512
-0.405587	-0.356162
-0.660542	-1.672980
-0.054604	0.413430
-1.068264	-0.824557
-1.183544	-0.711830
0.094188	0.469572
-0.776575	-1.505432
-0.053847	0.158961
-1.061703	-0.926698
-1.034675	-0.959253
-0.079920	0.141537
-0.762656	-1.519228
0.084426	0.497313
-1.181742	-0.701990
0.411316	0.646185
-1.115725	-0.768755
-0.008880	0.462095
-0.695614	-1.624924
-0.108452	0.208860
-1.000844	-0.965894
-1.126997	-0.827620
0.020027	0.275444
-0.790510	-1.504402
0.069459	0.375372
-1.163396	-0.761542
-1.011294	-0.915148
-0.100290	0.304825
-0.446650	-0.554231
-0.651438	-1.690559
-0.447359	-0.569557
-0.099611	0.305581
-1.012178	-0.913641
-1.163427	-0.761326
0.069366	0.376506
-0.790153	-1.504894
0.019462	0.274853
-1.126599	-0.828027
-1.001331	-0.965423
-0.108066	0.209743
-0.695797	-1.624685
-0.008739	0.461281
-1.115841	-0.768527
0.411564	0.644316
-1.181502	-0.702431
0.084013	0.497386
-0.762505	-1.519769
-0.079431	0.142321
-1.035208	-0.958233
-1.061396	-0.927027
-0.054170	0.160267
-0.776063	-1.506105
0.093583	0.469584
-1.183332	-0.711699
-1.069827	-0.823083
-0.053223	0.415838
-0.661651	-1.671577
-0.405350	-0.360709
-0.138464	0.206493
-0.960195	-0.996432
-1.171898	-0.762155
0.093435	0.340002
-0.812359	-1.471654
0.029053	0.223281
-1.130519	-0.835086
-0.972183	-1.025176
-0.131752	0.119670
-0.727101	-1.561687
0.047232	0.529200
-1.163528	-0.701364
0.461608	0.781316
0.413878	0.809394
-1.198483	-0.662173
0.106812	0.563575
-0.760781	-1.475361
-0.174299	0.014086
-0.917893	-1.116111
-1.168956	-0.783550
0.101507	0.228169
-0.836167	-1.438224
0.053062	0.152625
-1.142753	-0.828367
-0.940517	-1.097872
-0.159290	-0.007951
-0.782904	-1.440654
0.136251	0.538292
-1.206341	-0.669079
0.373723	0.706621
-1.079033	-0.797981
-0.046140	0.453623
-0.657576	-1.668695
-0.387869	-0.254665
-0.177102	0.149297
-0.903992	-1.065971
0.287312	0.430716
-1.205991	-0.704006
0.184576	0.440765
-0.822533	-1.379689
-0.139024	-0.098008
-0.970400	-1.077594
-1.102759	-0.894869
-0.836232	-1.422977
0.143201	0.266221
-1.185307	-0.755352
-0.894811	-1.156988
-0.191979	-0.025141
-0.291690	-0.283811
-0.776021	-1.433563
0.131832	0.564076
-1.207846	-0.657001
0.387969	0.770837
-1.121012	-0.749566
-0.005100	0.493940
-0.689996	-1.623116
-0.375580	-0.363765
-0.145592	0.152796
-0.951770	-1.028139
-1.163024	-0.782126
0.080560	0.294665
-0.818446	-1.465753
0.053669	0.247105
-1.146529	-0.811040
-0.958719	-1.036261
-0.141565	0.122194
-0.716004	-1.577966
0.033064	0.527320
-1.153708	-0.709345
0.475157	0.780535
0.398199	0.821400
-1.209427	-0.646414
0.129403	0.585850
-0.771755	-1.419649
-0.284764	-0.171676
-0.224794	-0.043757
-0.845889	-1.230268
0.230819	0.497882
-1.214731	-0.685601
0.255136	0.507870
-0.869444	-1.141411
-0.202265	0.071789
-0.346826	-0.207208
-0.694445	-1.592955
0.013842	0.548389
-1.140599	-0.708330
0.502456	0.869575
0.351184	0.873205
-1.240869	-0.586681
0.208005	0.707708
-0.871405	-0.987851
-0.191596	0.275316
-0.494481	-0.240362
-0.550284	-1.796583
-0.410726	-0.007208
-0.368412	0.050563
-0.586748	-1.721504
-0.546051	-0.455684
-0.107679	0.448664
-1.003124	-0.837058
0.283954	0.775049
-1.246465	-0.585141
0.275222	0.765757
-0.986000	-0.853165
-0.119489	0.432280
-0.544115	-0.417434
-0.576717	-1.733531
-0.370758	0.068033
-0.431681	-0.014241
-0.526424	-1.829164
-0.474921	-0.132088
-0.266830	0.179156
-0.733271	-1.125784
0.054325	0.696430
-1.181654	-0.603132
0.498179	1.262394
0.197815	1.016722
-1.274373	-0.399170
0.000021	1.132878
-1.161657	-0.350963
-0.363424	0.930288
-0.706006	0.019854
-0.575521	0.145906
-0.279422	-1.952721
-0.415531	0.581598
-0.998168	-0.217173
-0.183438	1.329962
-1.310381	-0.042787
-0.551321	0.976499
-0.677618	0.530901
-1.239358	0.090728
-0.320152	1.488244
-0.925353	-0.000714
-0.628606	0.248810
-0.434218	0.816215
-1.141394	-0.279998
-0.032671	1.262938
0.249788	1.624923
-1.319507	-0.179005
-0.285999	1.172462
-0.850482	-0.142510
-0.407841	0.388984
-0.378681	-1.924384
-0.544548	0.029657
-0.491918	0.088142
-0.405347	-1.941795
-0.443100	0.218111
-0.689150	-0.057066
-0.346651	0.822515
-1.054901	-0.369390
-0.102119	1.137624
-1.281231	-0.353623
0.199647	1.095291
0.413905	1.272850
-1.255461	-0.490549
0.182714	0.860000
-0.985955	-0.783505
-0.120716	0.535518
-0.615790	-0.459808
-0.568861	-1.575221
-0.329335	0.276364
-0.637140	-0.129084
-0.348659	0.601479
-0.922359	-0.271400
-0.216335	1.160920
-1.306999	-0.249648
0.241806	1.349516
0.149793	1.262427
-1.273031	-0.244155
-0.385306	1.048988
-0.730714	0.090688
-0.722374	0.097372
-0.387688	1.029277
-1.259840	-0.261321
0.127437	1.228320
0.282206	1.376553
-1.310672	-0.280150
-0.060112	1.188938
-1.107029	-0.333206
-0.386676	0.837456
-0.661249	0.088022
-0.670940	0.078928
-0.383356	0.862873
-1.122420	-0.338519
-0.043864	1.175596
-1.303746	-0.310046
0.266420	1.263834
0.225682	1.227890
-1.296801	-0.293989
-0.171216	1.151070
-0.974201	-0.327847
-0.343840	0.706337
-0.663838	-0.103959
-0.369219	0.259971
-0.501293	-1.782265
-0.563746	-0.244532
-0.205416	0.343568
-0.843068	-0.915618
0.130852	0.764161
-1.229091	-0.543854
0.444497	1.231166
0.221456	1.057850
-1.282818	-0.385668
0.020680	1.143955
-1.180670	-0.336147
-0.372606	0.943686
-0.703581	0.050426
-0.629254	0.118668
-0.398406	0.752566
-1.064899	-0.301714
-0.105699	1.241885
-1.324062	-0.176646
-0.218565	1.204089
-0.930463	-0.246059
-0.366271	0.573928
-0.614217	-0.064455
-0.395696	0.197700
-0.485106	-1.841117
-0.529119	-0.152830
-0.264599	0.236852
-0.731505	-0.959564
0.031563	0.710018
-1.165732	-0.604947
0.516668	1.385947
0.151334	1.015914
-1.258841	-0.388503
-0.122302	1.110188
-1.027366	-0.382225
-0.328499	0.810600
-0.704073	-0.125872
-0.361716	0.302790
-0.496613	-1.761197
-0.577203	-0.251287
-0.205250	0.360686
-0.842912	-0.897474
0.120338	0.771985
-1.225369	-0.539972
0.453802	1.289902
0.186751	1.062153
-1.275089	-0.367869
-0.097100	1.129946
-1.059874	-0.374042
-0.343511	0.832518
-0.694805	-0.065544
-0.433577	0.229293
-0.413632	-1.930487
-0.500541	0.052833
-0.497290	0.055957
-0.415469	-1.930461
-0.435921	0.218774
-0.682415	-0.059939
-0.347543	0.799536
-1.038750	-0.362393
-0.116618	1.144163
-1.287189	-0.335670
0.211300	1.135757
0.366322	1.263917
-1.282317	-0.428493
0.257346	1.024087
0.461000	1.161599
-1.209064	-0.585333
0.099565	0.702774
-0.768894	-1.113405
-0.249552	0.180787
-0.461745	-0.148958
-0.546340	-1.810354
-0.440121	-0.087798
-0.296661	0.121452
-0.684409	-1.425404
0.007927	0.652897
-1.142408	-0.650964
0.533225	1.228023
0.208202	0.977948
-1.273005	-0.426829
0.400546	1.459100
0.092399	1.128804
-1.233830	-0.322911
-0.335980	1.027677
-0.758809	-0.051070
-0.485045	0.235404
-0.337252	-1.999606
-0.468072	0.281640
-0.802249	-0.076300
-0.320668	1.121216
-1.300135	-0.225995
0.209536	1.347459
0.152459	1.292571
-1.275915	-0.228491
-0.403217	1.041691
-0.718690	0.141175
-0.811166	0.066114
-0.375701	1.256306
-1.329368	0.014823
-0.526791	1.086114
-0.714696	0.438922
-1.209968	0.113990
-0.352232	1.545421
-0.924384	0.056293
-0.733263	0.196206
-0.426843	1.108198
-1.317529	-0.118835
0.210087	1.801299
-0.094379	1.292843
-1.084078	-0.269992
-0.424627	0.731476
-0.607997	0.212381
-0.847359	0.000010
-0.342236	1.300466
-1.320829	0.031947
-0.588015	0.974469
-0.686430	0.612216
-1.273790	0.125008
-0.382741	1.411683
-0.863763	0.088571
-0.782870	0.146599
-0.411512	1.225588
-1.331982	0.014470
-0.494275	1.134179
-0.731412	0.352293
-1.146576	0.089281
-0.327194	1.678698
-0.977876	0.051918
-0.728721	0.229366
-0.439896	1.106732
-1.319791	-0.102321
-0.132318	1.291515
-1.044248	-0.264733
-0.410859	0.685324
-0.249098	-1.858440
-0.603470	0.154484
-0.744303	0.023060
-0.361546	1.044502
-1.259301	-0.278191
0.129362	1.198804
0.314946	1.375747
-1.306710	-0.320942
0.321307	1.403866
0.110044	1.195412
-1.248252	-0.280720
-0.379125	1.019257
-0.724185	0.073130
-0.684602	0.107379
-0.390986	0.922629
-1.176638	-0.322618
0.014143	1.170290
0.356791	1.625647
-1.299140	-0.338495
0.265231	1.202301
0.284053	1.217275
-1.299940	-0.349003
0.349007	1.450012
0.084858	1.174079
-1.231253	-0.297268
-0.380018	0.997576
-0.716232	0.075327
-0.684027	0.103530
-0.389766	0.918451
-1.172305	-0.325107
0.009272	1.168841
0.357768	1.651783
-1.298628	-0.339099
0.262697	1.196658
0.290184	1.218419
-1.299562	-0.354738
0.345079	1.402690
0.113306	1.174242
-1.249049	-0.292816
-0.358338	1.032869
-0.742907	0.013812
-0.584841	0.162352
-0.259667	-1.943043
-0.416635	0.624914
-1.021758	-0.234924
-0.159489	1.324272
-1.311327	-0.059528
-0.531754	1.002117
-0.683939	0.477853
-1.215683	0.085310
-0.312455	1.534951
-0.944906	0.000634
-0.634493	0.257721
-0.437259	0.838669
-1.158073	-0.277791
-0.013990	1.257192
0.257155	1.588462
-1.318964	-0.193715
-0.251650	1.179742
-0.887738	-0.206117
-0.370707	0.495096
-0.400513	-1.786416
-0.595513	-0.083611
-0.362880	0.208966
-0.533311	-1.748867
-0.565532	-0.323072
-0.162233	0.405325
-0.918777	-0.879322
0.201648	0.778849
-1.249533	-0.544085
0.379704	1.025851
0.384501	1.027928
-1.247265	-0.548269
0.194749	0.769085
-0.902950	-0.897172
-0.171675	0.382560
-0.558093	-0.300710
-0.528226	-1.764940
-0.368372	0.199275
-0.588751	-0.077080
-0.400742	-1.814173
-0.374399	0.476740
-0.879542	-0.196099
-0.258328	1.176321
-1.318104	-0.195152
0.254737	1.565623
-0.002964	1.259024
-1.168071	-0.272504
-0.441505	0.847394
-0.635984	0.271464
-0.965723	-0.000580
-0.301427	1.581097
-1.192447	0.075279
-0.686207	0.439348
-0.516732	1.013056
-1.309379	-0.078502
-0.122283	1.323831
-1.060261	-0.247732
-0.427140	0.677446
-0.219350	-1.949182
-0.591875	0.214560
-0.835382	-0.006622
-0.341392	1.264889
-1.328897	-0.005137
-0.509373	1.095881
-0.717051	0.397048
-1.179624	0.095941
-0.331753	1.607873
-0.955093	0.041796
-0.709198	0.224491
-0.434348	1.050130
-1.293612	-0.177078
0.178261	1.419477
0.088076	1.326502
-1.241775	-0.208530
-0.477573	0.917802
-0.651643	0.367288
-1.101550	0.015962
-0.194869	1.893048
-0.227156	1.770386
-1.061542	0.000137
-0.636002	0.343814
-0.466025	0.868484
-1.203249	-0.239308
0.036662	1.293799
0.216115	1.488657
-1.308962	-0.175904
-0.374027	1.115570
-0.761051	0.060227
-0.680921	0.128373
-0.397612	0.923543
-1.182508	-0.314626
0.020313	1.179186
0.346697	1.587150
-1.303479	-0.324521
0.279744	1.260926
0.226229	1.214779
-1.296008	-0.301225
-0.155813	1.151848
-0.993039	-0.338971
-0.345725	0.734077
-0.668241	-0.086512
-0.392847	0.242506
-0.469881	-1.848139
-0.537183	-0.134421
-0.284010	0.226008
-0.692197	-0.869408
-0.010421	0.681158
-1.126996	-0.643924
0.549896	1.426515
0.152178	0.984529
-1.256911	-0.407736
-0.076813	1.111491
-1.081091	-0.385929
-0.335663	0.866451
-0.711390	-0.084228
-0.415718	0.256814
-0.427510	-1.906191
-0.518487	-0.013145
-0.415912	0.111466
-0.493177	-1.853496
-0.500879	-0.113833
-0.291399	0.184544
-0.679652	-0.975905
-0.007892	0.665919
-1.128626	-0.651737
0.548153	1.325729
0.174991	0.978582
-1.264713	-0.415162
-0.011096	1.121636
-1.150514	-0.362462
-0.353899	0.926070
-0.712266	-0.011275
-0.525249	0.177482
-0.316862	-1.995914
-0.439093	0.410647
-0.909751	-0.135791
-0.265760	1.303663
-1.320926	-0.017930
-0.542356	1.025538
-0.694305	0.493392
-1.230785	0.106657
-0.341700	1.504585
-0.917237	0.033672
-0.689049	0.211336
-0.426420	0.986899
-1.250638	-0.245051
0.108503	1.257899
0.251371	1.398508
-1.310819	-0.239072
-0.210647	1.169000
-0.931027	-0.274246
-0.351220	0.610669
-0.636369	-0.113049
-0.346271	0.258348
-0.542773	-1.688699
-0.591063	-0.375114
-0.146145	0.464670
-0.945335	-0.835062
0.193273	0.814650
-1.252607	-0.520469
0.396980	1.127846
0.303700	1.066403
-1.282614	-0.444788
0.320697	1.100332
0.359082	1.125930
-1.272187	-0.475710
0.252345	0.936892
0.544982	1.096436
-1.120979	-0.691362
-0.012308	0.605022
-0.664885	-1.561300
-0.321062	0.040207
-0.374391	-0.039909
-0.610619	-1.707663
-0.534376	-0.543254
-0.086330	0.453919
-1.031874	-0.822932
0.316169	0.761673
-1.236507	-0.612071
0.226420	0.670204
-0.872189	-1.024482
-0.192592	0.232462
-0.460530	-0.229757
-0.576829	-1.776945
-0.436167	-0.157810
-0.236508	0.162836
-0.797091	-1.125087
0.142637	0.688870
-1.225469	-0.588034
0.417407	1.016774
0.364789	0.992679
-1.252454	-0.543512
0.217387	0.790117
-0.943572	-0.859716
-0.147128	0.432313
-0.569180	-0.358866
-0.545133	-1.732124
-0.358882	0.196551
-0.576371	-0.080161
-0.411016	-1.840699
-0.379311	0.429745
-0.849701	-0.173118
-0.276711	1.139684
-1.302679	-0.238900
0.221953	1.337743
0.161091	1.279816
-1.279136	-0.237208
-0.380626	1.060717
-0.737574	0.077344
-0.701227	0.108146
-0.391160	0.973231
-1.218179	-0.300047
0.065791	1.178028
0.346773	1.483013
-1.301802	-0.338847
0.285403	1.242581
0.242225	1.205811
-1.297847	-0.317270
-0.086930	1.161591
-1.075148	-0.353738
-0.363899	0.825387
-0.674991	0.005707
-0.533821	0.149303
-0.322728	-1.983511
-0.430733	0.426956
-0.913631	-0.146161
-0.260101	1.299010
-1.322114	-0.025891
-0.528598	1.044240
-0.699286	0.456489
-1.212296	0.099785
-0.332781	1.541617
-0.934327	0.028693
-0.682779	0.224368
-0.430443	0.973689
-1.243856	-0.248784
0.097804	1.253419
0.257279	1.412663
-1.312052	-0.240024
-0.194275	1.174531
-0.951481	-0.291343
-0.352553	0.645718
-0.642051	-0.091806
-0.373582	0.238149
-0.503251	-1.791450
-0.556426	-0.238498
-0.207134	0.332217
-0.840219	-0.926082
0.133209	0.758961
-1.229534	-0.546778
0.441777	1.210207
0.234618	1.054862
-1.284302	-0.395146
0.383226	1.487121
0.074311	1.145670
-1.222536	-0.317041
-0.362046	0.999318
-0.729103	0.022124
-0.592232	0.150710
-0.260439	-1.916714
-0.412394	0.644598
-1.025954	-0.246563
-0.152744	1.309626
-1.315814	-0.074863
-0.498498	1.049484
-0.699386	0.385632
-1.157558	0.069845
-0.299699	1.653376
-0.987126	0.017900
-0.667891	0.265945
-0.443391	0.943545
-1.232293	-0.247464
0.079435	1.260660
0.250621	1.435818
-1.312573	-0.225209
-0.233289	1.168402
-0.904863	-0.241888
-0.356214	0.552307
-0.620236	-0.119169
-0.332295	0.257344
-0.569633	-1.608144
-0.609996	-0.460321
-0.118745	0.528824
-0.988747	-0.787232
0.192063	0.855677
-1.257090	-0.495337
0.405448	1.223307
0.234098	1.090668
-1.287527	-0.374339
0.378558	1.647358
0.022622	1.150589
-1.182731	-0.331112
-0.377637	0.941803
-0.699500	0.065935
-0.655993	0.105340
-0.391908	0.831931
-1.108060	-0.327436
-0.060044	1.198521
-1.314165	-0.264103
0.291114	1.463409
0.065859	1.225452
-1.220886	-0.271000
-0.425169	0.945515
-0.675194	0.212358
-0.907225	0.026939
-0.341420	1.473839
-1.246438	0.105304
-0.685055	0.537117
-0.556962	0.993494
-1.316876	-0.018100
-0.246617	1.316200
-0.931510	-0.157815
-0.427118	0.453975
-0.315802	-1.980764
-0.541410	0.146671
-0.676654	0.009604
-0.364583	0.834056
-1.081888	-0.354787
-0.080697	1.160507
-1.296571	-0.322694
0.240004	1.192815
0.299493	1.241730
-1.300369	-0.354193
0.337700	1.368271
0.136102	1.177297
-1.261672	-0.290416
-0.334137	1.060739
-0.771133	-0.051044
-0.490757	0.239611
-0.327095	-2.006098
-0.465751	0.307835
-0.832642	-0.086943
-0.310279	1.186454
-1.325922	-0.137350
-0.150012	1.254961
-1.018515	-0.279673
-0.391102	0.682046
-0.616380	0.076592
-0.618441	0.074200
-0.390214	0.688138
-1.020372	-0.283210
-0.147746	1.251761
-1.325964	-0.143227
-0.292700	1.191901
-0.850238	-0.122783
-0.428602	0.362568
-0.356927	-1.964281
-0.524199	0.108421
-0.600594	0.026711
-0.332095	-1.812838
-0.385828	0.594423
-0.966591	-0.243177
-0.197657	1.258276
-1.327600	-0.109092
-0.354512	1.177168
-0.795547	0.013945
-0.611452	0.179384
-0.415827	0.726901
-1.071212	-0.276739
-0.105218	1.281723
-1.320641	-0.125838
-0.393344	1.135280
-0.757467	0.109100
-0.774816	0.094763
-0.388314	1.175803
-1.330008	-0.075781
-0.267091	1.251611
-0.892909	-0.151950
-0.416477	0.423784
-0.348053	-1.951889
-0.543561	0.086138
-0.579999	0.047346
-0.335409	-1.896611
-0.396130	0.534298
-0.946346	-0.209385
-0.220680	1.275779
-1.326279	-0.074443
-0.436719	1.131445
-0.739085	0.217775
-0.965135	0.057229
-0.337146	1.653069
-1.158326	0.097933
-0.734475	0.361382
-0.499555	1.142894
-1.332457	0.032610
-0.452902	1.199240
-0.760766	0.244631
-1.023724	0.072097
-0.315405	1.841312
-1.083574	0.082662
-0.757503	0.285752
-0.471514	1.199326
-1.331459	0.056453
-0.537337	1.107017
-0.723694	0.455661
-1.225394	0.135917
-0.381349	1.510350
-0.898325	0.094930
-0.805210	0.158420
-0.418924	1.292639
-1.317706	0.090473
-0.636762	0.895555
-0.674849	0.750452
-1.302015	0.126148
-0.424651	1.334963
-0.819049	0.168373
-0.923018	0.099538
-0.379012	1.583484
-1.189426	0.132538
-0.752024	0.384114
-0.515593	1.189556
-1.328029	0.108227
-0.604654	1.023170
-0.709034	0.630158
-1.286556	0.175980
-0.469971	1.351318
-0.814091	0.257839
-1.074218	0.112745
-0.355593	1.862032
-1.009958	0.109171
-0.832645	0.212452
-0.449012	1.391743
-1.273240	0.172111
-0.714934	0.574084
-0.584381	1.056711
-1.329483	0.095517
-0.511186	1.183303
-0.749695	0.376737
-1.181243	0.124047
-0.369335	1.601507
-0.933316	0.088613
-0.798272	0.178940
-0.428191	1.282337
-1.319684	0.090704
-0.632250	0.914697
-0.679950	0.732824
-1.300092	0.133837
-0.431943	1.336872
-0.817519	0.182924
-0.949679	0.097570
-0.370347	1.657382
-1.154666	0.122294
-0.770567	0.337502
-0.499472	1.240232
-1.320097	0.134316
-0.655366	0.895263
-0.681863	0.792548
-1.310488	0.154290
-0.490537	1.278024
-0.784984	0.311538
-1.132033	0.118946
-0.368288	1.707509
-0.965160	0.102417
-0.826374	0.188647
-0.435929	1.364614
-1.287953	0.151125
-0.694894	0.653427
-0.608143	0.980481
-1.324902	0.080475
-0.441837	1.255474
-0.784530	0.211694
-0.983527	0.081348
-0.345328	1.735274
-1.121822	0.102156
-0.766280	0.311065
-0.485681	1.226640
-1.325678	0.103884
-0.618446	0.980582
-0.698471	0.676461
-1.293939	0.163706
-0.463955	1.337242
-0.810015	0.247733
-1.056548	0.105366
-0.341501	1.932935
-1.029899	0.103793
-0.816720	0.228583
-0.455429	1.351384
-1.289910	0.162590
-0.699973	0.655430
-0.611005	0.992274
-1.326242	0.096012
-0.477139	1.229412
-0.768233	0.292580
-1.098583	0.093774
-0.333251	1.795715
-1.004703	0.080014
-0.778857	0.225690
-0.447743	1.244552
-1.326705	0.075910
-0.595923	1.007409
-0.700777	0.617258
-1.280660	0.155239
-0.432774	1.382091
-0.833680	0.182278
-0.955275	0.105686
-0.374187	1.682581
-1.142799	0.124342
-0.783527	0.320960
-0.494933	1.275079
-1.310565	0.157081
-0.683088	0.791805
-0.655600	0.899092
-1.320431	0.136568
-0.505025	1.234193
-0.768432	0.351024
-1.166996	0.128554
-0.377418	1.629762
-0.938195	0.103615
-0.827762	0.173868
-0.428304	1.362352
-1.290317	0.143503
-0.689756	0.671230
-0.612805	0.961922
-1.323172	0.076853
-0.425081	1.270182
-0.794897	0.173777
-0.920910	0.087214
-0.372142	1.566512
-1.198304	0.128229
-0.738950	0.403798
-0.520069	1.153424
-1.331497	0.077058
-0.537926	1.125213
-0.730465	0.450886
-1.226152	0.143934
-0.392162	1.506751
-0.892209	0.111899
-0.837834	0.147593
-0.415113	1.377762
-1.285583	0.139004
-0.689452	0.651417
-0.604949	0.968279
-1.322932	0.064106
-0.403535	1.278872
-0.806199	0.126982
-0.836090	0.104568
-0.393146	1.348137
-1.300774	0.107076
-0.665684	0.757522
-0.635830	0.871743
-1.313478	0.076045
-0.380368	1.317035
-0.830921	0.078757
-0.751006	0.139866
-0.405533	1.133768
-1.322003	-0.113459
-0.132340	1.281133
-1.042430	-0.271108
-0.406639	0.691868
-0.607883	0.139497
-0.722126	0.032412
-0.365950	0.986983
-1.213748	-0.321533
0.062183	1.144420
0.385830	1.517365
-1.283171	-0.395246
0.229382	1.049925
0.449823	1.215675
-1.223441	-0.555283
0.121381	0.747391
-0.819654	-0.953506
-0.218685	0.299861
-0.540564	-0.215594
-0.503859	-1.810912
-0.384117	0.196876
-0.600934	-0.069004
-0.389002	-1.762857
-0.370603	0.525448
-0.907342	-0.220439
-0.238288	1.199100
-1.323922	-0.172513
-0.101027	1.245906
-1.070542	-0.299045
-0.401929	0.755096
-0.627723	0.132552
-0.726422	0.041676
-0.368726	1.006242
-1.231624	-0.304707
0.086417	1.161573
0.363535	1.452281
-1.293802	-0.370530
0.264724	1.139418
0.345436	1.201071
-1.285444	-0.426365
0.282351	1.064264
0.410148	1.150594
-1.246864	-0.527553
0.175871	0.796707
-0.911413	-0.862074
-0.166522	0.426213
-0.584774	-0.326334
-0.525350	-1.718848
-0.352491	0.273887
-0.660501	-0.117260
-0.342638	0.685836
-0.960717	-0.318910
-0.182110	1.150111
-1.296968	-0.289923
0.224365	1.235052
0.260170	1.265756
-1.303663	-0.303064
-0.073577	1.172666
-1.091059	-0.345593
-0.373718	0.833629
-0.669445	0.042005
-0.593210	0.115581
-0.281949	-1.895792
-0.404789	0.626914
-1.007681	-0.244820
-0.167895	1.298828
-1.319630	-0.077579
-0.477304	1.079446
-0.711700	0.326766
-1.104599	0.059245
-0.286866	1.777906
-1.025660	0.038459
-0.700494	0.273661
-0.452440	1.039520
-1.295444	-0.160948
0.177759	1.458672
0.055555	1.328084
-1.219673	-0.213762
-0.483653	0.869850
-0.633842	0.394608
-1.112812	0.003496
-0.171282	1.860105
-0.211417	1.735046
-1.065373	-0.017923
-0.611418	0.368055
-0.471059	0.798601
-1.169550	-0.234110
-0.007626	1.325519
0.181902	1.546127
-1.301372	-0.132742
-0.473638	1.034047
-0.694918	0.329270
-1.094715	0.045296
-0.266542	1.801979
-1.042787	0.029822
-0.683929	0.295076
-0.457430	0.997705
-1.275163	-0.191640
0.143179	1.362240
0.140403	1.359110
-1.273632	-0.192309
-0.459047	0.993107
-0.682058	0.300776
-1.048244	0.029048
-0.261273	1.813673
-1.090409	0.042347
-0.691478	0.327423
-0.472170	1.024473
-1.296350	-0.144639
0.174841	1.498168
0.024839	1.331401
-1.196745	-0.220222
-0.482261	0.829409
-0.619943	0.398440
-1.103294	-0.009082
-0.174150	1.805091
-0.192999	1.751938
-1.081437	-0.019461
-0.608822	0.386336
-0.083434	-1.953084
-0.476743	0.794271
-1.173077	-0.226447
-0.004639	1.336552
0.169900	1.538545
-1.296507	-0.127891
-0.492694	1.004989
-0.682679	0.384359
-1.144088	0.051050
-0.275630	1.679501
-1.009313	0.003869
-0.644756	0.295761
-0.450716	0.882827
-1.198587	-0.257449
0.033171	1.264901
0.248393	1.501497
-1.315209	-0.202966
-0.268199	1.166074
-0.866462	-0.180638
-0.380198	0.448809
-0.401173	-1.843630
-0.578636	-0.064817
-0.378423	0.183153
-0.518530	-1.790862
-0.545204	-0.257172
-0.192456	0.336972
-0.867195	-0.930478
0.169940	0.754375
-1.240637	-0.551545
0.406763	1.079225
0.332380	1.035975
-1.271354	-0.489214
0.275720	0.941852
0.523323	1.062161
-1.140565	-0.679205
0.009316	0.604788
-0.682685	-1.551656
-0.320032	-0.013784
-0.325226	-0.022371
-0.676889	-1.568765
0.001508	0.594485
-1.133153	-0.689079
0.528802	1.041886
0.279732	0.930804
-1.269477	-0.498149
0.324858	1.003990
0.437447	1.063050
-1.217175	-0.591883
0.121125	0.685436
-0.776916	-1.176033
-0.248605	0.138679
-0.423017	-0.139432
-0.584592	-1.765722
-0.473825	-0.289347
-0.161727	0.281775
-0.922151	-0.971102
0.276505	0.641482
-1.228387	-0.643611
0.243124	0.614530
-0.871818	-1.071442
-0.195284	0.173808
-0.416244	-0.218286
-0.617378	-1.727143
-0.478132	-0.427790
-0.112213	0.342366
-0.995648	-0.903494
0.343709	0.531739
-1.200408	-0.698097
0.140749	0.472859
-0.798864	-1.448395
-0.092276	0.037080
-1.021868	-0.996479
-1.056109	-0.951767
-0.058946	0.067281
-0.807225	-1.449553
0.138920	0.431855
-1.195770	-0.714470
-0.963023	-0.959247
-0.135457	0.273582
-0.447590	-0.353413
-0.623589	-1.724010
-0.443878	-0.339616
-0.140152	0.262801
-0.956284	-0.968446
-1.197606	-0.712248
0.144830	0.434744
-0.808843	-1.442513
-0.068129	0.044846
-1.047117	-0.965595
-1.028995	-0.989670
-0.085787	0.029663
-0.805031	-1.440539
0.146660	0.455634
-1.200197	-0.703821
0.331106	0.458918
-0.970370	-0.941282
-0.130181	0.298119
-0.460878	-0.367565
-0.616377	-1.731581
-0.431497	-0.267807
-0.169672	0.216411
-0.911986	-1.019284
0.284711	0.560194
-1.216765	-0.676022
0.210385	0.520239
-0.829641	-1.280127
-0.239700	-0.101259
-0.258290	-0.143082
-0.806686	-1.337527
0.179479	0.554502
-1.217917	-0.659375
0.331948	0.667727
-1.007632	-0.869942
-0.103764	0.392424
-0.504878	-0.460398
-0.607994	-1.728142
-0.395479	-0.112233
-0.263894	0.096026
-0.754473	-1.272716
0.098808	0.672483
-1.205887	-0.603053
0.455348	1.087414
0.301508	1.000543
-1.275009	-0.477776
0.311670	1.018541
0.433988	1.088721
-1.222902	-0.578747
0.130129	0.706724
-0.795749	-1.077664
-0.234995	0.198945
-0.466822	-0.168460
-0.548863	-1.806865
-0.434920	-0.079145
-0.303460	0.111298
-0.674232	-1.471698
-0.003153	0.641062
-1.131677	-0.664456
0.541966	1.209201
0.213767	0.966138
-1.272782	-0.436357
0.397463	1.386385
0.129783	1.126455
-1.255552	-0.320552
-0.293131	1.070448
-0.812445	-0.156459
-0.377467	0.389877
-0.431342	-1.831831
-0.572109	-0.111950
-0.320167	0.225645
-0.605136	-1.528178
-0.626152	-0.580924
-0.083965	0.585630
-1.038973	-0.739548
0.620575	1.290443
0.190160	0.899870
-1.261412	-0.467886
0.411489	1.341676
0.157165	1.108236
-1.267509	-0.333158
-0.226797	1.103259
-0.896089	-0.283652
-0.328604	0.600288
-0.659482	-0.216202
-0.259706	0.384376
-0.739146	-0.719773
-0.036037	0.727782
-1.102732	-0.627692
0.067827	0.985854
-1.209509	-0.418147
-0.201830	1.052656
-0.916130	-0.350470
-0.303244	0.690024
-0.707216	-0.272999
-0.242320	0.474940
-0.774942	-0.681560
-0.049141	0.758540
-1.089318	-0.613793
0.018845	0.982952
-1.170100	-0.439221
-0.223467	1.013953
-0.879744	-0.336111
-0.292887	0.650421
-0.713899	-0.337163
-0.210819	0.542089
-0.835200	-0.702461
-0.021893	0.809700
-1.121902	-0.568702
-0.029656	1.006491
-1.124424	-0.444022
-0.255299	0.963876
-0.827353	-0.292032
-0.289264	0.569020
-0.706648	-0.407161
-0.174222	0.592439
-0.901556	-0.716868
0.020355	0.856165
-1.164834	-0.519296
-0.066771	1.035720
-1.085623	-0.435085
-0.281162	0.915909
-0.783689	-0.243249
-0.296130	0.486198
-0.685977	-0.440931
-0.150895	0.595908
-0.940518	-0.732495
0.065612	0.874855
-1.201581	-0.488794
-0.056472	1.064054
-1.099537	-0.414232
-0.304055	0.913216
-0.756532	-0.174756
-0.335624	0.387079
-0.619031	-0.323311
-0.178972	0.455395
-0.889862	-0.830051
0.122045	0.813738
-1.229925	-0.513957
0.454286	1.423046
0.122551	1.078081
-1.248945	-0.349885
-0.251141	1.076910
-0.860496	-0.250438
-0.329251	0.537722
-0.648160	-0.249622
-0.231890	0.412296
-0.792102	-0.786016
0.015137	0.772160
-1.155694	-0.574492
0.045911	1.026404
-1.195099	-0.400541
-0.260924	1.022357
-0.834803	-0.252066
-0.315414	0.525399
-0.663949	-0.321221
-0.197278	0.490744
-0.857663	-0.776581
0.048662	0.817727
-1.185763	-0.530848
0.009223	1.051216
-1.165143	-0.399497
-0.295119	0.979985
-0.784381	-0.179121
-0.344128	0.406156
-0.610934	-0.265229
-0.207915	0.399877
-0.837314	-0.851788
0.086619	0.786879
-1.209148	-0.537111
0.476153	1.510678
0.103188	1.061375
-1.236940	-0.362157
-0.256856	1.063063
-0.850171	-0.244342
-0.327834	0.524224
-0.647778	-0.264484
-0.222262	0.426592
-0.810452	-0.794581
0.030390	0.784249
-1.169382	-0.559702
0.041026	1.037009
-1.191736	-0.395856
-0.273929	1.014521
-0.817429	-0.223618
-0.325113	0.480479
-0.644794	-0.306819
-0.197127	0.462907
-0.857431	-0.803293
0.069754	0.810836
-1.200303	-0.527276
0.042655	1.060780
-1.194299	-0.380147
-0.297277	1.006550
-0.789416	-0.165054
-0.359229	0.390402
-0.465261	-1.750007
-0.591284	-0.200877
-0.245247	0.324658
-0.766557	-0.862273
0.033733	0.744724
-1.169672	-0.582679
0.102332	1.029236
-1.234596	-0.382411
-0.220295	1.070943
-0.896473	-0.311060
-0.314338	0.633453
-0.682770	-0.258772
-0.240199	0.444626
-0.777417	-0.722309
-0.025789	0.762925
-1.115486	-0.600638
0.029490	0.999462
-1.180221	-0.424008
-0.238451	1.017217
-0.861247	-0.304416
-0.299900	0.603680
-0.696689	-0.338035
-0.202737	0.530279
-0.849108	-0.729998
0.005565	0.819335
-1.149528	-0.549676
-0.026128	1.025878
-1.129296	-0.430188
-0.273018	0.959727
-0.804324	-0.248241
-0.303001	0.503660
-0.678044	-0.394720
-0.168107	0.559742
-0.910690	-0.749948
0.061960	0.854276
-1.197740	-0.502910
-0.030595	1.061167
-1.127034	-0.408636
-0.304096	0.939630
-0.763498	-0.165906
-0.346652	0.379558
-0.494514	-1.665943
-0.604372	-0.271870
-0.201567	0.400842
-0.849119	-0.859880
0.103169	0.788858
-1.218503	-0.532162
0.466467	1.418725
0.127413	1.066577
-1.250841	-0.356770
-0.230603	1.084513
-0.886912	-0.286323
-0.322470	0.597878
-0.666477	-0.243865
-0.242903	0.418580
-0.771521	-0.743122
-0.016354	0.757799
-1.125036	-0.599218
0.042724	1.004600
-1.191436	-0.415445
-0.238995	1.026839
-0.862768	-0.298846
-0.303705	0.597575
-0.690608	-0.325182
-0.206352	0.514785
-0.842007	-0.737710
0.008466	0.813350
-1.151913	-0.551879
-0.016463	1.027475
-1.139207	-0.425576
-0.274251	0.967492
-0.804871	-0.241359
-0.307437	0.495578
-0.670731	-0.379767
-0.171875	0.542852
-0.903748	-0.760735
0.067877	0.847353
-1.201443	-0.505129
-0.014233	1.063904
-1.143699	-0.400800
-0.307313	0.953195
-0.763839	-0.152236
-0.360241	0.361811
-0.474925	-1.757637
-0.586316	-0.215346
-0.232599	0.335238
-0.791143	-0.882849
0.061394	0.756617
-1.190892	-0.563787
0.493767	1.494885
0.115062	1.043929
-1.242849	-0.371262
-0.222033	1.078468
-0.896039	-0.304462
-0.317710	0.624983
-0.677089	-0.249383
-0.243909	0.431127
-0.770048	-0.725009
-0.026186	0.756455
-1.114753	-0.604820
0.037647	0.998229
-1.186967	-0.421647
-0.233909	1.024495
-0.868684	-0.310019
-0.300757	0.614797
-0.697284	-0.327408
-0.208352	0.521087
-0.838661	-0.727592
-0.001077	0.811711
-1.142867	-0.557512
-0.020202	1.021053
-1.135060	-0.431145
-0.268482	0.966952
-0.811635	-0.257076
-0.301088	0.518366
-0.682743	-0.392485
-0.171166	0.561981
-0.905563	-0.745261
0.053228	0.852862
-1.191293	-0.507272
-0.037017	1.056289
-1.119985	-0.414058
-0.299475	0.935934
-0.767569	-0.181281
-0.334853	0.400566
-0.621706	-0.316579
-0.183226	0.452638
-0.882325	-0.829196
0.113451	0.812425
-1.225690	-0.515982
0.459333	1.464780
0.108639	1.075603
-1.240979	-0.352538
-0.266511	1.064287
-0.839337	-0.222402
-0.336614	0.489849
-0.631860	-0.245054
-0.228409	0.396610
-0.798569	-0.814349
0.034210	0.773502
-1.171821	-0.564774
0.060585	1.036818
-1.206918	-0.388734
-0.264713	1.031919
-0.832755	-0.239158
-0.322289	0.508220
-0.652442	-0.300736
-0.203307	0.463719
-0.846174	-0.793028
0.053325	0.807245
-1.188580	-0.535502
0.029289	1.052118
-1.182838	-0.390620
-0.292901	0.997793
-0.791652	-0.179692
-0.347012	0.410530
-0.482018	-1.627740
-0.608051	-0.247881
-0.217795	0.381843
-0.818840	-0.855572
0.072115	0.777593
-1.199481	-0.547318
0.097333	1.054066
-1.232940	-0.367833
-0.254743	1.059723
-0.851784	-0.249977
-0.325025	0.532547
-0.652592	-0.272119
-0.219604	0.437597
-0.815589	-0.788615
0.030004	0.788697
-1.169319	-0.557089
0.034401	1.037114
-1.186330	-0.398157
-0.276667	1.008256
-0.812665	-0.219273
-0.326064	0.471856
-0.642391	-0.308165
-0.195470	0.462273
-0.860429	-0.806294
0.074556	0.811817
-1.203502	-0.525216
0.047779	1.062685
-1.198485	-0.376914
-0.297635	1.010218
-0.790134	-0.162902
-0.361555	0.387970
-0.461794	-1.762737
-0.588382	-0.191128
-0.252050	0.313281
-0.753379	-0.856543
0.022672	0.735722
-1.160077	-0.593437
0.104920	1.021152
-1.235680	-0.386867
-0.207583	1.074798
-0.913390	-0.329312
-0.313372	0.665190
-0.689769	-0.245830
-0.251685	0.434789
-0.755921	-0.691276
-0.046430	0.742212
-1.091684	-0.623282
0.041692	0.981986
-1.189418	-0.430120
-0.213708	1.032682
-0.896510	-0.343100
-0.297568	0.669055
-0.710767	-0.307208
-0.224738	0.511896
-0.808670	-0.697303
-0.032920	0.788434
-1.109058	-0.587421
-0.008576	0.997465
-1.145281	-0.441509
-0.244715	0.985970
-0.845962	-0.306576
-0.291059	0.596559
-0.707988	-0.380175
-0.187513	0.573625
-0.877837	-0.716134
0.007073	0.840624
-1.152035	-0.535432
-0.053795	1.027178
-1.099661	-0.437985
-0.274159	0.932927
-0.796354	-0.256254
-0.294162	0.508914
-0.691630	-0.431609
-0.157148	0.595326
-0.930273	-0.729188
0.053418	0.870327
-1.192480	-0.495915
-0.062028	1.056642
-1.092739	-0.420230
-0.297927	0.910948
-0.762830	-0.194577
-0.321578	0.415019
-0.641034	-0.373374
-0.163304	0.512200
-0.917606	-0.792385
0.113854	0.840915
-1.228263	-0.498138
0.063588	1.082737
-1.211553	-0.358892
-0.310384	1.017063
-0.779093	-0.125518
-0.395037	0.334592
-0.425014	-1.878865
-0.547367	-0.062043
-0.367342	0.165867
-0.543281	-1.752901
-0.556135	-0.336361
-0.153723	0.403670
-0.932903	-0.880554
0.222800	0.770638
-1.250283	-0.556304
0.353083	0.941608
0.460997	0.976760
-1.187664	-0.645764
0.075349	0.610405
-0.732610	-1.479074
-0.301688	-0.097234
-0.260831	-0.023324
-0.783370	-1.328149
0.147747	0.619248
-1.218965	-0.626936
0.390299	0.856337
0.470862	0.842753
-1.163334	-0.693081
0.044691	0.547611
-0.720629	-1.560695
-0.342914	-0.338800
-0.161811	0.086485
-0.931470	-1.074481
-1.167705	-0.780538
0.094249	0.269180
-0.828317	-1.450322
0.051820	0.198774
-1.143406	-0.822557
-0.948110	-1.071429
-0.151441	0.053114
-0.752347	-1.504538
0.089874	0.551003
-1.189660	-0.672897
0.426924	0.804820
0.448414	0.792139
-1.173914	-0.690680
0.063032	0.536596
-0.737352	-1.542144
-0.132994	0.101149
-0.971123	-1.032324
-1.127248	-0.842108
0.025048	0.207753
-0.814463	-1.467401
0.099250	0.340274
-1.174362	-0.759224
-0.954256	-1.005794
-0.142785	0.196619
-0.401040	-0.348498
-0.663363	-1.667935
-0.048450	0.426606
-1.075425	-0.813477
0.389638	0.585822
-1.187594	-0.703132
0.100288	0.484134
-0.775986	-1.499831
-0.069977	0.130506
-1.045216	-0.951163
-1.046302	-0.949956
-0.068931	0.131933
-0.776482	-1.499319
0.100588	0.482534
-1.187601	-0.703517
0.388833	0.580656
-1.073565	-0.815891
-0.050111	0.424738
-0.662096	-1.669702
-0.401477	-0.342864
-0.144041	0.195679
-0.952435	-1.007023
-1.176103	-0.756413
0.102855	0.344569
-0.814828	-1.465878
0.020849	0.197755
-1.124066	-0.847656
-0.972117	-1.034587
-0.132470	0.092978
-0.743240	-1.531256
0.071765	0.537814
-1.179024	-0.686214
0.440228	0.789235
0.437088	0.790897
-1.181346	-0.683737
0.075675	0.540314
-0.745446	-1.526125
-0.134809	0.085444
-0.969261	-1.039577
-1.125866	-0.845935
0.023648	0.196045
-0.816872	-1.463222
0.103342	0.336357
-1.175706	-0.758551
-0.947937	-1.017841
-0.147474	0.181687
-0.393695	-0.336468
-0.668298	-1.658941
-0.038467	0.446189
-1.086751	-0.796141
0.388270	0.663872
-1.194646	-0.688273
0.111511	0.509077
-0.775757	-1.485439
-0.102202	0.077200
-1.010060	-1.000912
-1.076074	-0.917878
-0.037985	0.127850
-0.800394	-1.470431
0.120208	0.429191
-1.189776	-0.720319
-0.988670	-0.924908
-0.117235	0.311106
-0.460448	-0.412842
-0.626414	-1.719837
-0.431561	-0.306604
-0.153000	0.232575
-0.937694	-0.995864
-1.202418	-0.705822
0.161779	0.444264
-0.813277	-1.418940
-0.099203	-0.019296
-1.015090	-1.012967
-1.058062	-0.955014
-0.056956	0.021921
-0.819470	-1.429239
0.153073	0.394348
-1.195970	-0.723687
-0.920845	-1.046116
-0.165906	0.163621
-0.391618	-0.281786
-0.659601	-1.668288
-0.046357	0.445597
-1.078475	-0.802049
0.379187	0.680649
-1.200743	-0.679486
0.124792	0.521489
-0.780173	-1.464926
-0.126180	0.034345
-0.982127	-1.041046
-1.101554	-0.886773
-0.007495	0.128714
-0.817717	-1.452591
0.125371	0.363675
-1.185698	-0.741372
-0.937672	-1.025158
-0.154373	0.181477
-0.397069	-0.311956
-0.660399	-1.669894
-0.049014	0.433470
-1.075114	-0.810321
0.384484	0.635212
-1.193599	-0.692891
0.111420	0.499487
-0.778156	-1.486248
-0.091354	0.089106
-1.022284	-0.985192
-1.064003	-0.933008
-0.050985	0.120894
-0.794055	-1.476033
0.117828	0.450165
-1.190968	-0.712678
-1.011192	-0.891455
-0.100703	0.350539
-0.475661	-0.483602
-0.628688	-1.714649
-0.418148	-0.265066
-0.171007	0.196741
-0.910864	-1.032288
0.287809	0.524063
-1.212480	-0.686988
0.198592	0.489392
-0.823792	-1.333232
-0.204525	-0.122942
-0.884245	-1.198332
-1.186708	-0.755822
-0.840561	-1.411601
-1.093635	-0.911440
-0.976001	-1.077474
-0.837633	-1.355199
0.200484	0.351374
-1.201261	-0.723078
-0.865277	-1.221078
-0.216116	-0.098505
-0.261479	-0.219008
-0.810728	-1.348361
0.183036	0.530699
-1.215544	-0.670093
0.319355	0.617867
-0.973929	-0.916055
-0.127523	0.338634
-0.486403	-0.376239
-0.599684	-1.744963
-0.410637	-0.141634
-0.244236	0.127192
-0.787108	-1.179484
0.137256	0.677091
-1.222370	-0.594961
0.419535	1.004639
0.370313	0.983643
-1.248471	-0.553389
0.206850	0.766466
-0.912592	-0.895496
-0.166013	0.385044
-0.554474	-0.310238
-0.533988	-1.764169
-0.369810	0.179636
-0.565694	-0.067244
-0.412186	-1.861997
-0.385698	0.400290
-0.832267	-0.157282
-0.287123	1.116717
-1.290153	-0.264408
0.194336	1.251345
0.247996	1.299600
-1.304854	-0.276665
-0.154185	1.166497
-0.997605	-0.331052
-0.352582	0.728574
-0.660251	-0.061535
-0.422311	0.212204
-0.438276	-1.903856
-0.507205	-0.010924
-0.412511	0.104952
-0.500817	-1.844350
-0.503236	-0.136606
-0.271084	0.204127
-0.720893	-1.030989
0.031342	0.697532
-1.164751	-0.612437
0.516712	1.332919
0.169175	1.010105
-1.265328	-0.394581
-0.072604	1.120735
-1.086714	-0.379573
-0.342303	0.865784
-0.704988	-0.061660
-0.444030	0.228379
-0.398717	-1.947307
-0.492742	0.099631
-0.561737	0.022360
-0.365945	-1.910010
-0.399352	0.450250
-0.892224	-0.171672
-0.260793	1.228825
-1.329823	-0.111940
-0.282672	1.217568
-0.867747	-0.135029
-0.422515	0.387822
-0.354856	-1.958078
-0.532851	0.094524
-0.585429	0.038280
-0.336214	-1.880195
-0.392766	0.548065
-0.950031	-0.217485
-0.215883	1.270401
-1.326920	-0.083420
-0.415089	1.146401
-0.751962	0.162483
-0.874599	0.070885
-0.372283	1.428209
-1.267044	0.121380
-0.686799	0.589723
-0.579214	0.982991
-1.320385	0.019369
-0.320660	1.303929
-0.863937	-0.040627
-0.544603	0.264160
-0.241814	-2.031775
-0.448748	0.531962
-1.012691	-0.173670
-0.186760	1.407897
-1.275074	-0.005871
-0.613070	0.755091
0.175461	-2.092477
-0.613455	0.754054
-1.274910	-0.005283
-0.187636	1.407823
-1.011957	-0.172515
-0.448973	0.529900
-0.242225	-2.032066
-0.544099	0.265206
-0.863950	-0.041324
-0.320518	1.304279
-1.320466	0.019101
-0.578643	0.983769
-0.687033	0.588552
-1.266611	0.121313
-0.372141	1.428645
-0.874993	0.070971
-0.751772	0.162720
-0.415183	1.146222
-1.326838	-0.083898
-0.214454	1.270390
-0.951617	-0.218632
-0.392610	0.550575
-0.335269	-1.878407
-0.586171	0.039470
-0.534285	0.094079
-0.353408	-1.957925
-0.421826	0.393624
-0.872099	-0.138114
-0.280279	1.225019
-1.330309	-0.103873
-0.288972	1.220106
-0.862612	-0.122191
-0.434264	0.367592
-0.345340	-1.976464
-0.521034	0.136088
-0.641999	0.009299
-0.371289	0.722825
-1.016200	-0.313696
-0.144036	1.205037
-1.320146	-0.216764
0.280964	1.661750
-0.033124	1.234464
-1.138350	-0.297594
-0.419868	0.834588
-0.640898	0.201174
-0.858605	0.015816
-0.347509	1.342389
-1.306584	0.068133
-0.639780	0.829292
-0.651828	0.784084
-1.301360	0.081770
-0.356313	1.353820
-0.857470	0.034462
-0.674458	0.183804
-0.415452	0.931737
-1.202969	-0.289975
0.043447	1.205929
0.315445	1.509530
-1.311987	-0.286962
0.311911	1.485067
0.056381	1.207893
-1.212972	-0.284162
-0.415495	0.944748
-0.678958	0.183498
-0.859844	0.035967
-0.356868	1.362061
-1.298184	0.086383
-0.656207	0.760974
-0.633111	0.848592
-1.308263	0.059901
-0.339456	1.338416
-0.862592	0.000743
-0.613941	0.217982
-0.425713	0.754791
-1.097295	-0.276165
-0.080029	1.282897
0.223368	1.743155
-1.319082	-0.135955
-0.385980	1.134067
-0.760953	0.090482
-0.740355	0.106960
-0.391838	1.086404
-1.298533	-0.192864
0.194549	1.402375
0.103183	1.310124
-1.250309	-0.215933
-0.462288	0.950442
-0.665906	0.318224
-1.057330	0.019840
-0.245686	1.811158
-0.221436	1.935414
-1.089722	0.031262
-0.675221	0.338077
-0.472196	0.980911
-1.273879	-0.181478
0.138547	1.380875
0.122276	1.364108
-1.264370	-0.187490
-0.478428	0.956272
-0.665652	0.360818
-1.106480	0.027389
-0.243397	1.762685
-1.049313	0.006273
-0.646185	0.325708
-0.461335	0.894840
-1.215092	-0.240359
0.053183	1.283724
0.226431	1.467555
-1.310297	-0.191575
-0.334404	1.135106
-0.795591	-0.039332
-0.519664	0.235711
-0.290887	-2.019718
-0.451639	0.421832
-0.935619	-0.133154
-0.254033	1.354651
-1.302895	0.013580
-0.609487	0.864139
-0.653009	0.702982
-1.283114	0.069795
-0.310428	1.399574
-0.903424	-0.036664
-0.563611	0.278008
-0.209579	-2.026869
-0.447345	0.608369
-1.051809	-0.203678
-0.142703	1.391291
0.103688	1.822571
-1.280550	-0.035360
-0.593547	0.814119
0.161227	-2.028993
-0.628818	0.687395
-1.265161	0.020078
-0.222411	1.431050
-0.985412	-0.134872
-0.468032	0.456542
-0.246350	-2.051082
-0.518280	0.316923
-0.904600	-0.068003
-0.295913	1.369717
-1.296882	0.048017
-0.635653	0.792415
0.241244	-2.061283
-0.636405	0.789979
-1.296550	0.048848
-0.296836	1.370250
-0.904117	-0.065692
-0.520448	0.313899
-0.244678	-2.050935
-0.466794	0.464334
-0.989461	-0.138118
-0.218247	1.432638
-1.264291	0.017660
-0.627521	0.686886
0.159083	-2.038771
-0.592987	0.811515
-1.279290	-0.037307
0.102727	1.800144
-0.138783	1.392588
-1.055984	-0.203167
-0.449121	0.611875
-0.204562	-2.029791
-0.563815	0.286025
-0.914122	-0.038740
-0.305543	1.422083
-1.272636	0.072703
-0.656845	0.656534
-0.593247	0.890087
-1.302546	-0.010101
-0.215564	1.352449
-0.971475	-0.177726
-0.428504	0.507269
-0.288599	-1.989674
-0.551055	0.174273
-0.730480	-0.002469
-0.354534	0.986750
-1.206325	-0.334953
0.053502	1.127549
0.405735	1.570316
-1.270179	-0.422894
0.195553	0.976860
0.541475	1.260288
-1.134592	-0.654301
-0.000934	0.656351
-0.678991	-1.398889
-0.296024	0.145734
-0.464079	-0.097049
-0.523294	-1.834562
-0.442300	-0.037266
-0.349315	0.089561
-0.601930	-1.674148
-0.574615	-0.556626
-0.084954	0.514359
-1.035360	-0.785516
0.263706	0.840969
-1.258902	-0.537613
0.322264	0.923033
0.499803	0.977538
-1.154428	-0.680199
0.028102	0.585665
-0.699942	-1.557344
-0.326711	-0.115394
-0.251880	0.016912
-0.791577	-1.284118
0.157367	0.627613
-1.222508	-0.622267
0.382738	0.852387
0.480263	0.831561
-1.154877	-0.702032
0.033194	0.541667
-0.712674	-1.575118
-0.348342	-0.321185
-0.163376	0.095455
-0.928630	-1.073211
-1.172456	-0.771732
0.103444	0.286052
-0.827497	-1.449672
0.039731	0.179926
-1.135621	-0.835413
-0.953608	-1.068970
-0.147780	0.043345
-0.761001	-1.489711
0.101937	0.546867
-1.194744	-0.671637
0.413012	0.777779
0.470576	0.699278
-1.150927	-0.719321
0.030958	0.511460
-0.718628	-1.581812
-0.119831	0.151657
-0.987034	-1.000037
-1.122327	-0.842796
0.016202	0.233936
-0.801568	-1.486119
0.088579	0.371991
-1.172323	-0.753457
-0.986023	-0.947489
-0.119290	0.271100
-0.435858	-0.418537
-0.645510	-1.697380
-0.457172	-0.547027
-0.097166	0.323801
-1.015483	-0.902560
-1.170760	-0.747800
0.080655	0.397726
-0.790223	-1.501651
0.004562	0.243340
-1.114355	-0.849353
-1.001804	-0.976763
-0.107897	0.180339
-0.713777	-1.594570
0.019581	0.492484
-1.141161	-0.734988
0.417229	0.730101
-1.186579	-0.687411
0.089128	0.524376
-0.758509	-1.512345
-0.112296	0.096033
-0.997685	-1.008606
-1.094561	-0.889355
-0.017254	0.164198
-0.801887	-1.475764
0.111012	0.408503
-1.184564	-0.731230
-0.984413	-0.937249
-0.120348	0.293027
-0.450447	-0.404375
-0.632100	-1.713832
-0.441055	-0.367156
-0.131406	0.267288
-0.969011	-0.959031
-1.187759	-0.729081
0.120788	0.406296
-0.806533	-1.465620
-0.023689	0.135993
-1.088626	-0.901398
-0.997886	-1.016321
-0.112628	0.068235
-0.772893	-1.485494
0.110502	0.517887
-1.195232	-0.683959
0.392992	0.690959
-1.100026	-0.780609
-0.025801	0.460416
-0.678101	-1.645375
-0.390037	-0.377499
-0.138499	0.181969
-0.960880	-1.007790
-1.162432	-0.779916
0.077407	0.308839
-0.813652	-1.472744
0.050105	0.259654
-1.145125	-0.810433
-0.965907	-1.020384
-0.135746	0.145893
-0.705829	-1.598629
0.016153	0.509424
-1.139740	-0.728079
0.396601	0.792867
-1.206294	-0.655341
0.125481	0.569591
-0.771351	-1.441158
-0.293840	-0.263295
-0.194989	-0.021087
-0.889880	-1.161243
-1.189821	-0.746167
0.155356	0.294142
-0.834623	-1.416316
-1.083453	-0.924199
-0.987078	-1.058486
-0.828761	-1.376756
0.188135	0.402369
-1.203106	-0.714577
-0.885029	-1.133128
-0.193525	0.057792
-0.334994	-0.231581
-0.714170	-1.558162
0.041062	0.563717
-1.162179	-0.685794
0.480144	0.897317
0.365990	0.888580
-1.236483	-0.592565
0.190266	0.689207
-0.842288	-1.049124
-0.209846	0.214896
-0.459983	-0.202297
-0.567854	-1.787021
-0.438078	-0.138953
-0.251758	0.152621
-0.768435	-1.161784
0.106443	0.691957
-1.211432	-0.589950
0.452768	1.117408
0.285749	1.014962
-1.279427	-0.456032
0.334511	1.108295
0.346306	1.115545
-1.276193	-0.465584
0.269887	0.975572
0.498332	1.107560
-1.169560	-0.642750
0.043364	0.638143
-0.708393	-1.466569
-0.298389	0.023290
-0.348278	-0.056596
-0.652664	-1.633951
-0.031704	0.542738
-1.098437	-0.738340
0.549626	0.864858
0.304494	0.870556
-1.256220	-0.549974
0.275070	0.831809
-1.037965	-0.789772
-0.082744	0.506201
-0.567586	-0.565576
-0.605117	-1.680957
-0.353378	0.063161
-0.415480	-0.023784
-0.550431	-1.798855
-0.488676	-0.226636
-0.198622	0.259951
-0.859568	-1.002100
0.197399	0.706239
-1.239685	-0.584407
0.363350	0.901749
0.475766	0.917859
-1.168279	-0.676642
0.048844	0.574136
-0.718283	-1.544205
-0.327902	-0.204890
-0.204996	0.040152
-0.868219	-1.160019
0.255396	0.472899
-1.211513	-0.694735
0.222650	0.466885
-0.840371	-1.274701
-0.235854	-0.143955
-0.243028	-0.163157
-0.831689	-1.295010
0.211655	0.491806
-1.213700	-0.686246
0.274484	0.516864
-0.892731	-1.074180
-0.184026	0.149520
-0.391552	-0.239560
-0.649753	-1.679680
-0.056618	0.438715
-1.067021	-0.812541
0.370826	0.681328
-1.204578	-0.674984
0.134781	0.527032
-0.784359	-1.447877
-0.142564	0.006407
-0.962209	-1.069667
-1.120530	-0.861558
0.018400	0.132597
-0.828415	-1.443114
0.120540	0.301851
-1.179796	-0.759546
-0.918820	-1.087141
-0.170377	0.085547
-0.344367	-0.297568
-0.713848	-1.569659
0.036386	0.547625
-1.157642	-0.696735
0.479316	0.851044
0.379374	0.862271
-1.225838	-0.615308
0.164565	0.641582
-0.799854	-1.230396
-0.242733	0.065128
-0.358580	-0.134254
-0.661332	-1.640158
-0.026693	0.522052
-1.102434	-0.747244
0.333408	0.840748
-1.242882	-0.587448
0.224947	0.716421
-0.895352	-0.954673
-0.177076	0.312411
-0.510211	-0.270570
-0.548741	-1.789823
-0.398601	0.037303
-0.412769	0.017961
-0.537259	-1.810528
-0.494669	-0.205826
-0.213647	0.251314
-0.832262	-1.011682
0.161835	0.718483
-1.234460	-0.571528
0.405936	1.027833
0.365988	1.007857
-1.254029	-0.537620
0.218986	0.801032
-0.955382	-0.845631
-0.139768	0.450579
-0.575038	-0.380389
-0.550456	-1.717407
-0.354580	0.201994
-0.578291	-0.084285
-0.411974	-1.835224
-0.377936	0.433850
-0.851002	-0.175412
-0.275565	1.140046
-1.302734	-0.239291
0.222259	1.337563
0.161298	1.279612
-1.279209	-0.237408
-0.380047	1.061165
-0.738076	0.075949
-0.698434	0.109558
-0.391568	0.966021
-1.212275	-0.304015
0.057933	1.175414
0.350216	1.500261
-1.300856	-0.341095
0.280406	1.226549
0.257700	1.207269
-1.299307	-0.329067
-0.024982	1.167948
-1.140555	-0.337379
-0.383666	0.885372
-0.677643	0.082157
-0.671318	0.087643
-0.385757	0.869792
-1.129805	-0.336165
-0.036577	1.176339
-1.303880	-0.311256
0.268325	1.265070
0.224168	1.226495
-1.296395	-0.293856
-0.174810	1.149780
-0.969618	-0.325141
-0.343103	0.699984
-0.663187	-0.109229
-0.362534	0.265980
-0.510457	-1.759100
-0.571977	-0.276368
-0.188711	0.376525
-0.872973	-0.895254
0.154198	0.775745
-1.238646	-0.536968
0.426282	1.180408
0.257474	1.059655
-1.286104	-0.408200
0.368649	1.334637
0.160715	1.145572
-1.271320	-0.311837
-0.260914	1.099401
-0.855242	-0.220473
-0.345301	0.496639
-0.622679	-0.200160
-0.257421	0.344718
-0.742664	-0.785152
-0.008545	0.731453
-1.131486	-0.611799
0.084435	1.003511
-1.221881	-0.402230
-0.208655	1.061655
-0.909254	-0.334963
-0.308320	0.668537
-0.696733	-0.264380
-0.242866	0.459252
-0.773152	-0.696633
-0.040892	0.758017
-1.098745	-0.610618
0.025280	0.988730
-1.176040	-0.432766
-0.227808	1.017246
-0.874873	-0.325648
-0.295727	0.636163
-0.707648	-0.334405
-0.209305	0.535305
-0.837571	-0.712096
-0.013495	0.811626
-1.130629	-0.563541
-0.027218	1.012797
-1.127341	-0.439215
-0.260830	0.963979
-0.820357	-0.278194
-0.293287	0.548688
-0.698028	-0.404726
-0.171785	0.583698
-0.905319	-0.726828
0.033252	0.856585
-1.175842	-0.513055
-0.059100	1.044403
-1.095026	-0.427871
-0.288198	0.920185
-0.776307	-0.220873
-0.307802	0.454764
-0.665118	-0.410600
-0.156162	0.558327
-0.930662	-0.759191
0.089054	0.861055
-1.216001	-0.490570
-0.007285	1.075694
-1.151168	-0.390362
-0.317525	0.953854
-0.753558	-0.120738
-0.389194	0.318000
-0.442364	-1.858421
-0.550470	-0.101079
-0.323390	0.203512
-0.606433	-1.564260
-0.619856	-0.589755
-0.080907	0.579498
-1.042752	-0.742218
0.616946	1.214511
0.201044	0.896743
-1.263300	-0.473279
0.402826	1.279387
0.196635	1.105695
-1.281259	-0.345778
-0.125438	1.135044
-1.027055	-0.365143
-0.341618	0.791912
-0.686212	-0.083350
-0.404959	0.246303
-0.449032	-1.879087
-0.526409	-0.071810
-0.346331	0.164044
-0.579062	-1.678532
-0.583041	-0.474351
-0.108026	0.502763
-1.003703	-0.802170
0.236364	0.834247
-1.259128	-0.525997
0.354537	1.007985
0.414284	1.037016
-1.230323	-0.576659
0.151061	0.709235
-0.815897	-1.048457
-0.223583	0.219929
-0.475685	-0.186413
-0.547054	-1.806884
-0.427222	-0.051228
-0.328433	0.088154
-0.636939	-1.595516
-0.045134	0.583568
-1.085974	-0.722247
0.575984	1.081887
0.241846	0.909510
-1.268886	-0.484806
0.365574	1.123320
0.320526	1.092709
-1.281814	-0.448316
0.302795	1.058483
0.404858	1.123699
-1.247304	-0.531418
0.180300	0.791557
-0.910374	-0.868386
-0.167148	0.418255
-0.579718	-0.321714
-0.525715	-1.729984
-0.355409	0.260163
-0.647776	-0.109739
-0.347915	0.651222
-0.948253	-0.297534
-0.194855	1.163525
-1.306265	-0.259260
0.244002	1.331446
0.165845	1.258466
-1.280002	-0.249816
-0.355830	1.074773
-0.758907	0.009652
-0.586265	0.171095
-0.252744	-1.943829
-0.418204	0.635167
-1.028647	-0.237988
-0.152904	1.324558
-1.310927	-0.062802
-0.529463	1.003500
-0.684118	0.472019
-1.212412	0.083639
-0.310494	1.541176
-0.948133	-0.000260
-0.633661	0.260579
-0.438054	0.836800
-1.157848	-0.276952
-0.014409	1.259113
0.255111	1.588083
-1.318837	-0.191310
-0.260266	1.177342
-0.877925	-0.191266
-0.376762	0.469713
-0.398863	-1.826851
-0.585389	-0.069244
-0.376005	0.190325
-0.519381	-1.786006
-0.548598	-0.264279
-0.188928	0.346108
-0.873305	-0.923435
0.173714	0.757286
-1.241889	-0.550320
0.403703	1.073648
0.337702	1.035660
-1.269510	-0.494813
0.267849	0.921685
0.545870	1.046319
-1.116056	-0.703083
-0.016499	0.588737
-0.661908	-1.585478
-0.328412	0.011176
-0.350427	-0.022522
-0.638847	-1.649105
-0.046971	0.532983
-1.081681	-0.753214
0.296710	0.858756
-1.256298	-0.550305
0.282682	0.840581
-1.052797	-0.777876
-0.071174	0.516136
-0.568147	-0.633346
-0.616162	-1.671249
-0.352627	0.035579
-0.385407	-0.011926
-0.585595	-1.742966
-0.521334	-0.406195
-0.120073	0.397703
-0.984848	-0.874894
0.298668	0.716925
-1.234621	-0.621646
0.237027	0.658221
-0.879178	-1.024224
-0.188700	0.230220
-0.455528	-0.235108
-0.583398	-1.770056
-0.439961	-0.188314
-0.215508	0.185057
-0.834454	-1.080233
0.188436	0.676393
-1.234649	-0.598849
0.364127	0.870975
0.490956	0.863911
-1.149661	-0.701926
0.025341	0.549660
-0.704296	-1.581115
-0.345319	-0.246149
-0.186128	0.078217
-0.894968	-1.112439
-1.199027	-0.722609
0.172284	0.383107
-0.826592	-1.403406
-0.084584	-0.086422
-1.031327	-0.996747
-1.037964	-0.987769
-0.078013	-0.080416
-0.826975	-1.406107
0.170198	0.375954
-1.198139	-0.724710
-0.895016	-1.115190
-0.186369	0.073558
-0.342253	-0.247380
-0.708154	-1.573468
0.031029	0.553255
-1.154224	-0.696444
0.486705	0.874578
0.365941	0.875684
-1.234551	-0.598247
0.187080	0.678116
-0.833442	-1.081270
-0.216065	0.185481
-0.440189	-0.188382
-0.582897	-1.770627
-0.455364	-0.232518
-0.189840	0.227991
-0.877273	-1.025674
0.234832	0.659126
-1.234916	-0.620106
0.301983	0.725006
-0.993133	-0.865597
-0.114363	0.409205
-0.524123	-0.425377
-0.589201	-1.737311
-0.383049	-0.012163
-0.350567	0.033885
-0.619755	-1.664368
-0.571493	-0.665513
-0.066867	0.523167
-1.058299	-0.770733
0.281189	0.848126
-1.257711	-0.544954
0.301078	0.875271
0.550167	0.886130
-1.099265	-0.735972
-0.031080	0.547178
-0.652743	-1.631330
-0.346667	-0.048893
-0.303999	0.017918
-0.700013	-1.490603
0.032357	0.631132
-1.160955	-0.651697
0.507103	1.107423
0.266019	0.968208
-1.275604	-0.466643
0.349521	1.121616
0.328515	1.106967
-1.281221	-0.449763
0.294084	1.040542
0.425581	1.123266
-1.233152	-0.556320
0.147957	0.743671
-0.838353	-0.960384
-0.208856	0.300531
-0.531452	-0.226024
-0.515199	-1.808621
-0.388525	0.153981
-0.550354	-0.046971
-0.414158	-1.884961
-0.395399	0.358170
-0.803505	-0.135319
-0.301756	1.070059
-1.257584	-0.313468
0.132379	1.138819
0.383065	1.378782
-1.281030	-0.416759
0.236465	1.020259
0.476108	1.191630
-1.198248	-0.594422
0.080658	0.695924
-0.750737	-1.157712
-0.259662	0.163691
-0.453748	-0.134329
-0.549061	-1.808043
-0.447345	-0.115977
-0.273407	0.145687
-0.725478	-1.239495
0.053201	0.683976
-1.179945	-0.611053
0.497647	1.225434
0.215047	1.009155
-1.277261	-0.411020
0.395185	1.510677
0.068417	1.135792
-1.217833	-0.324785
-0.356356	0.997598
-0.732808	0.004964
-0.563849	0.167635
-0.277883	-1.977757
-0.423304	0.551960
-0.991840	-0.199159
-0.193951	1.348756
-1.303437	-0.024594
-0.580812	0.912175
-0.661348	0.620947
-1.264062	0.077294
-0.307606	1.439169
-0.918230	-0.030854
-0.576861	0.278638
-0.193255	-2.011626
-0.445351	0.655466
-1.071814	-0.223288
-0.117888	1.366763
0.131680	1.752680
-1.290890	-0.056856
-0.570999	0.887484
-0.649352	0.608312
-1.252824	0.053904
-0.269372	1.459871
-0.953475	-0.074636
-0.522809	0.353177
-0.218529	-2.065692
-0.474624	0.489890
-1.017896	-0.140859
-0.194942	1.462660
-1.246369	0.004800
-0.620892	0.645017
0.119215	-2.044848
-0.574403	0.809348
-1.266082	-0.073516
0.096345	1.626240
-0.070346	1.406581
-1.122873	-0.198997
-0.478729	0.680435
-0.120103	-2.065613
-0.572565	0.399118
-1.056425	-0.049744
-0.202223	1.659484
-0.124233	1.865259
-1.144495	-0.002440
-0.621892	0.444025
-0.499051	0.839479
-1.217193	-0.195666
0.048841	1.363602
0.141110	1.463429
-1.279723	-0.144259
-0.505090	0.954750
-0.663917	0.429423
-1.168574	0.043446
-0.262312	1.624221
-1.004295	-0.024185
-0.601333	0.324307
-0.135123	-1.967278
-0.456554	0.754861
-1.131994	-0.243965
-0.049845	1.327563
0.178444	1.617120
-1.303502	-0.111280
-0.494813	1.019256
-0.688012	0.385702
-1.149179	0.057171
-0.283516	1.669705
-1.001666	0.007688
-0.650726	0.286675
-0.448229	0.898190
-1.206265	-0.257430
0.043469	1.259548
0.254010	1.487147
-1.315169	-0.212978
-0.240927	1.172754
-0.897450	-0.227230
-0.361249	0.529146
-0.610908	-0.108440
-0.340197	0.241453
-0.560462	-1.657775
-0.597602	-0.428074
-0.127183	0.500113
-0.975496	-0.808355
0.202504	0.835898
-1.256624	-0.510589
0.392098	1.137642
0.298715	1.074540
-1.284464	-0.435625
0.328079	1.135702
0.325525	1.133453
-1.284995	-0.433655
0.301918	1.084757
0.381801	1.138440
-1.262535	-0.497608
0.218968	0.868716
0.629268	1.064009
-1.024126	-0.770360
-0.094096	0.544872
-0.602026	-0.533498
-0.592163	-1.627945
-0.334242	0.186775
-0.541341	-0.088281
-0.443490	-1.869075
-0.395275	0.293368
-0.732085	-0.108042
-0.325611	0.906709
-1.109308	-0.394869
-0.049533	1.091330
-1.233992	-0.452033
0.114099	0.915347
-1.016437	-0.714026
-0.101724	0.632300
-0.673350	-0.552097
-0.296722	0.368080
-0.689992	-0.186128
-0.321988	0.718217
-0.955273	-0.350575
-0.178839	1.101726
-1.257203	-0.369549
0.142979	1.046477
0.485820	1.389538
-1.198883	-0.563465
0.074394	0.750588
-0.791016	-0.915388
-0.233067	0.311875
-0.566206	-0.206134
-0.482036	-1.796442
-0.371103	0.298399
-0.709674	-0.120049
-0.328289	0.832167
-1.044539	-0.388011
-0.107761	1.107556
-1.254512	-0.400868
0.144701	0.995629
0.540852	1.449802
-1.137707	-0.630975
0.000136	0.693683
-0.705618	-0.888133
-0.277142	0.238112
-0.542105	-0.144148
-0.470165	-1.842445
-0.389329	0.255052
-0.679483	-0.093718
-0.341393	0.763919
-1.006993	-0.355328
-0.142558	1.139747
-1.285893	-0.330033
0.204699	1.140208
0.363829	1.273354
-1.284174	-0.421793
0.261715	1.041598
0.441874	1.164957
-1.225276	-0.561325
0.128409	0.735946
-0.815760	-0.982923
-0.221466	0.274136
-0.521082	-0.204076
-0.514076	-1.818647
-0.396263	0.129387
-0.525072	-0.031242
-0.429761	-1.898683
-0.410144	0.270987
-0.722488	-0.092977
-0.331362	0.892434
-1.100400	-0.390637
-0.058525	1.101236
-1.245003	-0.433021
0.132085	0.943874
-1.063423	-0.688901
-0.066847	0.654516
-0.674424	-0.651691
-0.293692	0.302859
-0.624376	-0.159220
-0.349447	0.535602
-0.885493	-0.237534
-0.243737	1.140027
-1.297934	-0.264596
0.217013	1.275615
0.220509	1.278416
-1.298930	-0.265274
-0.235324	1.143098
-0.895971	-0.250361
-0.346918	0.558036
-0.631152	-0.157908
-0.297400	0.304722
-0.668123	-0.624138
-0.075196	0.642908
-1.052467	-0.699137
0.135877	0.933842
-1.246051	-0.438600
-0.037132	1.102309
-1.123267	-0.383673
-0.335882	0.911992
-0.723907	-0.072539
-0.437207	0.247700
-0.399172	-1.943539
-0.500429	0.081229
-0.539434	0.036732
-0.379541	-1.929837
-0.411289	0.375340
-0.840870	-0.135667
-0.291386	1.158625
-1.314393	-0.196941
0.242197	1.500158
0.033107	1.270108
-1.198903	-0.254122
-0.453670	0.878999
-0.642696	0.305905
-1.020014	0.002490
-0.266594	1.699567
-1.134695	0.044039
-0.677660	0.378202
-0.488865	0.991692
-1.288303	-0.146022
0.158391	1.473906
0.041748	1.346512
-1.210813	-0.206511
-0.491410	0.839901
-0.622699	0.422547
-1.127717	-0.003913
-0.146256	1.846116
-0.201270	1.695926
-1.064745	-0.035862
-0.589026	0.389318
-0.104424	-2.036419
-0.476179	0.732501
-1.143009	-0.216262
-0.043046	1.370357
0.133897	1.589713
-1.283413	-0.095102
-0.547396	0.904614
-0.650096	0.547913
-1.229281	0.048706
-0.260312	1.504264
-0.973347	-0.068723
-0.535557	0.357740
-0.197478	-2.069103
-0.472401	0.539178
-1.046307	-0.158380
-0.163098	1.460285
0.036529	1.829298
-1.244771	-0.015684
-0.609275	0.665266
0.114054	-2.090675
-0.578148	0.775328
-1.257195	-0.070626
0.080541	1.628214
-0.073719	1.422710
-1.122011	-0.190003
-0.483313	0.666699
-0.117577	-2.076158
-0.567299	0.414430
-1.064954	-0.054872
-0.190542	1.658152
-0.120094	1.827945
-1.143310	-0.010758
-0.613554	0.452514
-0.030504	-1.944937
-0.500308	0.815653
-1.206807	-0.195306
0.034085	1.371121
0.133819	1.481097
-1.277093	-0.135083
-0.517884	0.932543
-0.656327	0.468204
-1.190213	0.043368
-0.258486	1.579801
-0.995379	-0.042848
-0.573836	0.340393
-0.156577	-2.041810
-0.462041	0.668405
-1.097870	-0.212523
-0.094366	1.387899
0.113704	1.678221
-1.278568	-0.063204
-0.575967	0.842233
-0.633815	0.636747
-1.252475	0.027466
-0.230201	1.456098
-0.985128	-0.116826
-0.484698	0.430923
-0.232777	-2.064577
-0.505359	0.373186
-0.954670	-0.089577
-0.262038	1.444013
-1.260846	0.047495
-0.644466	0.641026
-0.582021	0.866400
-1.289946	-0.043490
0.122706	1.855630
-0.139201	1.371343
-1.051616	-0.215427
-0.440599	0.624349
-0.214729	-2.009266
-0.571170	0.255802
-0.879067	-0.027695
-0.322515	1.352890
-1.303407	0.056876
-0.636107	0.820354
-0.647055	0.779528
-1.298603	0.069913
-0.332828	1.363391
-0.875628	-0.007243
-0.604433	0.231530
-0.195983	-1.896154
-0.430146	0.729466
-1.089113	-0.263859
-0.090800	1.303081
0.200507	1.745813
-1.314612	-0.110955
-0.454600	1.081354
-0.715835	0.271126
-1.032992	0.047574
-0.288689	1.817301
-1.090969	0.062411
-0.721535	0.309736
-0.472782	1.104702
-1.325353	-0.055616
-0.238268	1.282766
-0.930365	-0.183040
-0.406569	0.488441
-0.335886	-1.933188
-0.562931	0.073021
-0.573225	0.062013
-0.332589	-1.915572
-0.400985	0.519727
-0.943559	-0.199909
-0.225383	1.283604
-1.324983	-0.062629
-0.465390	1.107750
-0.723884	0.291778
-1.068304	0.058196
-0.278376	1.895661
-1.052910	0.054837
-0.722572	0.280873
-0.460584	1.102891
-1.322691	-0.076807
-0.188359	1.288988
-0.983809	-0.234729
-0.398624	0.594861
-0.305999	-1.886419
-0.590686	0.081039
-0.607265	0.064214
-0.390815	0.642985
-0.998088	-0.262372
-0.170263	1.264862
-1.326007	-0.114645
-0.364055	1.166564
-0.785512	0.036323
-0.648333	0.155856
-0.406453	0.835957
-1.125614	-0.312529
-0.044445	1.216288
-1.318222	-0.240762
-0.039613	1.217288
-1.130480	-0.310344
-0.408587	0.839457
-0.648366	0.163424
-0.798829	0.032843
-0.361946	1.200259
-1.331594	-0.069367
-0.313381	1.231312
-0.845009	-0.070287
-0.493287	0.292099
-0.295321	-2.028157
-0.473523	0.346554
-0.887227	-0.097362
-0.290048	1.300464
-1.321810	-0.005144
-0.551470	1.020125
-0.693945	0.515721
-1.241517	0.113860
-0.352558	1.482388
-0.903722	0.046120
-0.709880	0.194028
-0.422665	1.040977
-1.283632	-0.203377
0.163011	1.348362
0.153127	1.338125
-1.278674	-0.205303
-0.431633	1.025665
-0.701203	0.221234
-0.942789	0.037505
-0.334825	1.573158
-1.196706	0.100209
-0.709768	0.423923
-0.518687	1.075296
-1.326659	-0.012025
-0.311513	1.279063
-0.862553	-0.063388
-0.509667	0.291316
-0.272744	-2.038138
-0.466189	0.411418
-0.944527	-0.121815
-0.253754	1.384471
-1.289753	0.027795
-0.627675	0.778593
0.217604	-2.073592
-0.628021	0.777553
-1.289600	0.028144
-0.254316	1.384582
-0.944136	-0.120674
-0.466904	0.409554
-0.272326	-2.038686
-0.509019	0.293866
-0.864893	-0.064748
-0.310438	1.284006
-1.325743	-0.007980
-0.528875	1.061272
-0.705648	0.451412
-1.212977	0.106947
-0.342425	1.539958
-0.928151	0.041288
-0.705718	0.209878
-0.428189	1.035198
-1.282555	-0.201424
0.160289	1.350472
0.151118	1.341157
-1.277887	-0.203394
-0.436054	1.020565
-0.698006	0.234041
-0.961413	0.035011
-0.324901	1.616383
-1.175778	0.090587
-0.713183	0.395173
-0.507356	1.086019
-1.326946	-0.020080
-0.302047	1.277889
-0.869851	-0.081632
-0.486967	0.317536
-0.290549	-2.032142
-0.481238	0.333519
-0.881811	-0.089608
-0.295054	1.297013
-1.322748	-0.005326
-0.547209	1.028944
-0.696388	0.503014
-1.236850	0.113649
-0.351592	1.491850
-0.907375	0.046204
-0.710780	0.196000
-0.423435	1.044276
-1.285884	-0.198981
0.166800	1.360092
0.141621	1.334938
-1.272955	-0.204586
-0.444335	1.005250
-0.690034	0.259050
-0.994539	0.030466
-0.303330	1.689751
-1.141326	0.071604
-0.710279	0.360432
-0.491483	1.078442
-1.322393	-0.055772
-0.217000	1.294069
-0.955010	-0.204229
-0.403200	0.533330
-0.322595	-1.921282
-0.574232	0.077518
-0.588790	0.062102
-0.319100	-1.882947
-0.395765	0.576467
-0.969853	-0.228256
-0.199954	1.282421
-1.324498	-0.078172
-0.445582	1.118781
-0.731980	0.241611
-0.999503	0.054056
-0.316656	1.739289
-1.120740	0.080939
-0.735117	0.326526
-0.483975	1.143115
-1.332184	0.008537
-0.406955	1.224415
-0.784387	0.136963
-0.844569	0.092201
-0.386466	1.363282
-1.295326	0.109534
-0.669861	0.724553
-0.625007	0.894567
-1.314827	0.062444
-0.364150	1.316335
-0.839464	0.045738
-0.689935	0.167261
-0.410703	0.970697
-1.228788	-0.277078
0.078340	1.210639
0.307591	1.448084
-1.311438	-0.289882
0.320175	1.532711
0.033102	1.201746
-1.194527	-0.295569
-0.413314	0.922061
-0.672440	0.178093
-0.844909	0.035271
-0.358740	1.322925
-1.312990	0.063224
-0.628596	0.879348
-0.665764	0.738900
-1.296856	0.103032
-0.379565	1.360697
-0.847175	0.079217
-0.758579	0.145551
-0.408742	1.157744
-1.328534	-0.076704
-0.243151	1.262447
-0.919806	-0.185129
-0.400475	0.484905
-0.348493	-1.914943
-0.567076	0.044772
-0.530356	0.084170
-0.363330	-1.953422
-0.422159	0.371251
-0.850871	-0.129456
-0.290411	1.187664
-1.324576	-0.152457
-0.119052	1.254625
-1.052401	-0.290876
-0.399772	0.726777
-0.621532	0.119815
-0.698919	0.047327
-0.372149	0.928769
-1.166610	-0.342177
0.004659	1.144566
-1.283147	-0.380696
0.219718	1.065305
0.437972	1.235426
-1.234727	-0.534023
0.141414	0.780438
-0.866829	-0.887717
-0.192047	0.383129
-0.579923	-0.275118
-0.505662	-1.747218
-0.358537	0.295105
-0.691475	-0.123839
-0.332330	0.775376
-1.004904	-0.367335
-0.141880	1.121389
-1.270622	-0.361062
0.172201	1.067270
0.453690	1.316791
-1.226958	-0.533352
0.121680	0.783096
-0.854929	-0.878566
-0.198516	0.386487
-0.589618	-0.269323
-0.498532	-1.728034
-0.354094	0.332962
-0.726575	-0.142348
-0.319238	0.861330
-1.061417	-0.401011
-0.091893	1.090270
-1.234923	-0.435304
0.112324	0.942412
-1.053672	-0.686098
-0.074888	0.663642
-0.685742	-0.629316
-0.288328	0.342916
-0.656695	-0.179585
-0.334484	0.623025
-0.915795	-0.291888
-0.214771	1.125523
-1.283534	-0.308677
0.190137	1.166531
0.338889	1.295610
-1.295470	-0.380391
0.297361	1.181211
0.295628	1.179133
-1.295575	-0.379220
0.340468	1.304705
0.183129	1.166451
-1.281211	-0.305928
-0.232845	1.118543
-0.892603	-0.265869
-0.336377	0.576414
-0.646157	-0.195100
-0.270696	0.353483
-0.717813	-0.709062
-0.044142	0.706213
-1.092656	-0.645189
0.089087	0.975126
-1.223272	-0.418820
-0.168159	1.071086
-0.963459	-0.379286
-0.307403	0.754804
-0.715002	-0.224993
-0.276884	0.426576
-0.710896	-0.589471
-0.093319	0.681089
-1.030035	-0.678736
0.069946	0.936020
-1.208219	-0.448940
-0.136386	1.063077
-1.003242	-0.407501
-0.301027	0.814425
-0.735788	-0.221772
-0.288459	0.434503
-0.692414	-0.525135
-0.117046	0.642134
-0.994753	-0.707610
0.079881	0.909584
-1.213378	-0.462519
-0.089827	1.071506
-1.061939	-0.412953
-0.307065	0.873110
-0.742874	-0.178647
-0.325928	0.385526
-0.631642	-0.375260
-0.159128	0.504685
-0.924494	-0.800570
0.129866	0.838969
-1.235597	-0.498037
0.448614	1.482243
0.098832	1.086651
-1.235642	-0.347682
-0.288448	1.050838
-0.811542	-0.174377
-0.360710	0.413164
-0.453151	-1.754185
-0.592887	-0.178829
-0.263981	0.304121
-0.730017	-0.820577
-0.002158	0.718713
-1.136949	-0.616393
0.107343	1.003276
-1.236031	-0.397623
-0.182016	1.079960
-0.947203	-0.359629
-0.312715	0.721851
-0.701743	-0.220014
-0.274691	0.413323
-0.713709	-0.614678
-0.082746	0.689876
-1.044578	-0.670506
0.072211	0.945468
-1.210335	-0.442193
-0.146728	1.063328
-0.989987	-0.401260
-0.301837	0.797472
-0.730999	-0.226040
-0.283146	0.437205
-0.701280	-0.548428
-0.109271	0.659200
-1.006769	-0.695468
0.073046	0.919397
-1.209398	-0.458407
-0.111013	1.066897
-1.035697	-0.413970
-0.302860	0.849025
-0.741757	-0.201390
-0.306418	0.413450
-0.662479	-0.453767
-0.137135	0.580765
-0.962003	-0.749526
0.107093	0.877555
-1.227557	-0.476165
-0.005308	1.085587
-1.153664	-0.383346
-0.325848	0.950652
-0.744526	-0.096102
-0.415480	0.283623
-0.415369	-1.914302
-0.522362	0.002848
-0.439807	0.100797
-0.465399	-1.889820
-0.479893	-0.005066
-0.405559	0.088058
-0.517952	-1.823781
-0.507967	-0.186671
-0.230680	0.248621
-0.799517	-1.008360
0.116484	0.727100
-1.219413	-0.567417
0.450788	1.179740
0.250405	1.038241
-1.283739	-0.415253
0.373327	1.333276
0.161609	1.141457
-1.271429	-0.314486
-0.254443	1.100985
-0.863060	-0.233301
-0.340897	0.517121
-0.631036	-0.208309
-0.254337	0.358603
-0.748694	-0.778270
-0.008756	0.737016
-1.131569	-0.608372
0.076565	1.004955
-1.216662	-0.403587
-0.217436	1.054896
-0.896549	-0.324404
-0.307457	0.648537
-0.694203	-0.278739
-0.233048	0.472728
-0.791712	-0.713936
-0.026607	0.774665
-1.115204	-0.593200
0.013080	1.000788
-1.165876	-0.430430
-0.244250	1.003121
-0.850594	-0.299046
-0.297333	0.590841
-0.698267	-0.357348
-0.193998	0.547977
-0.865362	-0.729089
0.012612	0.830582
-1.156597	-0.538964
-0.037260	1.030851
-1.117955	-0.430856
-0.277496	0.947285
-0.795842	-0.240968
-0.303455	0.489986
-0.675681	-0.403219
-0.163454	0.563032
-0.918657	-0.750567
0.069061	0.858097
-1.202933	-0.498029
-0.028579	1.065368
-1.129389	-0.405106
-0.307645	0.939141
-0.759676	-0.155033
-0.355276	0.364155
-0.483522	-1.731583
-0.592221	-0.239436
-0.218027	0.361885
-0.818703	-0.878573
0.084567	0.771144
-1.206707	-0.547454
0.478652	1.435424
0.124928	1.056138
-1.248920	-0.363209
-0.222148	1.084414
-0.897297	-0.300883
-0.320085	0.621821
-0.673608	-0.240970
-0.247976	0.420087
-0.762115	-0.723318
-0.029137	0.749586
-1.111260	-0.610807
0.044921	0.994839
-1.192683	-0.420729
-0.226977	1.031589
-0.879123	-0.319826
-0.300966	0.632418
-0.699913	-0.315466
-0.215609	0.512365
-0.825181	-0.720093
-0.011840	0.801948
-1.131810	-0.569014
-0.013460	1.013139
-1.141360	-0.433550
-0.260679	0.976078
-0.823447	-0.273025
-0.297647	0.544754
-0.691159	-0.388723
-0.176344	0.566212
-0.896859	-0.736284
0.037934	0.849840
-1.179270	-0.515398
-0.045899	1.047128
-1.109826	-0.422646
-0.291261	0.931818
-0.775731	-0.207057
-0.317467	0.438050
-0.649413	-0.376162
-0.165229	0.521536
-0.914541	-0.783553
0.101343	0.843805
-1.221904	-0.498241
0.037144	1.079065
-1.190812	-0.370609
-0.316426	0.993181
-0.766104	-0.114482
-0.402462	0.314575
-0.421717	-1.893382
-0.537880	-0.038925
-0.391814	0.141471
-0.515264	-1.812554
-0.526860	-0.217524
-0.213260	0.289287
-0.830566	-0.969097
0.141993	0.739953
-1.230798	-0.558081
0.430444	1.134389
0.285170	1.040124
-1.282469	-0.441721
0.339186	1.149713
0.309433	1.128075
-1.288293	-0.418925
0.321804	1.155955
0.310230	1.147148
-1.290090	-0.410340
0.322824	1.176689
0.291825	1.153025
-1.293598	-0.388351
0.343001	1.288833
0.195173	1.161473
-1.284762	-0.313337
-0.195614	1.130370
-0.940226	-0.314474
-0.334676	0.666384
-0.665062	-0.157672
-0.311700	0.322181
-0.645979	-0.515868
-0.108496	0.590410
-1.005397	-0.743121
0.148057	0.893656
-1.247909	-0.463943
0.051543	1.102449
-1.203513	-0.350566
-0.333743	0.995996
-0.750920	-0.062759
-0.463902	0.246169
-0.361240	-1.981555
-0.482063	0.198143
-0.700801	-0.035269
-0.349598	0.874879
-1.100742	-0.373227
-0.060470	1.128675
-1.271506	-0.386958
0.183527	1.029202
0.491033	1.294303
-1.190545	-0.587496
0.065449	0.716143
-0.754393	-1.021974
-0.254081	0.224678
-0.507266	-0.157942
-0.506129	-1.836531
-0.408289	0.106991
-0.505936	-0.014366
-0.440954	-1.902143
-0.422751	0.205332
-0.651086	-0.058577
-0.355735	0.702061
-0.985886	-0.316765
-0.165702	1.177717
-1.311216	-0.251800
0.261118	1.391363
0.115098	1.248032
-1.254010	-0.249895
-0.414753	1.001123
-0.698979	0.176858
-0.863441	0.045871
-0.361101	1.379157
-1.290576	0.097643
-0.665520	0.710711
-0.617811	0.890028
-1.311871	0.043781
-0.325115	1.330032
-0.869550	-0.027418
-0.568233	0.250957
-0.220944	-2.010844
-0.440130	0.612333
-1.044930	-0.211187
-0.146664	1.375418
-1.288624	-0.037950
-0.587004	0.852970
-0.641124	0.657525
-1.263877	0.041999
-0.255281	1.437068
-0.958411	-0.099336
-0.494713	0.389060
-0.239933	-2.062063
-0.492171	0.396655
-0.962344	-0.103010
-0.251405	1.439793
-1.262496	0.040002
-0.640025	0.654813
-0.585669	0.851457
-1.287302	-0.041343
0.117451	1.835800
-0.139589	1.376826
-1.052253	-0.212005
-0.442659	0.620351
-0.212608	-2.014730
-0.569137	0.262867
-0.887348	-0.030555
-0.318785	1.369696
-1.296582	0.063230
-0.644421	0.774691
0.247732	-2.021008
-0.633415	0.816423
-1.301437	0.049376
-0.306963	1.358337
-0.892438	-0.052771
-0.535846	0.291504
-0.236751	-2.044295
-0.457179	0.512289
