-1.010362	-1.074614
-1.046871	-1.014917
-0.912089	-1.272633
-1.147487	-0.854493
-0.895839	-1.347732
-1.147563	-0.854334
-0.912008	-1.273004
-1.047099	-1.014470
-1.010139	-1.075164
-0.932233	-1.222421
-1.127899	-0.886596
-0.897661	-1.339396
-1.156451	-0.840963
-0.902105	-1.313026
-1.090557	-0.946573
-0.968354	-1.150422
-0.969871	-1.147487
-1.088965	-0.949191
-0.902335	-1.311671
-1.156278	-0.841209
-0.897548	-1.340037
-1.128872	-0.884969
-0.931261	-1.224549
-1.011445	-1.072813
-1.045765	-1.016690
-0.912490	-1.271433
-1.147110	-0.855097
-0.895841	-1.347724
-1.147930	-0.853747
-0.911617	-1.274188
-1.048214	-1.012782
-1.009048	-1.077095
-0.933059	-1.220578
-1.127070	-0.887974
-0.897758	-1.338891
-1.156586	-0.840773
-0.901919	-1.314036
-1.091873	-0.944499
-0.967100	-1.152855
-0.971132	-1.145156
-1.087642	-0.951263
-0.902531	-1.310628
-1.156127	-0.841424
-0.897456	-1.340507
-1.129661	-0.883664
-0.930472	-1.226326
-1.012523	-1.071023
-1.044667	-1.018448
-0.912898	-1.270124
-1.146726	-0.855716
-0.895846	-1.347703
-1.148290	-0.853174
-0.911233	-1.275454
-1.049338	-1.010969
-1.007951	-1.078921
-0.933900	-1.218816
-1.126223	-0.889386
-0.897856	-1.338371
-1.156713	-0.840594
-0.901738	-1.315030
-1.093185	-0.942426
-0.965849	-1.155161
-0.972395	-1.142820
-1.086316	-0.953331
-0.902732	-1.309570
-1.155968	-0.841649
-0.897366	-1.340963
-1.130431	-0.882390
-0.929700	-1.228073
-1.013594	-1.069128
-1.043575	-1.020189
-0.913314	-1.268898
-1.146333	-0.856349
-0.895854	-1.347669
-1.148643	-0.852613
-0.910857	-1.276614
-1.050470	-1.009138
-1.006846	-1.080876
-0.934759	-1.216911
-1.125357	-0.890769
-0.897955	-1.337837
-1.156832	-0.840439
-0.901562	-1.316076
-1.094491	-0.940357
-0.964604	-1.157574
-0.973659	-1.140480
-1.084990	-0.955394
-0.902939	-1.308498
-1.155803	-0.841867
-0.897278	-1.341404
-1.131184	-0.881149
-0.928943	-1.229681
-1.014661	-1.067357
-1.042490	-1.021915
-0.913739	-1.267658
-1.145932	-0.856998
-0.895866	-1.347623
-1.148988	-0.852065
-0.910487	-1.277855
-1.051611	-1.007392
-1.005735	-1.082727
-0.935635	-1.215087
-1.124471	-0.892248
-0.898057	-1.337252
-1.156944	-0.840282
-0.901390	-1.317039
-1.095791	-0.938293
-0.963364	-1.159974
-0.974923	-1.138020
-1.083664	-0.957449
-0.903150	-1.307411
-1.155629	-0.842113
-0.897192	-1.341830
-1.131919	-0.879938
-0.928203	-1.231371
-1.015722	-1.065481
-1.041412	-1.023627
-0.914172	-1.266404
-1.145523	-0.857621
-0.895881	-1.347563
-1.149326	-0.851529
-0.910125	-1.279085
-1.052760	-1.005626
-1.004616	-1.084708
-0.936528	-1.213232
-1.123567	-0.893698
-0.898160	-1.336687
-1.157047	-0.840147
-0.901222	-1.318052
-1.097083	-0.936236
-0.962130	-1.162244
-0.976187	-1.135677
-1.082338	-0.959585
-0.903367	-1.306310
-1.155449	-0.842368
-0.897108	-1.342241
-1.132638	-0.878758
-0.927477	-1.233033
-1.016779	-1.063727
-1.040340	-1.025326
-0.914614	-1.265135
-1.145104	-0.858301
-0.895900	-1.347490
-1.149658	-0.851006
-0.909769	-1.280210
-1.053918	-1.003838
-1.003490	-1.086702
-0.937438	-1.211232
-1.122644	-0.895245
-0.898265	-1.336069
-1.157143	-0.840013
-0.901058	-1.319047
-1.098367	-0.934269
-0.960904	-1.164615
-0.977449	-1.133452
-1.081014	-0.961621
-0.903589	-1.305195
-1.155262	-0.842634
-0.897026	-1.342637
-1.133340	-0.877609
-0.926767	-1.234667
-1.017832	-1.061981
-1.039273	-1.027012
-0.915064	-1.263851
-1.144677	-0.858998
-0.895921	-1.347405
-1.149983	-0.850528
-0.909420	-1.281416
-1.055086	-1.001927
-1.002356	-1.088710
-0.938366	-1.209314
-1.121701	-0.896761
-0.898371	-1.335473
-1.157230	-0.839900
-0.900899	-1.319964
-1.099642	-0.932231
-0.959686	-1.166970
-0.978710	-1.131112
-1.079692	-0.963736
-0.903816	-1.304066
-1.155069	-0.842910
-0.896946	-1.342995
-1.134026	-0.876488
-0.926072	-1.236274
-1.018880	-1.060241
-1.038211	-1.028686
-0.915524	-1.262551
-1.144240	-0.859711
-0.895946	-1.347306
-1.150301	-0.850027
-0.909078	-1.282611
-1.056263	-1.000097
-1.001215	-1.090732
-0.939310	-1.207364
-1.120739	-0.898375
-0.898480	-1.334822
-1.157309	-0.839789
-0.900743	-1.320926
-1.100906	-0.930205
-0.958477	-1.169308
-0.979969	-1.128774
-1.078373	-0.965747
-0.904049	-1.302923
-1.154868	-0.843196
-0.896869	-1.343362
-1.134695	-0.875343
-0.925392	-1.237855
-1.019926	-1.058507
-1.037155	-1.030349
-0.915993	-1.261235
-1.143794	-0.860443
-0.895974	-1.347195
-1.150613	-0.849538
-0.908742	-1.283795
-1.057449	-0.998246
-1.000065	-1.092651
-0.940272	-1.205383
-1.119757	-0.899958
-0.898590	-1.334197
-1.157380	-0.839697
-0.900591	-1.321871
-1.102160	-0.928194
-0.957277	-1.171626
-0.981224	-1.126440
-1.077058	-0.967835
-0.904287	-1.301844
-1.154661	-0.843491
-0.896794	-1.343715
-1.135349	-0.874280
-0.924726	-1.239410
-1.020968	-1.056665
-1.036102	-1.032112
-0.916472	-1.259903
-1.143337	-0.861193
-0.896005	-1.347070
-1.150918	-0.849060
-0.908412	-1.285057
-1.058645	-0.996373
-0.998909	-1.094700
-0.941250	-1.203371
-1.118757	-0.901572
-0.898702	-1.333513
-1.157442	-0.839616
-0.900442	-1.322741
-1.103402	-0.926199
-0.956088	-1.173923
-0.982476	-1.124112
-1.075748	-0.969815
-0.904531	-1.300674
-1.154447	-0.843819
-0.896722	-1.344032
-1.135988	-0.873245
-0.924075	-1.240940
-1.022007	-1.054941
-1.035054	-1.033756
-0.916960	-1.258655
-1.142871	-0.861961
-0.896039	-1.346933
-1.151217	-0.848593
-0.908089	-1.286218
-1.059849	-0.994578
-0.997744	-1.096763
-0.942245	-1.201327
-1.117738	-0.903218
-0.898816	-1.332813
-1.157496	-0.839541
-0.900297	-1.323652
-1.104631	-0.924223
-0.954910	-1.176199
-0.983723	-1.121908
-1.074443	-0.971872
-0.904780	-1.299571
-1.154227	-0.844134
-0.896652	-1.344355
-1.136611	-0.872185
-0.923437	-1.242445
-1.023045	-1.053220
-1.034009	-1.035391
-0.917459	-1.257288
-1.142394	-0.862750
-0.896076	-1.346782
-1.151510	-0.848167
-0.907772	-1.287368
-1.061063	-0.992661
-0.996572	-1.098839
-0.943257	-1.199253
-1.116699	-0.904896
-0.898932	-1.332140
-1.157542	-0.839482
-0.900155	-1.324547
-1.105846	-0.922342
-0.953743	-1.178452
-0.984966	-1.119593
-1.073144	-0.973912
-0.905035	-1.298456
-1.154000	-0.844458
-0.896584	-1.344645
-1.137221	-0.871203
-0.922813	-1.243927
-1.024080	-1.051503
-1.032968	-1.037129
-0.917968	-1.255903
-1.141906	-0.863512
-0.896117	-1.346619
-1.151796	-0.847721
-0.907461	-1.288595
-1.062286	-0.990722
-0.995392	-1.100929
-0.944285	-1.197148
-1.115642	-0.906604
-0.899049	-1.331407
-1.157579	-0.839434
-0.900016	-1.325424
-1.107047	-0.920404
-0.952589	-1.180681
-0.986204	-1.117405
-1.071851	-0.975933
-0.905296	-1.297247
-1.153767	-0.844792
-0.896519	-1.344940
-1.137815	-0.870197
-0.922202	-1.245384
-1.025114	-1.049787
-1.031929	-1.038862
-0.918488	-1.254602
-1.141407	-0.864341
-0.896160	-1.346442
-1.152076	-0.847286
-0.907157	-1.289723
-1.063518	-0.988861
-0.994205	-1.103032
-0.945329	-1.195013
-1.114567	-0.908343
-0.899169	-1.330657
-1.157607	-0.839395
-0.899880	-1.326284
-1.108234	-0.918490
-0.951448	-1.183001
-0.987435	-1.115109
-1.070565	-0.977935
-0.905562	-1.296107
-1.153528	-0.845160
-0.896457	-1.345203
-1.138396	-0.869266
-0.921605	-1.246820
-1.026147	-1.048185
-1.030892	-1.040477
-0.919019	-1.253180
-1.140897	-0.865191
-0.896207	-1.346252
-1.152350	-0.846890
-0.906858	-1.290926
-1.064759	-0.986878
-0.993010	-1.105265
-0.946389	-1.192962
-1.113474	-0.910111
-0.899291	-1.329890
-1.157627	-0.839370
-0.899747	-1.327074
-1.109405	-0.916599
-0.950320	-1.185179
-0.988661	-1.112940
-1.069286	-0.979917
-0.905834	-1.294956
-1.153283	-0.845514
-0.896397	-1.345470
-1.138964	-0.868311
-0.921020	-1.248337
-1.027180	-1.046470
-1.029857	-1.042200
-0.919561	-1.251841
-1.140375	-0.866063
-0.896256	-1.346050
-1.152618	-0.846476
-0.906565	-1.292033
-1.066009	-0.984972
-0.991808	-1.107394
-0.947464	-1.190768
-1.112363	-0.911908
-0.899415	-1.329106
-1.157638	-0.839356
-0.899617	-1.327901
-1.110559	-0.914733
-0.949207	-1.187446
-0.989881	-1.110664
-1.068015	-0.981879
-0.906111	-1.293793
-1.153031	-0.845902
-0.896341	-1.345706
-1.139518	-0.867428
-0.920447	-1.249729
-1.028212	-1.044755
-1.028823	-1.043807
-0.920114	-1.250482
-1.139840	-0.866909
-0.896308	-1.345819
-1.152879	-0.846099
-0.906278	-1.293213
-1.067267	-0.982947
-0.990599	-1.109534
-0.948555	-1.188546
-1.111235	-0.913733
-0.899541	-1.328355
-1.157640	-0.839353
-0.899489	-1.328710
-1.111698	-0.912894
-0.948108	-1.189570
-0.991094	-1.108517
-1.066752	-0.983917
-0.906395	-1.292703
-1.152773	-0.846274
-0.896287	-1.345929
-1.140060	-0.866521
-0.919887	-1.251099
-1.029245	-1.043037
-1.027791	-1.045524
-0.920680	-1.248999
-1.139294	-0.867827
-0.896363	-1.345590
-1.153135	-0.845705
-0.905997	-1.294382
-1.068533	-0.980999
-0.989384	-1.111686
-0.949660	-1.186410
-1.110090	-0.915584
-0.899670	-1.327538
-1.157634	-0.839361
-0.899364	-1.329503
-1.112819	-0.911153
-0.947023	-1.191781
-0.992300	-1.106381
-1.065498	-0.985836
-0.906684	-1.291517
-1.152509	-0.846683
-0.896236	-1.346139
-1.140589	-0.865636
-0.919338	-1.252553
-1.030280	-1.041429
-1.026758	-1.047239
-0.921257	-1.247598
-1.138734	-0.868769
-0.896421	-1.345347
-1.153384	-0.845347
-0.905722	-1.295539
-1.069808	-0.979029
-0.988161	-1.113966
-0.950779	-1.184132
-1.108928	-0.917461
-0.899801	-1.326704
-1.157620	-0.839381
-0.899241	-1.330279
-1.113923	-0.909368
-0.945954	-1.193962
-0.993499	-1.104258
-1.064251	-0.987733
-0.906979	-1.290320
-1.152239	-0.847075
-0.896187	-1.346348
-1.141107	-0.864821
-0.918800	-1.253883
-1.031315	-1.039705
-1.025725	-1.048954
-0.921847	-1.246176
-1.138161	-0.869685
-0.896482	-1.345074
-1.153627	-0.844998
-0.905452	-1.296685
-1.071089	-0.977040
-0.986933	-1.116139
-0.951913	-1.181943
-1.107751	-0.919363
-0.899936	-1.325852
-1.157596	-0.839412
-0.899120	-1.330990
-1.115009	-0.907612
-0.944901	-1.196000
-0.994690	-1.102148
-1.063014	-0.989707
-0.907280	-1.289197
-1.151963	-0.847504
-0.896142	-1.346531
-1.141612	-0.863980
-0.918274	-1.255297
-1.032353	-1.037976
-1.024692	-1.050670
-0.922450	-1.244731
-1.137574	-0.870677
-0.896545	-1.344804
-1.153863	-0.844635
-0.905189	-1.297819
-1.072378	-0.975030
-0.985699	-1.118440
-0.953059	-1.179728
-1.106558	-0.921288
-0.900073	-1.324983
-1.157564	-0.839457
-0.899001	-1.331733
-1.116076	-0.905886
-0.943863	-1.198123
-0.995875	-1.100050
-1.061786	-0.991660
-0.907588	-1.287977
-1.151680	-0.847944
-0.896100	-1.346702
-1.142107	-0.863161
-0.917759	-1.256590
-1.033393	-1.036352
-1.023657	-1.052386
-0.923066	-1.243158
-1.136974	-0.871644
-0.896611	-1.344522
-1.154094	-0.844305
-0.904930	-1.298940
-1.073674	-0.973002
-0.984459	-1.120632
-0.954218	-1.177373
-1.105351	-0.923158
-0.900213	-1.324154
-1.157524	-0.839510
-0.898884	-1.332458
-1.117126	-0.904122
-0.942842	-1.200215
-0.997051	-1.097848
-1.060566	-0.993490
-0.907901	-1.286833
-1.151391	-0.848365
-0.896061	-1.346859
-1.142590	-0.862362
-0.917254	-1.257967
-1.034435	-1.034612
-1.022621	-1.054105
-0.923696	-1.241666
-1.136358	-0.872688
-0.896680	-1.344206
-1.154318	-0.843985
-0.904678	-1.300130
-1.074975	-0.970956
-0.983214	-1.122949
-0.955390	-1.175111
-1.104130	-0.925124
-0.900356	-1.323252
-1.157475	-0.839574
-0.898769	-1.333167
-1.118156	-0.902458
-0.941837	-1.202277
-0.998221	-1.095778
-1.059356	-0.995399
-0.908220	-1.285588
-1.151096	-0.848827
-0.896025	-1.347003
-1.143063	-0.861582
-0.916760	-1.259225
-1.035482	-1.032973
-1.021583	-1.055827
-0.924339	-1.240150
-1.135729	-0.873708
-0.896751	-1.343875
-1.154535	-0.843652
-0.904431	-1.301228
-1.076283	-0.968892
-0.981965	-1.125156
-0.956573	-1.172826
-1.102896	-0.927110
-0.900502	-1.322333
-1.157418	-0.839656
-0.898656	-1.333817
-1.119168	-0.900825
-0.940848	-1.204308
-0.999382	-1.093837
-1.058155	-0.997286
-0.908546	-1.284422
-1.150794	-0.849299
-0.895992	-1.347134
-1.143525	-0.860822
-0.916275	-1.260566
-1.036531	-1.031326
-1.020543	-1.057554
-0.924997	-1.238609
-1.135084	-0.874755
-0.896825	-1.343552
-1.154746	-0.843352
-0.904189	-1.302391
-1.077595	-0.966906
-0.980712	-1.127487
-0.957766	-1.170519
-1.101649	-0.929112
-0.900652	-1.321396
-1.157352	-0.839742
-0.898545	-1.334493
-1.120161	-0.899225
-0.939877	-1.206307
-1.000536	-1.091794
-1.056964	-0.999150
-0.908878	-1.283244
-1.150486	-0.849750
-0.895962	-1.347252
-1.143977	-0.860124
-0.915800	-1.261891
-1.037586	-1.029560
-1.019499	-1.059284
-0.925668	-1.237043
-1.134424	-0.875884
-0.896900	-1.343192
-1.154951	-0.843061
-0.903953	-1.303464
-1.078911	-0.964812
-0.979455	-1.129822
-0.958970	-1.168193
-1.100391	-0.931131
-0.900806	-1.320503
-1.157278	-0.839839
-0.898435	-1.335112
-1.121134	-0.897657
-0.938922	-1.208275
-1.001682	-1.089764
-1.055781	-1.000994
-0.909217	-1.282056
-1.150172	-0.850244
-0.895935	-1.347357
-1.144420	-0.859400
-0.915335	-1.263200
-1.038644	-1.027893
-1.018452	-1.061021
-0.926354	-1.235451
-1.133747	-0.876988
-0.896979	-1.342817
-1.155149	-0.842780
-0.903723	-1.304600
-1.080231	-0.962797
-0.978195	-1.132161
-0.960183	-1.165848
-1.099122	-0.933082
-0.900963	-1.319534
-1.157195	-0.839955
-0.898328	-1.335755
-1.122088	-0.896057
-0.937985	-1.210212
-1.002820	-1.087748
-1.054608	-1.002815
-0.909562	-1.280856
-1.149851	-0.850750
-0.895912	-1.347449
-1.144853	-0.858693
-0.914879	-1.264493
-1.039708	-1.026214
-1.017402	-1.062763
-0.927056	-1.233832
-1.133055	-0.878121
-0.897059	-1.342453
-1.155340	-0.842509
-0.903498	-1.305723
-1.081554	-0.960677
-0.976934	-1.134503
-0.961404	-1.163486
-1.097844	-0.935125
-0.901125	-1.318547
-1.157105	-0.840074
-0.898222	-1.336381
-1.123023	-0.894555
-0.937065	-1.212117
-1.003951	-1.085746
-1.053444	-1.004615
-0.909914	-1.279644
-1.149523	-0.851267
-0.895892	-1.347528
-1.145276	-0.858004
-0.914432	-1.265770
-1.040777	-1.024523
-1.016348	-1.064627
-0.927772	-1.232295
-1.132347	-0.879283
-0.897142	-1.342050
-1.155524	-0.842247
-0.903278	-1.306831
-1.082879	-0.958638
-0.975671	-1.136846
-0.962633	-1.161225
-1.096556	-0.937178
-0.901290	-1.317607
-1.157006	-0.840214
-0.898118	-1.336954
-1.123939	-0.893086
-0.936161	-1.214103
-1.005074	-1.083757
-1.052289	-1.006394
-0.910272	-1.278421
-1.149189	-0.851796
-0.895875	-1.347594
-1.145691	-0.857331
-0.913994	-1.267032
-1.041852	-1.022820
-1.015289	-1.066384
-0.928503	-1.230622
-1.131621	-0.880476
-0.897227	-1.341632
-1.155701	-0.841997
-0.903063	-1.307925
-1.084205	-0.956588
-0.974406	-1.139188
-0.963869	-1.158833
-1.095261	-0.939239
-0.901460	-1.316587
-1.156899	-0.840354
-0.898015	-1.337512
-1.124835	-0.891588
-0.935275	-1.215945
-1.006190	-1.081898
-1.051144	-1.008257
-0.910637	-1.277279
-1.148848	-0.852338
-0.895861	-1.347648
-1.146097	-0.856674
-0.913565	-1.268280
-1.042933	-1.021102
-1.014226	-1.068150
-0.929251	-1.228920
-1.130878	-0.881700
-0.897314	-1.341199
-1.155871	-0.841756
-0.902854	-1.309005
-1.085532	-0.954442
-0.973142	-1.141530
-0.965112	-1.156427
-1.093958	-0.941306
-0.901633	-1.315616
-1.156784	-0.840516
-0.897914	-1.338090
-1.125713	-0.890123
-0.934406	-1.217756
-1.007298	-1.079936
-1.050007	-1.009995
-0.911010	-1.276032
-1.148499	-0.852892
-0.895851	-1.347686
-1.146494	-0.856033
-0.913143	-1.269513
-1.044020	-1.019370
-1.013157	-1.070039
-0.930014	-1.227190
-1.130119	-0.882955
-0.897403	-1.340751
-1.156034	-0.841542
-0.902650	-1.310071
-1.086858	-0.952378
-0.971879	-1.143868
-0.966359	-1.154127
-1.092650	-0.943378
-0.901812	-1.314563
-1.156662	-0.840677
-0.897815	-1.338617
-1.126571	-0.888754
-0.933555	-1.219648
-1.008400	-1.078103
-1.048878	-1.011819
-0.911389	-1.274867
-1.148144	-0.853422
-0.895843	-1.347714
-1.146884	-0.855406
-0.912730	-1.270733
-1.045115	-1.017623
-1.012083	-1.071824
-0.930793	-1.225541
-1.129341	-0.884242
-0.897493	-1.340289
-1.156190	-0.841322
-0.902450	-1.311122
-1.088183	-0.950309
-0.970616	-1.146202
-0.967612	-1.151700
-1.091336	-0.945452
-0.901995	-1.313562
-1.156531	-0.840861
-0.897718	-1.339129
-1.127411	-0.887356
-0.932719	-1.221398
-1.009495	-1.076165
-1.047758	-1.013519
-0.911776	-1.273595
-1.147781	-0.854002
-0.895839	-1.347729
-1.147265	-0.854794
-0.912325	-1.272037
-1.046216	-1.015859
-1.011004	-1.073734
-0.931588	-1.223752
-1.128545	-0.885561
-0.897586	-1.339811
-1.156338	-0.841113
-0.902256	-1.312158
-1.089505	-0.948236
-0.969356	-1.148531
-0.968868	-1.149381
-1.090018	-0.947528
-0.902182	-1.312476
-1.156394	-0.841056
-0.897623	-1.339659
-1.128232	-0.885993
-0.931901	-1.223228
-1.010583	-1.074240
-1.046646	-1.015307
-0.912170	-1.272405
-1.147411	-0.854594
-0.895839	-1.347731
-1.147638	-0.854197
-0.911928	-1.273230
-1.047325	-1.014185
-1.009918	-1.075539
-0.932400	-1.222044
-1.127731	-0.886913
-0.897681	-1.339319
-1.156479	-0.840914
-0.902067	-1.313180
-1.090825	-0.946162
-0.968099	-1.150971
-0.970127	-1.147054
-1.088696	-0.949602
-0.902374	-1.311444
-1.156248	-0.841247
-0.897529	-1.340141
-1.129034	-0.884720
-0.931099	-1.224918
-1.011665	-1.072442
-1.045541	-1.017077
-0.912572	-1.271107
-1.147033	-0.855201
-0.895841	-1.347720
-1.148004	-0.853613
-0.911538	-1.274412
-1.048442	-1.012387
-1.008826	-1.077472
-0.933228	-1.220195
-1.126899	-0.888238
-0.897777	-1.338779
-1.156612	-0.840740
-0.901882	-1.314255
-1.092140	-0.944088
-0.966845	-1.153284
-0.971389	-1.144604
-1.087372	-0.951673
-0.902572	-1.310398
-1.156095	-0.841463
-0.897438	-1.340608
-1.129819	-0.883421
-0.930314	-1.226688
-1.012741	-1.070654
-1.044444	-1.018831
-0.912982	-1.269891
-1.146646	-0.855823
-0.895847	-1.347696
-1.148362	-0.853042
-0.911156	-1.275676
-1.049568	-1.010571
-1.007727	-1.079301
-0.934074	-1.218426
-1.126048	-0.889656
-0.897876	-1.338256
-1.156738	-0.840563
-0.901702	-1.315246
-1.093451	-0.942016
-0.965595	-1.155705
-0.972652	-1.142267
-1.086047	-0.953740
-0.902774	-1.309337
-1.155935	-0.841690
-0.897348	-1.341060
-1.130586	-0.882154
-0.929545	-1.228429
-1.013812	-1.068760
-1.043354	-1.020462
-0.913400	-1.268663
-1.146252	-0.856459
-0.895857	-1.347660
-1.148713	-0.852520
-0.910781	-1.276927
-1.050701	-1.008841
-1.006621	-1.081258
-0.934936	-1.216515
-1.125178	-0.891109
-0.897976	-1.337719
-1.156855	-0.840398
-0.901527	-1.316288
-1.094756	-0.939947
-0.964351	-1.157998
-0.973916	-1.139927
-1.084720	-0.955801
-0.902981	-1.308261
-1.155768	-0.841928
-0.897260	-1.341498
-1.131335	-0.880919
-0.928791	-1.230032
-1.014877	-1.066992
-1.042271	-1.022185
-0.913826	-1.267420
-1.145850	-0.857110
-0.895869	-1.347610
-1.149057	-0.851974
-0.910413	-1.278072
-1.051844	-1.006986
-1.005508	-1.083228
-0.935816	-1.214685
-1.124289	-0.892532
-0.898078	-1.337130
-1.156965	-0.840255
-0.901355	-1.317248
-1.096054	-0.937885
-0.963112	-1.160396
-0.975180	-1.137585
-1.083394	-0.957944
-0.903194	-1.307172
-1.155593	-0.842176
-0.897175	-1.341920
-1.132067	-0.879714
-0.928054	-1.231715
-1.015938	-1.065117
-1.041193	-1.023894
-0.914261	-1.266163
-1.145438	-0.857777
-0.895885	-1.347547
-1.149394	-0.851440
-0.910052	-1.279299
-1.052995	-1.005216
-1.004388	-1.085096
-0.936712	-1.212823
-1.123381	-0.894052
-0.898181	-1.336562
-1.157067	-0.840112
-0.901188	-1.318257
-1.097345	-0.935829
-0.961880	-1.162780
-0.976444	-1.135242
-1.082068	-0.959988
-0.903412	-1.306068
-1.155412	-0.842434
-0.897091	-1.342328
-1.132782	-0.878540
-0.927332	-1.233371
-1.016993	-1.063364
-1.040122	-1.025698
-0.914705	-1.264891
-1.145018	-0.858461
-0.895904	-1.347477
-1.149725	-0.850919
-0.909698	-1.280515
-1.054155	-1.003424
-1.003260	-1.087093
-0.937626	-1.210817
-1.122453	-0.895542
-0.898286	-1.335940
-1.157161	-0.839990
-0.901026	-1.319187
-1.098627	-0.933783
-0.960656	-1.165148
-0.977706	-1.132899
-1.080745	-0.962022
-0.903635	-1.304949
-1.155224	-0.842703
-0.897010	-1.342697
-1.133481	-0.877396
-0.926625	-1.235000
-1.018045	-1.061620
-1.039056	-1.027382
-0.915157	-1.263604
-1.144589	-0.859161
-0.895926	-1.347389
-1.150048	-0.850409
-0.909350	-1.281718
-1.055325	-1.001611
-1.002124	-1.089103
-0.938557	-1.208893
-1.121507	-0.897065
-0.898393	-1.335341
-1.157247	-0.839879
-0.900867	-1.320162
-1.099900	-0.931828
-0.959439	-1.167383
-0.978966	-1.130559
-1.079423	-0.964134
-0.903863	-1.303817
-1.155028	-0.842981
-0.896931	-1.343076
-1.134163	-0.876228
-0.925933	-1.236602
-1.019093	-1.059881
-1.037996	-1.029054
-0.915619	-1.262301
-1.144150	-0.859879
-0.895951	-1.347289
-1.150365	-0.849911
-0.909009	-1.282910
-1.056504	-0.999777
-1.000981	-1.091128
-0.939504	-1.206936
-1.120541	-0.898686
-0.898502	-1.334687
-1.157324	-0.839770
-0.900712	-1.321121
-1.101162	-0.929805
-0.958232	-1.169716
-0.980224	-1.128340
-1.078105	-0.966142
-0.904097	-1.302749
-1.154826	-0.843269
-0.896854	-1.343440
-1.134829	-0.875142
-0.925256	-1.238178
-1.020138	-1.058148
-1.036940	-1.030715
-0.916090	-1.260982
-1.143702	-0.860614
-0.895980	-1.347175
-1.150676	-0.849425
-0.908674	-1.284091
-1.057692	-0.997921
-0.999831	-1.093166
-0.940469	-1.204949
-1.119555	-0.900275
-0.898613	-1.334058
-1.157393	-0.839681
-0.900560	-1.322062
-1.102414	-0.927797
-0.957035	-1.172030
-0.981479	-1.126007
-1.076791	-0.968228
-0.904337	-1.301590
-1.154618	-0.843567
-0.896779	-1.343768
-1.135480	-0.874085
-0.924593	-1.239728
-1.021180	-1.056421
-1.035889	-1.032366
-0.916570	-1.259646
-1.143243	-0.861324
-0.896012	-1.347048
-1.150980	-0.848981
-0.908346	-1.285261
-1.058889	-0.996043
-0.998672	-1.095101
-0.941451	-1.202930
-1.118551	-0.901896
-0.898725	-1.333371
-1.157454	-0.839596
-0.900412	-1.322929
-1.103653	-0.925806
-0.955847	-1.174323
-0.982730	-1.123680
-1.075482	-0.970298
-0.904581	-1.300496
-1.154403	-0.843874
-0.896707	-1.344103
-1.136116	-0.873003
-0.923944	-1.241252
-1.022219	-1.054584
-1.034841	-1.034118
-0.917061	-1.258395
-1.142775	-0.862096
-0.896047	-1.346909
-1.151277	-0.848516
-0.908024	-1.286420
-1.060096	-0.994143
-0.997506	-1.097167
-0.942450	-1.200880
-1.117528	-0.903548
-0.898839	-1.332667
-1.157506	-0.839529
-0.900268	-1.323837
-1.104879	-0.923833
-0.954672	-1.176711
-0.983977	-1.121478
-1.074178	-0.972352
-0.904832	-1.299311
-1.154181	-0.844191
-0.896638	-1.344424
-1.136737	-0.872000
-0.923309	-1.242753
-1.023255	-1.052864
-1.033797	-1.035752
-0.917562	-1.257025
-1.142296	-0.862888
-0.896084	-1.346756
-1.151569	-0.848061
-0.907708	-1.287656
-1.061311	-0.992222
-0.996332	-1.099246
-0.943465	-1.198799
-1.116486	-0.905232
-0.898955	-1.331992
-1.157550	-0.839472
-0.900127	-1.324728
-1.106092	-0.921956
-0.953508	-1.178959
-0.985218	-1.119165
-1.072880	-0.974293
-0.905088	-1.298193
-1.153953	-0.844541
-0.896571	-1.344711
-1.137343	-0.871024
-0.922688	-1.244229
-1.024291	-1.051147
-1.032756	-1.037489
-0.918073	-1.255636
-1.141806	-0.863700
-0.896125	-1.346579
-1.151854	-0.847648
-0.907399	-1.288793
-1.062536	-0.990378
-0.995151	-1.101456
-0.944496	-1.196688
-1.115425	-0.906947
-0.899073	-1.331255
-1.157585	-0.839426
-0.899988	-1.325601
-1.107290	-0.920023
-0.952356	-1.181183
-0.986455	-1.116861
-1.071589	-0.976310
-0.905349	-1.297063
-1.153719	-0.844878
-0.896506	-1.344985
-1.137935	-0.870022
-0.922080	-1.245682
-1.025324	-1.049544
-1.031718	-1.039109
-0.918595	-1.254332
-1.141304	-0.864533
-0.896169	-1.346399
-1.152132	-0.847214
-0.907095	-1.290006
-1.063770	-0.988413
-0.993962	-1.103562
-0.945543	-1.194661
-1.114346	-0.908691
-0.899193	-1.330501
-1.157612	-0.839389
-0.899853	-1.326458
-1.108473	-0.918113
-0.951218	-1.183382
-0.987685	-1.114684
-1.070304	-0.978308
-0.905617	-1.295921
-1.153479	-0.845223
-0.896445	-1.345263
-1.138513	-0.869047
-0.921485	-1.247113
-1.026357	-1.047830
-1.030681	-1.040835
-0.919128	-1.252905
-1.140792	-0.865388
-0.896217	-1.346207
-1.152405	-0.846792
-0.906798	-1.291121
-1.065013	-0.986525
-0.992766	-1.105680
-0.946606	-1.192490
-1.113249	-0.910465
-0.899316	-1.329731
-1.157630	-0.839366
-0.899721	-1.327245
-1.109641	-0.916227
-0.950093	-1.185670
-0.988910	-1.112517
-1.069027	-0.980383
-0.905890	-1.294768
-1.153232	-0.845604
-0.896386	-1.345510
-1.139078	-0.868146
-0.920902	-1.248626
-1.027390	-1.046115
-1.029647	-1.042556
-0.919672	-1.251562
-1.140267	-0.866217
-0.896266	-1.346001
-1.152672	-0.846407
-0.906506	-1.292310
-1.066264	-0.984516
-0.991563	-1.107811
-0.947685	-1.190290
-1.112135	-0.912268
-0.899440	-1.328993
-1.157639	-0.839354
-0.899591	-1.328068
-1.110792	-0.914366
-0.948982	-1.187816
-0.990128	-1.110243
-1.067758	-0.982340
-0.906169	-1.293603
-1.152979	-0.845968
-0.896329	-1.345744
-1.139630	-0.867220
-0.920332	-1.250013
-1.028423	-1.044399
-1.028613	-1.044163
-0.920228	-1.250199
-1.139730	-0.867116
-0.896319	-1.345782
-1.152932	-0.846005
-0.906221	-1.293488
-1.067524	-0.982585
-0.990352	-1.109953
-0.948778	-1.188177
-1.111003	-0.914098
-0.899567	-1.328189
-1.157640	-0.839354
-0.899464	-1.328874
-1.111927	-0.912532
-0.947886	-1.190050
-0.991340	-1.108098
-1.066496	-0.984276
-0.906453	-1.292426
-1.152720	-0.846369
-0.896276	-1.345979
-1.140169	-0.866365
-0.919774	-1.251379
-1.029456	-1.042681
-1.027580	-1.045880
-0.920796	-1.248711
-1.139181	-0.868039
-0.896375	-1.345535
-1.153186	-0.845640
-0.905941	-1.294655
-1.068792	-0.980632
-0.989135	-1.112225
-0.949887	-1.185921
-1.109855	-0.915954
-0.899697	-1.327368
-1.157632	-0.839364
-0.899339	-1.329663
-1.113045	-0.910725
-0.946804	-1.192255
-0.992544	-1.105966
-1.065243	-0.986191
-0.906744	-1.291238
-1.152455	-0.846753
-0.896226	-1.346186
-1.140696	-0.865484
-0.919228	-1.252829
-1.030490	-1.041072
-1.026548	-1.047595
-0.921376	-1.247306
-1.138618	-0.868937
-0.896433	-1.345289
-1.153434	-0.845258
-0.905667	-1.295809
-1.070068	-0.978658
-0.987912	-1.114390
-0.951009	-1.183753
-1.108690	-0.917836
-0.899829	-1.326531
-1.157616	-0.839386
-0.899216	-1.330435
-1.114145	-0.908947
-0.945739	-1.194316
-0.993742	-1.103845
-1.063999	-0.988182
-0.907040	-1.290124
-1.152183	-0.847174
-0.896178	-1.346380
-1.141211	-0.864627
-0.918692	-1.254156
-1.031526	-1.039347
-1.025515	-1.049310
-0.921969	-1.245880
-1.138043	-0.869908
-0.896495	-1.345030
-1.153675	-0.844912
-0.905398	-1.296952
-1.071351	-0.976664
-0.986682	-1.116565
-0.952145	-1.181443
-1.107510	-0.919743
-0.899963	-1.325676
-1.157591	-0.839419
-0.899095	-1.331144
-1.115227	-0.907198
-0.944688	-1.196463
-0.994932	-1.101620
-1.062763	-0.990053
-0.907342	-1.288913
-1.151906	-0.847577
-0.896133	-1.346561
-1.141714	-0.863791
-0.918168	-1.255566
-1.032564	-1.037617
-1.024481	-1.051025
-0.922575	-1.244430
-1.137453	-0.870855
-0.896559	-1.344740
-1.153911	-0.844575
-0.905136	-1.298083
-1.072641	-0.974651
-0.985447	-1.118868
-0.953294	-1.179223
-1.106314	-0.921672
-0.900101	-1.324803
-1.157557	-0.839466
-0.898977	-1.331883
-1.116291	-0.905478
-0.943654	-1.198579
-0.996115	-1.099525
-1.061537	-0.992001
-0.907651	-1.287777
-1.151622	-0.848019
-0.896092	-1.346728
-1.142206	-0.862976
-0.917655	-1.256855
-1.033605	-1.035993
-1.023447	-1.052742
-0.923193	-1.242852
-1.136850	-0.871878
-0.896625	-1.344454
-1.154140	-0.844224
-0.904879	-1.299202
-1.073938	-0.972618
-0.984206	-1.121061
-0.954456	-1.176979
-1.105104	-0.923546
-0.900242	-1.323970
-1.157515	-0.839522
-0.898860	-1.332605
-1.117337	-0.903789
-0.942636	-1.200665
-0.997290	-1.097443
-1.060319	-0.993927
-0.907965	-1.286542
-1.151331	-0.848472
-0.896053	-1.346883
-1.142687	-0.862225
-0.917153	-1.258228
-1.034648	-1.034250
-1.022410	-1.054462
-0.923826	-1.241355
-1.136232	-0.872876
-0.896694	-1.344135
-1.154362	-0.843906
-0.904627	-1.300309
-1.075241	-0.970568
-0.982961	-1.123380
-0.955630	-1.174712
-1.103880	-0.925517
-0.900386	-1.323065
-1.157464	-0.839588
-0.898746	-1.333267
-1.118364	-0.902132
-0.941634	-1.202720
-0.998457	-1.095375
-1.059111	-0.995831
-0.908286	-1.285385
-1.151035	-0.848905
-0.896018	-1.347025
-1.143158	-0.861450
-0.916660	-1.259584
-1.035695	-1.032610
-1.021372	-1.056185
-0.924472	-1.239834
-1.135599	-0.873954
-0.896766	-1.343823
-1.154579	-0.843597
-0.904381	-1.301483
-1.076549	-0.968502
-0.981710	-1.125706
-0.956815	-1.172423
-1.102643	-0.927506
-0.900533	-1.322142
-1.157405	-0.839671
-0.898633	-1.333956
-1.119371	-0.900506
-0.940649	-1.204745
-0.999617	-1.093321
-1.057912	-0.997612
-0.908613	-1.284216
-1.150732	-0.849379
-0.895986	-1.347154
-1.143618	-0.860693
-0.916178	-1.260821
-1.036746	-1.030961
-1.020330	-1.057912
-0.925132	-1.238289
-1.134951	-0.875007
-0.896840	-1.343475
-1.154788	-0.843299
-0.904141	-1.302566
-1.077862	-0.966512
-0.980456	-1.127920
-0.958010	-1.170112
-1.101394	-0.929512
-0.900683	-1.321202
-1.157337	-0.839760
-0.898522	-1.334629
-1.120360	-0.898912
-0.939681	-1.206738
-1.000770	-1.091397
-1.056722	-0.999472
-0.908947	-1.283037
-1.150423	-0.849865
-0.895956	-1.347270
-1.144068	-0.859955
-0.915705	-1.262142
-1.037801	-1.029193
-1.019286	-1.059644
-0.925807	-1.236717
-1.134287	-0.876088
-0.896916	-1.343112
-1.154992	-0.843010
-0.903906	-1.303713
-1.079180	-0.964415
-0.979199	-1.130256
-0.959216	-1.167782
-1.100134	-0.931533
-0.900838	-1.320306
-1.157261	-0.839867
-0.898413	-1.335245
-1.121330	-0.897350
-0.938730	-1.208699
-1.001914	-1.089370
-1.055542	-1.001311
-0.909287	-1.281846
-1.150107	-0.850361
-0.895930	-1.347373
-1.144509	-0.859235
-0.915242	-1.263448
-1.038860	-1.027524
-1.018239	-1.061381
-0.926496	-1.235120
-1.133608	-0.877198
-0.896995	-1.342758
-1.155188	-0.842730
-0.903677	-1.304847
-1.080500	-0.962306
-0.977939	-1.132596
-0.960430	-1.165434
-1.098863	-0.933486
-0.900996	-1.319333
-1.157177	-0.839978
-0.898306	-1.335885
-1.122280	-0.895757
-0.937796	-1.210629
-1.003051	-1.087357
-1.054371	-1.003231
-0.909633	-1.280644
-1.149785	-0.850870
-0.895908	-1.347463
-1.144940	-0.858532
-0.914787	-1.264737
-1.039925	-1.025843
-1.017188	-1.063125
-0.927200	-1.233604
-1.132912	-0.878392
-0.897076	-1.342367
-1.155378	-0.842461
-0.903452	-1.305966
-1.081824	-0.960275
-0.976677	-1.134938
-0.961654	-1.163068
-1.097582	-0.935531
-0.901158	-1.318342
-1.157085	-0.840098
-0.898200	-1.336470
-1.123211	-0.894262
-0.936879	-1.212528
-1.004180	-1.085357
-1.053209	-1.005027
-0.909986	-1.279430
-1.149456	-0.851355
-0.895888	-1.347540
-1.145361	-0.857847
-0.914342	-1.266012
-1.040995	-1.024150
-1.016133	-1.064990
-0.927919	-1.231953
-1.132200	-0.879561
-0.897159	-1.341960
-1.155560	-0.842202
-0.903234	-1.306998
-1.083149	-0.958233
-0.975413	-1.137281
-0.962884	-1.160687
-1.096293	-0.937586
-0.901324	-1.317399
-1.156985	-0.840240
-0.898097	-1.337077
-1.124123	-0.892736
-0.935980	-1.214395
-1.005302	-1.083371
-1.052056	-1.006802
-0.910346	-1.278205
-1.149120	-0.851887
-0.895872	-1.347604
-1.145774	-0.857177
-0.913906	-1.267271
-1.042071	-1.022443
-1.015073	-1.066749
-0.928654	-1.230274
-1.131471	-0.880760
-0.897244	-1.341539
-1.155736	-0.841953
-0.903020	-1.308090
-1.084475	-0.956093
-0.974149	-1.139624
-0.964122	-1.158409
-1.094996	-0.939648
-0.901495	-1.316376
-1.156876	-0.840382
-0.897994	-1.337631
-1.125015	-0.891308
-0.935097	-1.216343
-1.006416	-1.081515
-1.050912	-1.008556
-0.910713	-1.276967
-1.148777	-0.852431
-0.895859	-1.347655
-1.146178	-0.856524
-0.913478	-1.268516
-1.043153	-1.020723
-1.014009	-1.068517
-0.929404	-1.228566
-1.130725	-0.881991
-0.897332	-1.341103
-1.155905	-0.841714
-0.902812	-1.309167
-1.085802	-0.954034
-0.972885	-1.141964
-0.965365	-1.156001
-1.093692	-0.941717
-0.901669	-1.315402
-1.156760	-0.840546
-0.897894	-1.338206
-1.125889	-0.889850
-0.934232	-1.218148
-1.007523	-1.079555
-1.049776	-1.010395
-0.911086	-1.275811
-1.148428	-0.852987
-0.895849	-1.347693
-1.146574	-0.855925
-0.913059	-1.269747
-1.044242	-1.018988
-1.012939	-1.070408
-0.930171	-1.226940
-1.129962	-0.883253
-0.897421	-1.340652
-1.156066	-0.841486
-0.902609	-1.310231
-1.087128	-0.951969
-0.971622	-1.144302
-0.966614	-1.153582
-1.092383	-0.943789
-0.901849	-1.314345
-1.156636	-0.840722
-0.897795	-1.338730
-1.126743	-0.888487
-0.933383	-1.220034
-1.008623	-1.077609
-1.048650	-1.012110
-0.911467	-1.274549
-1.148071	-0.853556
-0.895842	-1.347718
-1.146962	-0.855301
-0.912647	-1.270964
-1.045338	-1.017238
-1.011864	-1.072194
-0.930953	-1.225175
-1.129180	-0.884488
-0.897512	-1.340186
-1.156220	-0.841268
-0.902410	-1.311350
-1.088452	-0.949899
-0.970360	-1.146753
-0.967867	-1.151270
-1.091068	-0.945864
-0.902032	-1.313341
-1.156504	-0.840895
-0.897699	-1.339239
-1.127579	-0.887096
-0.932552	-1.221777
-1.009717	-1.075790
-1.047531	-1.013912
-0.911856	-1.273370
-1.147706	-0.854138
-0.895839	-1.347730
-1.147341	-0.854692
-0.912244	-1.272265
-1.046441	-1.015577
-1.010783	-1.074107
-0.931752	-1.223380
-1.128381	-0.885814
-0.897605	-1.339705
-1.156367	-0.841076
-0.902217	-1.312383
-1.089774	-0.947826
-0.969100	-1.149081
-0.969124	-1.148949
-1.089749	-0.947939
-0.902221	-1.312321
-1.156365	-0.841092
-0.897604	-1.339734
-1.128396	-0.885739
-0.931737	-1.223601
-1.010804	-1.073867
-1.046420	-1.015696
-0.912251	-1.272081
-1.147334	-0.854734
-0.895839	-1.347730
-1.147713	-0.854097
-0.911848	-1.273456
-1.047552	-1.013793
-1.009696	-1.075914
-0.932567	-1.221666
-1.127564	-0.887173
-0.897700	-1.339210
-1.156507	-0.840880
-0.902029	-1.313402
-1.091093	-0.945751
-0.967843	-1.151401
-0.970384	-1.146504
-1.088427	-0.950012
-0.902414	-1.311217
-1.156218	-0.841300
-0.897510	-1.340213
-1.129195	-0.884414
-0.930938	-1.225285
-1.011884	-1.072070
-1.045317	-1.017356
-0.912655	-1.270876
-1.146955	-0.855344
-0.895842	-1.347717
-1.148077	-0.853515
-0.911460	-1.274730
-1.048671	-1.011992
-1.008602	-1.077850
-0.933399	-1.219811
-1.126727	-0.888565
-0.897797	-1.338666
-1.156638	-0.840695
-0.901845	-1.314473
-1.092407	-0.943677
-0.966590	-1.153830
-0.971645	-1.144170
-1.087103	-0.952083
-0.902612	-1.310167
-1.156063	-0.841503
-0.897419	-1.340708
-1.129976	-0.883122
-0.930156	-1.227049
-1.012959	-1.070169
-1.044222	-1.019107
-0.913067	-1.269658
-1.146567	-0.855969
-0.895849	-1.347691
-1.148434	-0.852947
-0.911079	-1.275896
-1.049798	-1.010277
-1.007502	-1.079681
-0.934248	-1.218036
-1.125873	-0.889929
-0.897896	-1.338140
-1.156762	-0.840533
-0.901666	-1.315461
-1.093717	-0.941606
-0.965342	-1.156132
-0.972909	-1.141833
-1.085777	-0.954149
-0.902816	-1.309103
-1.155902	-0.841732
-0.897330	-1.341157
-1.130740	-0.881919
-0.929390	-1.228784
-1.014029	-1.068393
-1.043133	-1.020842
-0.913486	-1.268427
-1.146171	-0.856608
-0.895859	-1.347652
-1.148784	-0.852391
-0.910706	-1.277145
-1.050933	-1.008438
-1.006395	-1.081641
-0.935114	-1.216118
-1.124999	-0.891388
-0.897996	-1.337599
-1.156878	-0.840370
-0.901491	-1.316499
-1.095021	-0.939538
-0.964098	-1.158540
-0.974173	-1.139492
-1.084450	-0.956208
-0.903024	-1.308024
-1.155733	-0.841972
-0.897243	-1.341591
-1.131485	-0.880690
-0.928640	-1.230381
-1.015093	-1.066626
-1.042051	-1.022562
-0.913914	-1.267181
-1.145767	-0.857263
-0.895872	-1.347601
-1.149127	-0.851848
-0.910339	-1.278288
-1.052077	-1.006683
-1.005281	-1.083614
-0.935997	-1.214281
-1.124106	-0.892818
-0.898098	-1.337007
-1.156987	-0.840229
-0.901321	-1.317456
-1.096318	-0.937476
-0.962861	-1.160935
-0.975437	-1.137149
-1.083124	-0.958349
-0.903238	-1.306931
-1.155557	-0.842222
-0.897157	-1.341984
-1.132214	-0.879436
-0.927906	-1.232059
-1.016153	-1.064753
-1.040975	-1.024268
-0.914351	-1.265921
-1.145354	-0.857934
-0.895888	-1.347536
-1.149462	-0.851317
-0.909979	-1.279513
-1.053230	-1.004908
-1.004159	-1.085484
-0.936897	-1.212413
-1.123194	-0.894344
-0.898202	-1.336436
-1.157087	-0.840088
-0.901155	-1.318462
-1.097607	-0.935422
-0.961630	-1.163198
-0.976701	-1.134806
-1.081799	-0.960391
-0.903457	-1.305824
-1.155374	-0.842482
-0.897074	-1.342390
-1.132926	-0.878268
-0.927187	-1.233709
-1.017208	-1.063002
-1.039905	-1.025962
-0.914796	-1.264647
-1.144932	-0.858580
-0.895908	-1.347458
-1.149791	-0.850799
-0.909626	-1.280727
-1.054392	-1.003009
-1.003029	-1.087484
-0.937814	-1.210514
-1.122262	-0.895841
-0.898308	-1.335850
-1.157179	-0.839968
-0.900993	-1.319388
-1.098887	-0.933378
-0.960408	-1.165563
-0.977963	-1.132464
-1.080475	-0.962513
-0.903681	-1.304703
-1.155184	-0.842752
-0.896993	-1.342781
-1.133621	-0.877131
-0.926483	-1.235333
-1.018259	-1.061259
-1.038840	-1.027643
-0.915250	-1.263356
-1.144500	-0.859283
-0.895931	-1.347367
-1.150113	-0.850325
-0.909280	-1.281928
-1.055564	-1.001192
-1.001892	-1.089497
-0.938748	-1.208470
-1.121312	-0.897436
-0.898415	-1.335209
-1.157263	-0.839850
-0.900835	-1.320360
-1.100158	-0.931426
-0.959193	-1.167911
-0.979223	-1.130125
-1.079155	-0.964532
-0.903910	-1.303645
-1.154988	-0.843032
-0.896915	-1.343156
-1.134300	-0.876022
-0.925794	-1.236929
-1.019306	-1.059522
-1.037781	-1.029421
-0.915714	-1.262051
-1.144060	-0.860004
-0.895957	-1.347264
-1.150429	-0.849829
-0.908940	-1.283118
-1.056745	-0.999354
-1.000748	-1.091525
-0.939699	-1.206507
-1.120342	-0.898998
-0.898524	-1.334551
