-0.053769	0.580638
-1.076063	-0.728596
0.585349	1.093589
0.234696	0.905428
-1.268103	-0.483443
0.372394	1.145236
0.300761	1.095296
-1.286417	-0.426781
0.328352	1.155151
0.308792	1.140442
-1.289697	-0.412113
0.323868	1.175757
0.292589	1.151566
-1.293374	-0.389816
0.342200	1.281986
0.200533	1.160682
-1.286274	-0.316053
-0.179685	1.134667
-0.960709	-0.329589
-0.336492	0.698204
-0.669773	-0.136110
-0.335098	0.299874
-0.548265	-1.611834
-0.610003	-0.401139
-0.141171	0.499519
-0.953724	-0.809385
0.174467	0.836910
-1.250990	-0.502534
0.418040	1.252452
0.212564	1.086455
-1.283624	-0.364281
-0.049759	1.143300
-1.113509	-0.360521
-0.361926	0.876133
-0.690978	0.007911
-0.546053	0.152316
-0.306910	-1.982227
-0.426410	0.475858
-0.946902	-0.167116
-0.234880	1.331171
-1.311656	-0.013221
-0.575155	0.950197
-0.673714	0.593665
-1.261769	0.096848
-0.334737	1.442963
-0.901245	0.010960
-0.644077	0.224856
-0.427208	0.855400
-1.159157	-0.289774
-0.010903	1.236313
0.280662	1.599316
-1.319087	-0.222830
-0.143725	1.200940
-1.015943	-0.315777
-0.369799	0.724806
-0.643911	0.004557
-0.513863	0.141037
-0.351068	-1.976948
-0.438500	0.342812
-0.840679	-0.111421
-0.299640	1.182329
-1.323889	-0.152940
-0.108344	1.257826
-1.064433	-0.290724
-0.404719	0.738457
-0.621369	0.140670
-0.735178	0.035639
-0.366257	1.027071
-1.247735	-0.289497
0.110512	1.180880
0.338459	1.405619
-1.301978	-0.344395
0.297918	1.260453
0.224168	1.197323
-1.294410	-0.308959
-0.144633	1.150913
-1.006370	-0.346555
-0.346692	0.753581
-0.671865	-0.076203
-0.407816	0.232571
-0.450799	-1.881087
-0.522131	-0.067051
-0.349913	0.157872
-0.575340	-1.691223
-0.577649	-0.457122
-0.112496	0.489737
-0.997037	-0.812494
0.240251	0.823605
-1.257696	-0.534192
0.346979	0.975239
0.443146	1.016658
-1.206895	-0.614747
0.105584	0.650326
-0.754663	-1.347064
-0.271073	0.031262
-0.344234	-0.090490
-0.668471	-1.613804
-0.013341	0.554708
-1.117182	-0.720583
0.533156	0.912805
0.312283	0.885202
-1.256375	-0.548389
0.268110	0.826666
-1.026668	-0.798048
-0.091246	0.499954
-0.568316	-0.527575
-0.596853	-1.687079
-0.353482	0.085667
-0.440231	-0.033051
-0.523852	-1.833661
-0.466157	-0.103498
-0.290237	0.151741
-0.689109	-1.340081
0.009512	0.665843
-1.144570	-0.642566
0.533035	1.271283
0.192134	0.985851
-1.270235	-0.415732
0.028019	1.127623
-1.185943	-0.343529
-0.359801	0.960244
-0.718107	0.011294
-0.567696	0.157078
-0.280471	-1.968631
-0.420015	0.559743
-0.992000	-0.204845
-0.192013	1.341215
-1.306448	-0.030439
-0.571018	0.936926
-0.667735	0.589458
-1.257096	0.085180
-0.315904	1.453032
-0.916922	-0.015320
-0.601976	0.259866
-0.178750	-1.930153
-0.438031	0.733613
-1.100386	-0.257659
-0.080839	1.312862
0.191776	1.698164
-1.310978	-0.107341
-0.475278	1.055850
-0.702958	0.327854
-1.099282	0.051849
-0.276195	1.790883
-1.034735	0.033649
-0.691378	0.285124
-0.455029	1.016541
-1.284492	-0.179159
0.159072	1.397111
0.107419	1.344092
-1.254751	-0.197518
-0.478082	0.939566
-0.659577	0.363728
-1.104573	0.022520
-0.196900	1.938998
-0.236468	1.765491
-1.054423	0.003117
-0.641361	0.333559
-0.463302	0.882173
-1.209087	-0.240556
0.044835	1.287272
0.222776	1.478567
-1.310027	-0.184814
-0.350230	1.128436
-0.781321	-0.000694
-0.578720	0.188869
-0.249059	-1.967885
-0.423743	0.617776
-1.027164	-0.226461
-0.157513	1.341077
-1.304848	-0.048996
-0.557638	0.950287
-0.669287	0.554930
-1.244665	0.081926
-0.308192	1.477724
-0.930057	-0.019893
-0.597354	0.272034
-0.175001	-1.958532
-0.441644	0.723168
-1.099354	-0.250643
-0.083434	1.324076
0.179536	1.693650
-1.307083	-0.097512
-0.501197	1.022292
-0.689066	0.400100
-1.163114	0.063749
-0.290684	1.640296
-0.989360	0.005749
-0.647395	0.279941
-0.445565	0.886397
-1.196144	-0.263855
0.030853	1.255900
0.258694	1.508166
-1.316341	-0.212618
-0.228192	1.178178
-0.913113	-0.244947
-0.358352	0.561521
-0.619744	-0.105133
-0.348024	0.242335
-0.545902	-1.695969
-0.587235	-0.379771
-0.143025	0.463619
-0.950326	-0.835874
0.201121	0.812448
-1.253634	-0.524006
0.388555	1.095090
0.330931	1.059403
-1.274783	-0.476012
0.282435	0.974380
0.490735	1.088326
-1.174851	-0.640312
0.051165	0.636697
-0.714072	-1.463414
-0.297294	0.008343
-0.335641	-0.054013
-0.670255	-1.597043
-0.008603	0.573210
-1.122685	-0.707264
0.533621	0.980297
0.295490	0.907103
-1.263591	-0.523330
0.297826	0.911196
0.529129	0.983482
-1.127422	-0.702996
-0.003604	0.576037
-0.674374	-1.591471
-0.334339	-0.060703
-0.291010	0.009194
-0.724531	-1.436734
0.065299	0.640518
-1.184390	-0.631846
0.478704	1.074827
0.295363	0.977596
-1.273230	-0.484800
0.315011	1.011306
0.437923	1.079541
-1.218830	-0.586475
0.122935	0.694265
-0.782778	-1.133915
-0.243769	0.163975
-0.441962	-0.150244
-0.567724	-1.787534
-0.455939	-0.189987
-0.216999	0.202582
-0.829976	-1.063986
0.176698	0.691494
-1.234535	-0.588832
0.382093	0.930614
0.442741	0.945117
-1.197666	-0.639567
0.094256	0.611349
-0.745813	-1.450542
-0.293333	-0.099110
-0.259066	-0.035931
-0.788609	-1.325422
0.155303	0.610462
-1.219930	-0.631361
0.379082	0.822473
0.495388	0.734540
-1.135717	-0.726185
0.010242	0.519976
-0.697763	-1.604245
-0.361899	-0.319112
-0.159751	0.120819
-0.932566	-1.058469
-1.174310	-0.766480
0.105420	0.304088
-0.824551	-1.453030
0.033010	0.181403
-1.131472	-0.840730
-0.958864	-1.060346
-0.143547	0.054131
-0.757943	-1.497854
0.096450	0.545273
-1.192133	-0.674000
0.417988	0.780753
0.464349	0.730110
-1.157084	-0.712472
0.039211	0.516367
-0.724208	-1.572194
-0.118980	0.143907
-0.988293	-1.001724
-1.118482	-0.849245
0.011324	0.224883
-0.801326	-1.485332
0.091796	0.378497
-1.174259	-0.749736
-0.986673	-0.944488
-0.118789	0.276584
-0.438976	-0.418028
-0.643107	-1.700499
-0.453439	-0.491416
-0.103395	0.312436
-1.007324	-0.913068
-1.172536	-0.747055
0.085004	0.394438
-0.793490	-1.496521
0.005178	0.235241
-1.114463	-0.851261
-0.998001	-0.984830
-0.111043	0.167979
-0.717997	-1.586145
0.027184	0.501221
-1.147483	-0.726082
0.417759	0.750443
-1.188614	-0.682387
0.091722	0.532582
-0.758102	-1.507686
-0.123622	0.079607
-0.983970	-1.026871
-1.107409	-0.873265
-0.001081	0.168638
-0.810606	-1.466584
0.112579	0.376458
-1.182339	-0.742101
-0.959674	-0.983495
-0.138342	0.233015
-0.422192	-0.351766
-0.644810	-1.696402
-0.085405	0.357525
-1.030789	-0.876144
-1.177165	-0.732527
0.088958	0.426889
-0.786177	-1.502139
-0.017271	0.208632
-1.095835	-0.878034
-1.010507	-0.977469
-0.100980	0.157897
-0.734443	-1.560898
0.049082	0.507459
-1.162917	-0.711700
0.451091	0.694031
0.438044	0.720898
-1.173193	-0.700834
0.065086	0.515514
-0.744496	-1.542207
-0.102927	0.135949
-1.008381	-0.986115
-1.091965	-0.886919
-0.021208	0.190281
-0.790219	-1.494016
0.097115	0.427115
-1.180810	-0.728817
-1.020261	-0.887828
-0.093666	0.347826
-0.470110	-0.546867
-0.638816	-1.703857
-0.423437	-0.327820
-0.145664	0.227757
-0.948999	-0.992316
-1.190747	-0.728080
0.132228	0.398625
-0.812296	-1.452753
-0.031398	0.100570
-1.081536	-0.915640
-0.999259	-1.022708
-0.112135	0.033959
-0.789115	-1.455653
0.133611	0.501015
-1.201438	-0.686851
0.362327	0.621251
-1.038907	-0.847555
-0.079675	0.404351
-0.633712	-1.702448
-0.400186	-0.214246
-0.196618	0.151008
-0.871396	-1.087715
0.247314	0.591646
-1.225186	-0.654199
0.264164	0.604940
-0.894757	-1.032278
-0.180304	0.210643
-0.434308	-0.247457
-0.607587	-1.742073
-0.458524	-0.324810
-0.145441	0.278407
-0.947945	-0.963226
0.311176	0.552037
-1.210543	-0.685748
0.178404	0.493489
-0.812470	-1.379330
-0.168089	-0.080168
-0.932391	-1.123665
-1.144763	-0.829352
-0.843539	-1.427440
-1.167691	-0.790381
-0.909536	-1.152806
-0.184523	-0.076861
-0.807276	-1.377737
0.174396	0.516060
-1.212547	-0.676349
0.323792	0.602792
-0.976669	-0.916177
-0.125647	0.336663
-0.483525	-0.381822
-0.603071	-1.742056
-0.412698	-0.159039
-0.231965	0.139084
-0.808890	-1.144447
0.164672	0.670800
-1.229450	-0.599040
0.388850	0.921206
0.441694	0.932000
-1.196625	-0.643162
0.093363	0.605278
-0.745731	-1.459936
-0.296476	-0.122370
-0.246533	-0.027650
-0.808102	-1.283785
0.181849	0.591754
-1.222874	-0.641861
0.342572	0.731322
-1.048238	-0.819579
-0.073013	0.446468
-0.628305	-1.697457
-0.382499	-0.125287
-0.251553	0.089229
-0.779401	-1.236988
0.133409	0.664204
-1.219619	-0.602619
0.419726	0.986026
0.380799	0.970687
-1.241209	-0.569731
0.188002	0.728998
-0.864584	-0.968585
-0.194785	0.296813
-0.514792	-0.241847
-0.534325	-1.802180
-0.397474	0.076890
-0.459435	-0.003404
-0.488112	-1.870720
-0.454164	0.010971
-0.412166	0.064290
-0.518903	-1.827658
-0.499444	-0.170600
-0.240838	0.229070
-0.780971	-1.030260
0.098933	0.720332
-1.210392	-0.574577
0.464614	1.212390
0.228099	1.035375
-1.281688	-0.402553
0.387534	1.483156
0.077430	1.141726
-1.224496	-0.318623
-0.357055	1.004902
-0.734583	0.007519
-0.569607	0.165574
-0.273025	-1.970457
-0.421215	0.571729
-1.000237	-0.208834
-0.184476	1.343694
-1.305070	-0.032827
-0.571402	0.931980
-0.665896	0.592597
-1.257071	0.082084
-0.311653	1.453089
-0.919871	-0.021308
-0.592524	0.268386
-0.182457	-1.973437
-0.441005	0.705299
-1.089971	-0.245319
-0.094216	1.333342
0.168888	1.714800
-1.304253	-0.086220
-0.521886	0.992694
-0.679189	0.458245
-1.200324	0.071894
-0.295981	1.564566
-0.964632	-0.010673
-0.618281	0.281907
-0.444079	0.795913
-1.139831	-0.265952
-0.036843	1.286984
0.222925	1.614665
-1.315595	-0.150377
-0.382856	1.126727
-0.759862	0.082772
-0.724446	0.111576
-0.392927	1.043576
-1.272354	-0.240704
0.147676	1.268982
0.235450	1.351764
-1.306146	-0.243078
-0.241327	1.154151
-0.892038	-0.234833
-0.353957	0.535865
-0.619692	-0.137783
-0.312315	0.277239
-0.641767	-0.565455
-0.090919	0.600746
-1.030227	-0.732194
0.163904	0.905683
-1.254696	-0.458125
0.426203	1.539412
0.071906	1.108421
-1.218891	-0.340487
-0.330307	1.014231
-0.759584	-0.069748
-0.458088	0.257231
-0.363924	-1.978321
-0.487431	0.179347
-0.678243	-0.024155
-0.356351	0.814328
-1.058703	-0.358381
-0.100643	1.154160
-1.293556	-0.325052
0.229035	1.173880
0.321386	1.250288
-1.296957	-0.376094
0.316645	1.237251
0.241193	1.175200
-1.295398	-0.332597
-0.056337	1.159709
-1.108130	-0.351283
-0.370729	0.859514
-0.679229	0.035644
-0.587479	0.124020
-0.281605	-1.917686
-0.407962	0.611584
-1.004043	-0.235723
-0.173331	1.308779
-1.317037	-0.065316
-0.505294	1.047340
-0.698635	0.402046
-1.171758	0.075837
-0.305898	1.623622
-0.975088	0.016406
-0.664709	0.259658
-0.440733	0.931892
-1.222653	-0.256437
0.066361	1.250674
0.262908	1.455882
-1.314421	-0.231964
-0.191149	1.180561
-0.956441	-0.291391
-0.354948	0.649750
-0.640423	-0.080394
-0.387261	0.225108
-0.486472	-1.828090
-0.540597	-0.175973
-0.248333	0.265362
-0.762864	-0.952561
0.058988	0.729534
-1.187292	-0.581181
0.496568	1.367334
0.153619	1.033517
-1.261043	-0.377929
-0.141146	1.110750
-1.004216	-0.373983
-0.327122	0.781916
-0.698608	-0.140540
-0.343215	0.318208
-0.525141	-1.666220
-0.601268	-0.339015
-0.165339	0.451182
-0.913449	-0.841738
0.159370	0.810838
-1.243978	-0.515989
0.427286	1.248837
0.213478	1.077292
-1.283061	-0.370070
-0.034433	1.143274
-1.129224	-0.356329
-0.365224	0.891382
-0.692830	0.021185
-0.570126	0.140543
-0.287955	-1.957985
-0.416123	0.559075
-0.986528	-0.206940
-0.195218	1.331478
-1.310196	-0.035088
-0.559021	0.966165
-0.675478	0.551944
-1.247153	0.092006
-0.323067	1.472761
-0.918494	-0.000127
-0.628076	0.244442
-0.432969	0.812856
-1.138089	-0.280978
-0.036169	1.262997
0.249669	1.633396
-1.319718	-0.177694
-0.287032	1.172795
-0.849576	-0.140136
-0.409742	0.385715
-0.377078	-1.928396
-0.542438	0.036120
-0.500786	0.082464
-0.397814	-1.944588
-0.437240	0.251377
-0.727505	-0.074360
-0.334893	0.921874
-1.131411	-0.383189
-0.028962	1.100084
-1.242918	-0.446221
0.131030	0.922577
-1.033948	-0.710836
-0.089005	0.632852
-0.666072	-0.583269
-0.299408	0.327766
-0.655799	-0.167131
-0.336586	0.630321
-0.922687	-0.294429
-0.210388	1.132718
-1.288138	-0.300542
0.200473	1.189169
0.312285	1.285808
-1.301606	-0.350440
0.326379	1.333388
0.161791	1.183282
-1.274018	-0.290358
-0.297096	1.091208
-0.814674	-0.140636
-0.394153	0.370292
-0.410615	-1.883788
-0.553366	-0.044574
-0.392177	0.153411
-0.509712	-1.817539
-0.527710	-0.205971
-0.221645	0.280935
-0.814950	-0.973048
0.123744	0.739200
-1.223713	-0.559483
0.446589	1.188665
0.246284	1.044710
-1.284216	-0.408754
0.376637	1.373265
0.135523	1.143190
-1.259480	-0.310458
-0.302278	1.071744
-0.803600	-0.133283
-0.397451	0.354813
-0.411760	-1.890007
-0.548159	-0.037782
-0.398169	0.145460
-0.504167	-1.828885
-0.520928	-0.179970
-0.239207	0.254126
-0.782113	-0.991073
0.090097	0.729706
-1.206491	-0.571128
0.473012	1.265181
0.198684	1.039954
-1.276592	-0.385463
-0.030909	1.135096
-1.132122	-0.360507
-0.360423	0.899451
-0.699042	0.006293
-0.547815	0.156250
-0.302597	-1.983304
-0.426459	0.485117
-0.953488	-0.170501
-0.229703	1.336743
-1.309388	-0.012073
-0.580820	0.933861
-0.669280	0.612678
-1.265653	0.091467
-0.328843	1.435295
-0.902506	0.000504
-0.625156	0.236198
-0.430454	0.800081
-1.127785	-0.281702
-0.047258	1.265751
0.245510	1.658649
-1.320009	-0.169492
-0.304880	1.168164
-0.831547	-0.102933
-0.444585	0.327359
-0.348840	-1.982640
-0.507340	0.160032
-0.667440	-0.008166
-0.362132	0.792652
-1.049205	-0.347375
-0.110644	1.169318
-1.303463	-0.293864
0.252516	1.270947
0.220602	1.242585
-1.296716	-0.283143
-0.202665	1.145918
-0.935096	-0.297076
-0.341299	0.641925
-0.652946	-0.140787
-0.323040	0.297091
-0.626787	-0.474934
-0.118139	0.553583
-0.990256	-0.769922
0.169140	0.871211
-1.253045	-0.480331
0.424852	1.370751
0.141705	1.100135
-1.260003	-0.336547
-0.246197	1.090400
-0.869710	-0.254510
-0.331413	0.548229
-0.647236	-0.233226
-0.242392	0.395006
-0.771945	-0.774373
-0.000722	0.757376
-1.140365	-0.591812
0.054910	1.014045
-1.201468	-0.404864
-0.243321	1.034045
-0.859138	-0.286062
-0.308521	0.580717
-0.681475	-0.315362
-0.207536	0.498982
-0.839318	-0.750658
0.017081	0.810026
-1.159498	-0.549779
-0.006148	1.032214
-1.149646	-0.418101
-0.278620	0.974643
-0.801516	-0.227049
-0.315419	0.476035
-0.657058	-0.356872
-0.177086	0.514270
-0.894003	-0.780341
0.079758	0.836164
-1.208542	-0.508328
0.017110	1.068777
-1.173209	-0.385004
-0.310530	0.979180
-0.767928	-0.135215
-0.379697	0.341783
-0.448085	-1.833627
-0.563053	-0.131832
-0.296186	0.239308
-0.668269	-0.739217
-0.043384	0.654633
-1.091151	-0.677526
0.156054	0.955709
-1.256192	-0.425992
-0.025392	1.112763
-1.135940	-0.373351
-0.345182	0.917702
-0.717147	-0.041201
-0.480158	0.210205
-0.357288	-1.984926
-0.466864	0.246115
-0.753462	-0.062245
-0.333679	1.004789
-1.211121	-0.344946
0.061323	1.106720
0.428665	1.594992
-1.252315	-0.459339
0.157815	0.902930
-1.022526	-0.735465
-0.096518	0.599403
-0.643869	-0.549483
-0.311671	0.294000
-0.635876	-0.145670
-0.346805	0.584257
-0.910392	-0.263826
-0.224685	1.151873
-1.302736	-0.259190
0.230730	1.307511
0.188723	1.268329
-1.289311	-0.252753
-0.315848	1.105305
-0.801462	-0.090707
-0.447250	0.299750
-0.358698	-1.977769
-0.501072	0.156230
-0.655833	-0.008109
-0.364572	0.755565
-1.027737	-0.332430
-0.131033	1.183860
-1.311806	-0.259137
0.269626	1.396236
0.111659	1.240548
-1.251616	-0.254196
-0.412419	0.999721
-0.699479	0.170428
-0.851850	0.048010
-0.363899	1.350907
-1.302271	0.085582
-0.653231	0.785548
-0.641123	0.832217
-1.307494	0.071899
-0.355873	1.338455
-0.852201	0.031831
-0.667629	0.183901
-0.415164	0.911073
-1.187232	-0.296850
0.023943	1.205427
0.316449	1.548797
-1.312704	-0.281687
0.308494	1.487435
0.054390	1.211031
-1.211659	-0.282833
-0.417889	0.940525
-0.676465	0.190982
-0.871183	0.032626
-0.353268	1.388405
-1.286986	0.095635
-0.665692	0.695038
-0.611920	0.896584
-1.311333	0.033796
-0.307950	1.332747
-0.883232	-0.057214
-0.525891	0.293111
-0.249352	-2.044228
-0.460584	0.475518
-0.989980	-0.145799
-0.214815	1.422527
-1.269369	0.013988
-0.625037	0.709137
0.170295	-2.065823
-0.600655	0.798014
-1.279894	-0.024619
-0.160100	1.394642
-1.035581	-0.194584
-0.445160	0.581065
-0.225438	-2.025082
-0.558035	0.263925
-0.877091	-0.035675
-0.319590	1.340933
-1.308198	0.047271
-0.625277	0.860783
-0.657690	0.739001
-1.293858	0.085203
-0.347661	1.373210
-0.869386	0.021139
-0.653086	0.201088
-0.420044	0.873608
-1.164587	-0.297331
-0.003482	1.220215
0.299102	1.597855
-1.317022	-0.249313
-0.047342	1.209867
-1.122157	-0.316708
-0.402302	0.836768
-0.651057	0.142039
-0.762157	0.043742
-0.367979	1.108553
-1.303800	-0.193210
0.208372	1.423749
0.085908	1.298304
-1.238745	-0.224563
-0.463343	0.930369
-0.658460	0.325570
-1.059447	0.014900
-0.240112	1.803747
-0.215511	1.917873
-1.091555	0.026949
-0.668577	0.344349
-0.473055	0.962998
-1.264474	-0.192301
0.123366	1.355537
0.147360	1.379354
-1.278154	-0.183707
-0.461780	0.998662
-0.683525	0.306816
-1.057571	0.031219
-0.254320	1.841619
-0.237577	1.942955
-1.081125	0.038809
-0.688886	0.321437
-0.469096	1.016411
-1.291088	-0.157016
0.167198	1.455660
0.057168	1.338021
-1.221479	-0.207838
-0.488231	0.865618
-0.632008	0.408341
-1.123755	0.003765
-0.157176	1.875043
-0.211937	1.708871
-1.059715	-0.026588
-0.600373	0.373134
-0.101928	-1.995852
-0.471713	0.765014
-1.153470	-0.228379
-0.028140	1.344454
0.161552	1.572951
-1.294900	-0.112677
-0.513617	0.978266
-0.673154	0.443322
-1.185727	0.059005
-0.280685	1.592171
-0.982904	-0.018431
-0.608404	0.302385
-0.143703	-1.893699
-0.450028	0.771083
-1.132859	-0.254591
-0.046735	1.309303
0.198470	1.621033
-1.310015	-0.126107
-0.452526	1.071162
-0.712386	0.267901
-1.025794	0.044789
-0.292026	1.792435
-1.099724	0.063681
-0.720113	0.317501
-0.475778	1.101726
-1.325177	-0.054352
-0.238634	1.283630
-0.930253	-0.182206
-0.407184	0.487135
-0.335365	-1.934971
-0.562207	0.075117
-0.576120	0.060203
-0.330993	-1.910064
-0.399673	0.529103
-0.947748	-0.204829
-0.221306	1.283342
-1.324888	-0.065009
-0.462618	1.109423
-0.724889	0.284695
-1.059373	0.056984
-0.275400	1.930982
-0.274423	1.940544
-1.061029	0.057575
-0.725020	0.285161
-0.463134	1.110231
-1.325111	-0.063564
-0.225164	1.282690
-0.943602	-0.200113
-0.400612	0.520009
-0.332919	-1.914079
-0.573683	0.061208
-0.561200	0.073696
-0.336956	-1.935548
-0.407403	0.482953
-0.927397	-0.180887
-0.240830	1.281866
-1.325684	-0.055641
-0.470201	1.107394
-0.723080	0.303358
-1.083181	0.061038
-0.285851	1.841347
-1.039383	0.050589
-0.719086	0.273200
-0.456494	1.091401
-1.318434	-0.096603
-0.132582	1.296774
-1.044924	-0.261388
-0.412995	0.681069
-0.246019	-1.881321
-0.601129	0.161803
-0.755098	0.018588
-0.359342	1.071521
-1.278553	-0.250540
0.162773	1.256129
0.247093	1.334419
-1.306846	-0.260554
-0.185346	1.165709
-0.960148	-0.305928
-0.349153	0.669683
-0.650510	-0.096434
-0.372099	0.246421
-0.502226	-1.788739
-0.558988	-0.239952
-0.206968	0.335623
-0.840414	-0.922739
0.131572	0.760948
-1.229046	-0.545854
0.443402	1.219791
0.228476	1.056031
-1.283676	-0.390744
0.385351	1.552229
0.049267	1.144784
-1.204043	-0.325102
-0.370411	0.972267
-0.714298	0.045221
-0.626551	0.125877
-0.400544	0.748160
-1.064665	-0.298134
-0.106652	1.247552
-1.324188	-0.168391
-0.247140	1.197566
-0.897500	-0.206325
-0.375044	0.500827
-0.389520	-1.809886
-0.592365	-0.060770
-0.390131	0.184885
-0.499262	-1.823086
-0.533173	-0.191755
-0.233744	0.273132
-0.791660	-0.969162
0.094429	0.737318
-1.209503	-0.565557
0.470406	1.274553
0.193997	1.044106
-1.275735	-0.381095
-0.051319	1.133609
-1.110993	-0.367462
-0.355058	0.880575
-0.697881	-0.015125
-0.512006	0.176372
-0.333858	-1.992008
-0.444905	0.357277
-0.864267	-0.113895
-0.291606	1.233235
-1.331038	-0.083828
-0.339998	1.204631
-0.815292	-0.016810
-0.565154	0.217797
-0.245469	-1.999295
-0.433312	0.584477
-1.022315	-0.205410
-0.168092	1.369225
-1.293058	-0.028628
-0.589956	0.862122
-0.645536	0.660642
-1.267407	0.050762
-0.269900	1.431141
-0.944610	-0.083943
-0.508433	0.360209
-0.235414	-2.062200
-0.480832	0.438042
-0.986023	-0.121420
-0.227717	1.451690
-1.254847	0.025754
-0.632564	0.646169
-0.579236	0.836710
-1.278666	-0.058426
0.111886	1.695940
-0.102608	1.388354
-1.090192	-0.211436
-0.459323	0.658238
-0.165742	-2.039646
-0.572048	0.330478
-0.980759	-0.042863
-0.268736	1.553796
-1.204264	0.052765
-0.659958	0.485598
-0.526387	0.940387
-1.285426	-0.115554
0.144054	1.540448
-0.009155	1.360658
-1.171485	-0.212807
-0.485208	0.772471
-0.072748	-2.015211
-0.600433	0.415070
-1.099970	-0.026371
-0.167253	1.753966
-0.168895	1.749824
-1.098118	-0.026876
-0.599383	0.413699
-0.074671	-2.018650
-0.484786	0.769804
-1.169456	-0.213271
-0.011683	1.362217
0.142886	1.543512
-1.285071	-0.113793
-0.528459	0.936345
-0.658846	0.492488
-1.207068	0.052400
-0.267986	1.548054
-0.979763	-0.045320
-0.568132	0.332240
-0.169043	-2.045055
-0.460434	0.646322
-1.085753	-0.206044
-0.108722	1.397534
0.102706	1.705417
-1.274522	-0.053138
-0.584656	0.813045
0.142065	-2.034073
-0.625508	0.667707
-1.256899	0.013278
-0.209313	1.444946
-1.000757	-0.139048
-0.469808	0.473782
-0.234552	-2.056797
-0.521295	0.329681
-0.924027	-0.070033
-0.286747	1.408123
-1.279203	0.056643
-0.646760	0.699549
-0.605753	0.851187
-1.297798	0.000413
-0.223009	1.364347
-0.967322	-0.164780
-0.436356	0.486142
-0.284798	-2.004223
-0.541766	0.198713
-0.761220	-0.017016
-0.346702	1.061979
-1.266938	-0.275987
0.143752	1.204253
0.306770	1.356362
-1.307117	-0.316956
0.327851	1.453784
0.078489	1.192640
-1.227944	-0.287391
-0.397823	0.980018
-0.699815	0.128736
-0.774365	0.065717
-0.376275	1.156570
-1.324644	-0.116268
-0.152931	1.270229
-1.018190	-0.269307
-0.396609	0.668016
-0.608912	0.094835
-0.644602	0.059697
-0.381873	0.766168
-1.054006	-0.321141
-0.111424	1.210156
-1.319841	-0.223943
0.287110	1.692305
-0.037903	1.228414
-1.133194	-0.302581
-0.415158	0.833670
-0.643069	0.185747
-0.833262	0.022118
-0.354198	1.282615
-1.325005	0.024231
-0.564504	1.023655
-0.698072	0.542786
-1.255346	0.129794
-0.378637	1.450644
-0.879372	0.084525
-0.779645	0.155781
-0.415335	1.220911
-1.332259	0.013044
-0.487245	1.142389
-0.734742	0.334308
-1.129187	0.083855
-0.320850	1.718645
-0.992024	0.053848
-0.731978	0.236313
-0.443594	1.117995
-1.323819	-0.082770
-0.188308	1.283263
-0.982627	-0.237662
-0.396420	0.598042
-0.309109	-1.874314
-0.593058	0.073214
-0.595316	0.070443
-0.308800	-1.864287
-0.395333	0.605434
-0.984614	-0.241735
-0.185814	1.280768
-1.324309	-0.087445
-0.432107	1.126479
-0.738522	0.207297
-0.946560	0.057257
-0.345193	1.604665
-1.181065	0.106382
-0.727990	0.390536
-0.510346	1.125276
-1.331897	0.029661
-0.433731	1.216673
-0.772153	0.198587
-0.953140	0.074270
-0.353644	1.641612
-1.163118	0.110712
-0.747642	0.358280
-0.502265	1.178114
-1.331036	0.076591
-0.553479	1.098170
-0.723012	0.493205
-1.245298	0.153995
-0.408857	1.464108
-0.870841	0.137511
-0.883192	0.129016
-0.403411	1.494102
-1.231188	0.151989
-0.733370	0.456928
-0.541731	1.132197
-1.330973	0.090624
-0.546588	1.123701
-0.731121	0.470101
-1.237332	0.155576
-0.409270	1.479884
-0.876154	0.138938
-0.887282	0.131384
-0.404272	1.507119
-1.224501	0.153056
-0.740546	0.440023
-0.536905	1.153671
-1.329800	0.104755
-0.580567	1.074034
-0.720274	0.559926
-1.270484	0.177500
-0.454324	1.394636
-0.832632	0.222823
-1.026879	0.111472
-0.351194	1.935151
-1.054379	0.112881
-0.824228	0.241415
-0.463338	1.376845
-1.276932	0.179807
-0.717080	0.583978
-0.589398	1.058964
-1.329318	0.107867
-0.533788	1.161160
-0.743114	0.431339
-1.219957	0.150905
-0.401656	1.516607
-0.891604	0.127924
-0.869863	0.141665
-0.411389	1.464191
-1.244956	0.156165
-0.724831	0.490590
-0.553148	1.103851
-1.331059	0.081324
-0.513771	1.166228
-0.743484	0.386681
-1.186655	0.122979
-0.366989	1.590870
-0.931114	0.083974
-0.788630	0.180412
-0.427858	1.256018
-1.326245	0.065777
-0.591506	1.006868
-0.699195	0.607655
-1.277532	0.149788
-0.421583	1.393029
-0.841191	0.160246
-0.917095	0.110980
-0.387497	1.576601
-1.191871	0.138921
-0.757520	0.383687
-0.517162	1.204359
-1.325101	0.125214
-0.632158	0.967281
-0.698543	0.712097
-1.300721	0.171900
-0.489881	1.305118
-0.794980	0.305165
-1.129355	0.124079
-0.375340	1.712200
-0.963314	0.111552
-0.843757	0.183836
-0.434537	1.411979
-1.266553	0.165646
-0.715304	0.553037
-0.575865	1.063723
-1.329838	0.085087
-0.496693	1.193431
-0.753475	0.342848
-1.150133	0.107321
-0.350863	1.669702
-0.962771	0.076228
-0.775413	0.202539
-0.436238	1.227731
-1.330558	0.044646
-0.542139	1.087746
-0.717299	0.471978
-1.231685	0.134279
-0.379628	1.498112
-0.895039	0.090852
-0.796412	0.159304
-0.418498	1.268406
-1.324290	0.068418
-0.602628	0.980463
-0.693139	0.642011
-1.284444	0.144742
-0.422168	1.377612
-0.835426	0.161567
-0.917611	0.107776
-0.385571	1.575767
-1.192586	0.137600
-0.755197	0.386171
-0.517453	1.197769
-1.326286	0.119395
-0.622631	0.988390
-0.702668	0.682966
-1.296208	0.174443
-0.484084	1.320302
-0.800976	0.290943
-1.114034	0.120201
-0.370456	1.749256
-0.975692	0.110662
-0.841226	0.191005
-0.438326	1.407794
-1.267761	0.167813
-0.715836	0.556116
-0.577312	1.064395
-1.329832	0.088449
-0.503000	1.187776
-0.751372	0.357915
-1.164356	0.114073
-0.358286	1.638340
-0.949874	0.080148
-0.782192	0.193012
-0.432814	1.243244
-1.328394	0.057584
-0.572013	1.042764
-0.706919	0.552459
-1.262859	0.149185
-0.409375	1.427923
-0.858059	0.137310
-0.878986	0.123447
-0.400454	1.478202
-1.239488	0.149054
-0.723521	0.480725
-0.548398	1.102492
-1.331212	0.071177
-0.495054	1.182833
-0.749543	0.341800
-1.146727	0.102611
-0.344943	1.677886
-0.968075	0.071017
-0.765073	0.208887
-0.437620	1.201381
-1.332846	0.015494
-0.472195	1.163195
-0.743899	0.295282
-1.087075	0.075123
-0.305936	1.830401
-1.026341	0.063262
-0.743734	0.252966
-0.453257	1.154863
-1.331725	-0.021929
-0.356507	1.239739
-0.816538	0.023315
-0.638220	0.177760
-0.413231	0.814883
-1.118777	-0.302656
-0.053172	1.235090
-1.321155	-0.208894
-0.153262	1.206608
-1.005913	-0.307090
-0.370217	0.706224
-0.639030	0.000906
-0.505088	0.142599
-0.360767	-1.974106
-0.443214	0.308120
-0.806621	-0.096156
-0.313185	1.114592
-1.294312	-0.243300
0.199033	1.297663
0.200627	1.298769
-1.294882	-0.243295
-0.310152	1.115977
-0.810001	-0.102818
-0.435769	0.318019
-0.367133	-1.964753
-0.511909	0.116211
-0.602427	0.018662
-0.336102	-1.792816
-0.383793	0.594797
-0.964270	-0.245057
-0.198692	1.253095
-1.327922	-0.115314
-0.333668	1.186942
-0.813857	-0.033913
-0.536490	0.236132
-0.269051	-2.021471
-0.445438	0.486999
-0.979271	-0.159400
-0.217066	1.388963
-1.286358	0.007043
-0.617056	0.786915
0.200018	-2.075224
-0.627024	0.750641
-1.281990	0.021725
-0.235880	1.399385
-0.964748	-0.135732
-0.459666	0.443804
-0.266535	-2.036825
-0.519739	0.278416
-0.855887	-0.055422
-0.316733	1.271978
-1.328040	-0.016493
-0.503234	1.095162
-0.716602	0.383234
-1.167295	0.088475
-0.323660	1.633754
-0.967274	0.038165
-0.703172	0.234624
-0.437357	1.036347
-1.287291	-0.187032
0.166912	1.385710
0.117667	1.336027
-1.260237	-0.201777
-0.467264	0.961510
-0.669064	0.329913
-1.073975	0.024037
-0.232291	1.860324
-0.232469	1.859392
-1.073741	0.024259
-0.668995	0.328929
-0.467193	0.962027
-1.260062	-0.202188
0.117405	1.335884
0.167419	1.385634
-1.287519	-0.186960
-0.436680	1.036724
-0.703720	0.232973
-0.964503	0.038045
-0.325274	1.627710
-1.170329	0.090389
-0.716443	0.386196
-0.504699	1.094909
-1.328145	-0.014600
-0.320485	1.270603
-0.852719	-0.047792
-0.529614	0.267718
-0.259200	-2.034637
-0.454131	0.477456
-0.983234	-0.150494
-0.217764	1.406648
-1.277576	0.012616
-0.622956	0.742579
0.187671	-2.081553
-0.612562	0.781187
-1.282082	-0.003492
-0.196173	1.394752
-1.000733	-0.173520
-0.443802	0.522405
-0.254829	-2.022080
-0.545151	0.242229
-0.831318	-0.033083
-0.331059	1.232014
-1.331949	-0.054248
-0.388619	1.191005
-0.780354	0.095815
-0.761182	0.110472
-0.394229	1.146947
-1.324245	-0.109166
-0.157337	1.274121
-1.014177	-0.264552
-0.397234	0.658622
-0.606167	0.094686
-0.642441	0.059196
-0.382077	0.758699
-1.049640	-0.318281
-0.115736	1.213181
-1.320789	-0.216957
-0.059913	1.227425
-1.111246	-0.308306
-0.407315	0.812421
-0.640895	0.157675
-0.782404	0.032741
-0.362976	1.156223
-1.322913	-0.131161
-0.118190	1.271421
-1.056005	-0.280622
-0.407247	0.716746
-0.614028	0.146308
-0.739603	0.030443
-0.364238	1.035879
-1.253962	-0.283420
0.120465	1.190130
0.326288	1.389249
-1.304776	-0.332011
0.311114	1.329951
0.164669	1.196452
-1.276006	-0.283522
-0.304250	1.091157
-0.807712	-0.123084
-0.410359	0.343767
-0.395455	-1.920129
-0.535380	0.015558
-0.465435	0.095897
-0.434319	-1.921255
-0.460769	0.108953
-0.549509	0.006015
-0.386508	-1.911008
-0.402451	0.392603
-0.846377	-0.146394
-0.286132	1.159710
-1.314334	-0.199273
0.243194	1.495505
0.036316	1.268819
-1.201359	-0.253559
-0.453392	0.883261
-0.644249	0.304433
-1.019570	0.003365
-0.267586	1.700183
-1.134418	0.044978
-0.678688	0.376983
-0.488720	0.994271
-1.289538	-0.144093
0.160363	1.480862
0.036360	1.344750
-1.206635	-0.209052
-0.490000	0.834429
-0.620852	0.419852
-1.123525	-0.006265
-0.150306	1.834087
-0.198283	1.704303
-1.068632	-0.033971
-0.591447	0.390837
-0.100399	-2.031477
-0.476741	0.740569
-1.147326	-0.217640
-0.037694	1.366571
0.138222	1.582046
-1.285049	-0.099108
-0.542088	0.916877
-0.653661	0.531261
-1.223944	0.051855
-0.265269	1.515035
-0.972562	-0.059779
-0.547134	0.345753
-0.188676	-2.063079
-0.467002	0.576897
-1.060229	-0.175562
-0.143762	1.440275
0.057835	1.774564
-1.254022	-0.028076
-0.602635	0.708920
0.129069	-2.106196
-0.592336	0.745800
-1.258093	-0.046297
0.072734	1.705838
-0.114692	1.428004
-1.085200	-0.187503
-0.470189	0.619328
-0.162944	-2.065505
-0.557391	0.364962
-1.004877	-0.056773
-0.244235	1.575457
-1.191137	0.033566
-0.646832	0.480616
-0.519832	0.906785
-1.266423	-0.144502
0.116791	1.452783
0.056758	1.387360
-1.224514	-0.180496
-0.509195	0.835381
-0.620532	0.473101
-1.163972	-0.001425
-0.097063	1.883821
-0.201079	1.618439
-1.048507	-0.066229
-0.552514	0.413458
-0.139096	-2.084892
-0.484066	0.617192
-1.100472	-0.173805
-0.102657	1.454026
0.049879	1.673188
-1.242054	-0.053512
-0.588193	0.706110
0.100056	-2.116496
-0.586727	0.711653
-1.242596	-0.056315
0.051779	1.665307
-0.098145	1.452202
-1.104272	-0.174429
-0.484961	0.622578
-0.134666	-2.085437
-0.553985	0.417595
-1.053438	-0.065914
-0.196583	1.625320
-0.100215	1.860804
-1.160040	-0.004875
-0.617574	0.470596
-0.507780	0.827756
-1.219323	-0.183609
0.049706	1.384833
0.119493	1.461178
-1.268405	-0.140886
-0.521248	0.908734
-0.647778	0.483928
-1.193629	0.035035
-0.246258	1.570708
-1.002177	-0.056659
-0.556834	0.362404
-0.164913	-2.065181
-0.469753	0.616974
-1.083463	-0.187156
-0.116646	1.428717
0.072058	1.709669
-1.257989	-0.044843
-0.593024	0.743435
0.129470	-2.106611
-0.602145	0.711616
-1.254384	-0.029029
0.058855	1.771186
-0.142380	1.439318
-1.061352	-0.176202
-0.466942	0.578588
-0.187684	-2.062943
-0.547753	0.346212
-0.973513	-0.059556
-0.264822	1.517441
-1.222792	0.051719
-0.653659	0.528588
-0.541146	0.917637
-1.284671	-0.100828
0.138028	1.577212
-0.034554	1.366237
-1.150133	-0.216267
-0.478067	0.743302
-0.096765	-2.031455
-0.592108	0.395653
-1.073295	-0.033708
-0.193541	1.711044
-0.152507	1.818970
-1.120084	-0.009476
-0.617503	0.418855
-0.489231	0.824989
-1.200893	-0.210819
0.028765	1.346467
0.159443	1.490242
-1.289659	-0.139779
-0.493351	0.988990
-0.676785	0.390454
-1.145197	0.046634
-0.269571	1.675850
-1.012396	-0.001950
-0.635432	0.304840
-0.452563	0.857032
-1.184133	-0.258605
0.014621	1.273206
0.239250	1.527812
-1.315125	-0.186264
-0.310599	1.153892
-0.821827	-0.093259
-0.452896	0.311099
-0.344513	-1.990010
-0.499192	0.187279
-0.701397	-0.024230
-0.352183	0.884942
-1.111683	-0.370506
-0.050281	1.129295
-1.271752	-0.389644
0.185319	1.025731
0.494183	1.290267
-1.187159	-0.592341
0.060904	0.710797
-0.747468	-1.041312
-0.257993	0.213485
-0.499844	-0.150675
-0.509877	-1.836901
-0.413524	0.081248
-0.476447	0.001949
-0.465743	-1.890365
-0.442887	0.091538
-0.511467	0.009284
-0.423371	-1.915192
-0.422234	0.244759
-0.702593	-0.076759
-0.339377	0.847376
-1.067791	-0.380588
-0.089334	1.121512
-1.266467	-0.387034
0.169629	1.023674
0.502754	1.327969
-1.179723	-0.595896
0.049994	0.712305
-0.742120	-1.009379
-0.260022	0.224506
-0.512281	-0.152737
-0.499372	-1.840265
-0.405642	0.131645
-0.535768	-0.027884
-0.417817	-1.899420
-0.404869	0.315444
-0.768928	-0.113942
-0.316068	1.002062
-1.199018	-0.365281
0.047188	1.082373
-1.225670	-0.496564
0.108194	0.845406
-0.919466	-0.785774
-0.162312	0.522158
-0.646246	-0.380407
-0.318674	0.425802
-0.767430	-0.201047
-0.295204	0.917499
-1.096871	-0.422219
-0.058069	1.053130
-1.187333	-0.502885
0.047152	0.864185
-0.918953	-0.731465
-0.163779	0.587521
-0.692376	-0.418021
-0.294847	0.523506
-0.806337	-0.263573
-0.269136	0.948925
-1.114329	-0.438137
-0.040053	1.021937
-1.143350	-0.548539
-0.001360	0.826952
-0.858016	-0.717387
-0.198283	0.553668
-0.706604	-0.356376
-0.293934	0.614479
-0.859863	-0.314840
-0.237000	1.003681
-1.162845	-0.436683
0.010191	0.993381
-1.103901	-0.600074
-0.036874	0.772493
-0.788935	-0.698413
-0.234816	0.483251
-0.703149	-0.282941
-0.303534	0.670817
-0.904399	-0.339774
-0.210344	1.049498
-1.208013	-0.415697
0.065336	0.991930
-1.110098	-0.621244
-0.029515	0.733924
-0.744766	-0.732398
-0.256698	0.385649
-0.656444	-0.218694
-0.329483	0.589480
-0.890867	-0.277467
-0.230939	1.102722
-1.267467	-0.331556
0.156663	1.111624
0.408538	1.341982
-1.263467	-0.463559
0.194972	0.909619
0.608532	1.253617
-1.053817	-0.729376
-0.072670	0.595409
-0.627419	-0.624795
-0.615173	-1.531312
-0.318799	0.204552
-0.546912	-0.104389
-0.446784	-1.859120
-0.390707	0.302683
-0.737718	-0.114184
-0.322930	0.917205
-1.117659	-0.396015
-0.041307	1.086433
-1.228086	-0.462873
0.105201	0.899987
-0.991123	-0.726864
-0.118826	0.615598
-0.672592	-0.507642
-0.298866	0.399232
-0.720014	-0.199274
-0.310119	0.792614
-0.994234	-0.392512
-0.145206	1.078853
-1.227994	-0.423177
0.097632	0.965864
-1.081461	-0.658058
-0.053302	0.693983
-0.706627	-0.688470
-0.276670	0.347113
-0.646690	-0.188371
-0.337052	0.584032
-0.897671	-0.269790
-0.229515	1.123448
-1.284182	-0.301375
0.189626	1.179086
0.325455	1.297455
-1.299503	-0.362215
0.313233	1.260376
0.222087	1.183038
-1.292984	-0.315359
-0.136079	1.149617
-1.016474	-0.351639
-0.347415	0.767447
-0.674592	-0.069260
-0.418778	0.225654
-0.437248	-1.901808
-0.511859	-0.018746
-0.404781	0.113234
-0.508280	-1.831743
-0.511239	-0.170382
-0.244253	0.238490
-0.773215	-1.010377
0.084705	0.723529
-1.202929	-0.576339
0.476605	1.262412
0.199785	1.036409
-1.276539	-0.388178
-0.022018	1.135408
-1.140931	-0.357567
-0.362151	0.907967
-0.700194	0.012868
-0.560297	0.150143
-0.292457	-1.972738
-0.421026	0.528218
-0.974935	-0.191122
-0.208659	1.339565
-1.307649	-0.022068
-0.575801	0.934579
-0.668108	0.601341
-1.261300	0.087597
-0.321087	1.444568
-0.910642	-0.009641
-0.610017	0.250726
-0.435007	0.756252
-1.108666	-0.267173
-0.070244	1.295479
0.211179	1.687313
-1.315523	-0.127371
-0.424105	1.104258
-0.732796	0.190128
-0.912525	0.056619
-0.356241	1.515596
-1.224831	0.117630
-0.707290	0.468903
-0.537155	1.063296
-1.327248	0.008952
-0.347464	1.272792
-0.834251	0.007542
-0.615865	0.199980
-0.420664	0.752302
-1.090262	-0.280369
-0.086133	1.276658
-1.320590	-0.140267
-0.365434	1.147903
-0.777911	0.038879
-0.649499	0.150944
-0.405045	0.837297
-1.125008	-0.314211
-0.044826	1.214178
-1.317741	-0.244439
0.299699	1.664322
-0.024947	1.218118
-1.144693	-0.305421
-0.413571	0.853002
-0.649929	0.180473
-0.830298	0.026235
-0.356460	1.278445
-1.325907	0.021678
-0.557463	1.036153
-0.701041	0.523076
-1.248580	0.128548
-0.374600	1.465208
-0.886303	0.079017
-0.770837	0.162083
-0.417262	1.199284
-1.333053	-0.011396
-0.422427	1.194067
-0.767188	0.175175
-0.907605	0.074477
-0.367826	1.518980
-1.222394	0.126175
-0.716843	0.456243
-0.535200	1.089656
-1.330334	0.033389
-0.415307	1.238018
-0.786242	0.154702
-0.880304	0.087429
-0.380227	1.455990
-1.252775	0.131857
-0.700819	0.532905
-0.561619	1.033445
-1.326038	0.026992
-0.365682	1.275587
-0.823943	0.045891
-0.684003	0.160904
-0.408324	0.949595
-1.211373	-0.291206
0.055062	1.197750
0.324483	1.492536
-1.309301	-0.303532
0.307262	1.399355
0.111975	1.207340
-1.250030	-0.273420
-0.387078	1.016453
-0.718346	0.096356
-0.725094	0.090011
-0.385138	1.032844
-1.261254	-0.261186
0.130022	1.228645
0.281334	1.372949
-1.310526	-0.280340
-0.062221	1.188348
-1.104770	-0.333975
-0.385727	0.835892
-0.661370	0.084391
-0.664599	0.081281
-0.384606	0.844393
-1.109750	-0.336322
-0.056987	1.184082
-1.308284	-0.290531
0.276363	1.332203
0.163829	1.228640
-1.277478	-0.265512
-0.334718	1.081054
-0.777286	-0.046533
-0.500635	0.236664
-0.315374	-2.011770
-0.460304	0.346441
-0.871405	-0.103239
-0.293233	1.260086
-1.329728	-0.047588
-0.443660	1.144915
-0.742257	0.232407
-0.991779	0.059177
-0.324954	1.726663
-1.125954	0.087191
-0.741061	0.327441
-0.486218	1.159175
-1.332753	0.031135
-0.463095	1.186856
-0.754132	0.269639
-1.058097	0.074052
-0.298014	1.946000
-1.050129	0.072705
-0.754392	0.263794
-0.460625	1.186605
-1.332842	0.027351
-0.479321	1.164386
-0.743631	0.311352
-1.107380	0.081333
-0.317049	1.772812
-1.007585	0.061681
-0.744194	0.240702
-0.447980	1.153173
-1.331192	-0.031545
-0.334948	1.246969
-0.833710	-0.022218
-0.563661	0.230869
-0.239215	-2.006430
-0.436471	0.585532
-1.026907	-0.203508
-0.164856	1.375574
-1.289770	-0.027774
-0.593154	0.845434
-0.640334	0.674581
-1.268404	0.041605
-0.256670	1.428080
-0.954720	-0.100968
-0.491558	0.389249
-0.244706	-2.059474
-0.493458	0.384046
-0.951685	-0.098845
-0.259534	1.426310
-1.269604	0.043123
-0.640990	0.676700
-0.594501	0.846191
-1.290670	-0.024926
-0.170882	1.374067
-1.020700	-0.200637
-0.435194	0.576226
-0.245389	-2.004251
-0.562299	0.223870
-0.820911	-0.020486
-0.337955	1.216634
-1.331863	-0.069078
-0.338363	1.216087
-0.820523	-0.019238
-0.563618	0.222393
-0.244544	-2.002731
-0.434627	0.580978
-1.022226	-0.202812
-0.168922	1.372439
-1.291480	-0.026692
-0.592597	0.852248
-0.642670	0.670420
-1.268637	0.045799
-0.263248	1.428438
-0.949225	-0.093432
-0.498762	0.375407
-0.241402	-2.060924
-0.487637	0.406617
-0.966604	-0.108484
-0.246364	1.439780
-1.262292	0.036624
-0.638193	0.657923
-0.586104	0.846327
-1.285898	-0.042101
0.115786	1.811436
-0.136701	1.379447
-1.055550	-0.211561
-0.444427	0.622607
-0.208362	-2.018111
-0.568870	0.270325
-0.897417	-0.032630
-0.314598	1.390959
-1.287260	0.069452
-0.651643	0.721978
-0.616272	0.854027
-1.303166	0.024248
-0.271476	1.354295
-0.920120	-0.108910
-0.471119	0.379156
-0.281409	-2.035630
-0.500894	0.297890
-0.861061	-0.069696
-0.309605	1.270535
-1.328325	-0.023403
-0.492336	1.105089
-0.720363	0.355670
-1.142819	0.079359
-0.314201	1.687067
-0.987445	0.040378
-0.707599	0.244756
-0.442306	1.051884
-1.297688	-0.163262
0.183526	1.460696
0.054428	1.322500
-1.218509	-0.217146
-0.481129	0.871599
-0.634775	0.387094
-1.106430	0.003608
-0.179184	1.850689
-0.210674	1.751107
-1.068986	-0.013094
-0.617527	0.365933
-0.471040	0.816903
-1.179172	-0.235272
0.004592	1.317175
0.190928	1.529745
-1.303670	-0.143743
-0.450844	1.057614
-0.707728	0.266070
-1.019832	0.041722
-0.294016	1.770764
-1.107736	0.064703
-0.717778	0.325355
-0.478577	1.096196
-1.324362	-0.056402
-0.229534	1.286835
-0.940257	-0.192885
-0.404093	0.507852
-0.331828	-1.925919
-0.568566	0.071097
-0.573630	0.065169
-0.330286	-1.916506
-0.401383	0.523444
-0.946387	-0.201114
-0.223282	1.286106
-1.324419	-0.061010
-0.471692	1.101310
-0.720484	0.308433
-1.087841	0.060591
-0.286094	1.826540
-1.036327	0.047937
-0.715202	0.273252
-0.455548	1.080507
-1.314431	-0.110964
0.200148	1.741778
-0.090041	1.302952
-1.089944	-0.263413
-0.430631	0.729234
-0.194836	-1.897938
-0.604345	0.233941
-0.878371	-0.008239
-0.331876	1.369863
-1.296034	0.072446
-0.649775	0.762677
-0.631035	0.833406
-1.304296	0.049547
-0.313511	1.350778
-0.885072	-0.043348
-0.547582	0.276925
-0.230286	-2.036087
-0.450721	0.549279
-1.025177	-0.178467
-0.174662	1.412151
-1.272042	-0.012245
-0.610007	0.751258
0.167324	-2.095657
-0.610901	0.748162
-1.271666	-0.010934
-0.176795	1.412814
-1.023365	-0.176704
-0.451055	0.544982
-0.231538	-2.036522
-0.546496	0.277916
-0.884229	-0.044228
-0.313539	1.348718
-1.305271	0.048204
-0.629173	0.840905
-0.651854	0.755752
-1.295259	0.075471
-0.335319	1.371201
-0.876591	-0.001498
-0.614864	0.225964
-0.427881	0.761811
-1.103429	-0.276002
-0.073879	1.282241
0.224767	1.718304
-1.318832	-0.139216
-0.381673	1.135606
-0.763805	0.079652
-0.720541	0.115272
-0.394003	1.033934
-1.266283	-0.248675
0.137294	1.251858
0.255115	1.363671
-1.309326	-0.256023
-0.173758	1.172301
-0.975314	-0.312863
-0.352679	0.689333
-0.651277	-0.074602
-0.400282	0.223008
-0.466886	-1.860498
-0.527745	-0.111396
-0.303820	0.199145
-0.653980	-0.765133
-0.041362	0.638539
-1.092682	-0.686503
0.577894	1.329197
0.178270	0.948521
-1.263086	-0.434425
0.043897	1.119195
-1.198417	-0.342912
-0.350275	0.980383
-0.732020	-0.015669
-0.528811	0.187745
-0.306605	-2.000825
-0.439381	0.430603
-0.927783	-0.142790
-0.254354	1.328672
-1.312851	-0.003380
-0.580722	0.947207
-0.674259	0.607078
-1.266447	0.100165
-0.341873	1.432909
-0.893437	0.020800
-0.659531	0.211886
-0.423824	0.898323
-1.185444	-0.289197
0.020666	1.219819
0.299883	1.544897
-1.315788	-0.258142
-0.036876	1.207047
-1.132234	-0.316087
-0.403831	0.849086
-0.653912	0.147703
-0.774994	0.041761
-0.366761	1.142435
-1.318727	-0.147189
0.229088	1.685047
-0.062528	1.279412
-1.114382	-0.275965
-0.431039	0.774670
-0.617404	0.238251
-0.897523	-0.003618
-0.328561	1.420193
-1.273202	0.088108
-0.665329	0.643542
-0.591643	0.914296
-1.308342	-0.000910
-0.244659	1.340035
-0.940224	-0.150579
-0.437061	0.448528
-0.301437	-1.999977
-0.533867	0.186586
-0.734234	-0.013562
-0.350718	0.988985
-1.206165	-0.337669
0.053604	1.122835
0.410747	1.580979
-1.266475	-0.430552
0.187057	0.959739
0.563216	1.286844
-1.109949	-0.674701
-0.025506	0.644673
-0.658307	-0.890903
-0.659314	-1.415670
-0.302084	0.171670
-0.496120	-0.102244
-0.492295	-1.856896
-0.420012	0.101191
-0.507097	-0.005995
-0.435565	-1.906553
-0.423008	0.216459
-0.665787	-0.063403
-0.350860	0.745226
-1.005657	-0.339922
-0.146545	1.160899
-1.300649	-0.291617
0.238988	1.252596
0.240407	1.253357
-1.300931	-0.292043
-0.142337	1.161192
-1.010847	-0.341084
-0.351975	0.751258
-0.666227	-0.056696
-0.431934	0.209369
-0.425497	-1.920310
-0.499168	0.032214
-0.467061	0.069670
-0.444932	-1.911498
-0.456600	0.097656
-0.530650	0.010970
-0.402452	-1.918674
-0.412200	0.322944
-0.786306	-0.114136
-0.312146	1.047055
-1.240624	-0.329354
0.104440	1.115722
0.414861	1.441022
-1.262656	-0.451963
0.185371	0.923726
0.599934	1.307587
-1.065081	-0.714378
-0.064111	0.612856
-0.637720	-0.661231
-0.625035	-1.470159
-0.312870	0.211040
-0.548414	-0.110724
-0.448596	-1.855396
-0.389302	0.303970
-0.737417	-0.115121
-0.322741	0.915648
-1.115775	-0.396476
-0.043096	1.086365
-1.228183	-0.462212
0.105221	0.901373
-0.992838	-0.725540
-0.117711	0.617355
-0.673074	-0.510543
-0.298491	0.398150
-0.718555	-0.198987
-0.310639	0.789089
-0.991840	-0.390885
-0.147186	1.079681
-1.229291	-0.420746
0.099460	0.969072
-1.086653	-0.654917
-0.048922	0.695763
-0.707312	-0.700272
-0.276165	0.340435
-0.640106	-0.185828
-0.339920	0.565097
-0.890648	-0.258079
-0.235854	1.124989
-1.286442	-0.294119
0.193512	1.195281
0.307406	1.294590
-1.303104	-0.340974
0.330352	1.378462
0.128631	1.185058
-1.258183	-0.285820
-0.350771	1.048460
-0.753691	-0.006404
-0.555036	0.185765
-0.276873	-1.992902
-0.429492	0.529533
-0.986527	-0.185876
-0.202347	1.361238
-1.298415	-0.013080
-0.595841	0.870303
-0.650572	0.670550
-1.273087	0.061402
-0.289253	1.420693
-0.926015	-0.062157
-0.532079	0.320774
-0.224411	-2.055590
-0.464713	0.511607
-1.019855	-0.155098
-0.187824	1.443258
-1.256340	-0.000465
-0.617860	0.681891
0.139705	-2.075890
-0.587466	0.790626
-1.269031	-0.051557
0.092900	1.700887
-0.108741	1.407227
-1.087378	-0.199980
-0.464306	0.639152
-0.164762	-2.053146
-0.564909	0.346063
-0.991942	-0.049332
-0.257667	1.564782
-1.197826	0.043981
-0.654324	0.482088
-0.522926	0.926098
-1.277247	-0.129798
0.132700	1.493891
0.024081	1.371798
-1.199259	-0.196947
-0.498869	0.802353
-0.036641	-1.991542
-0.609127	0.451402
-1.137983	-0.016098
-0.124296	1.807905
-0.184131	1.666998
-1.071661	-0.053149
-0.569412	0.418544
-0.111376	-2.076107
-0.484748	0.675031
-1.127173	-0.191150
-0.067550	1.420246
0.083477	1.618223
-1.258218	-0.074089
-0.575765	0.782938
0.112585	-2.082850
-0.611675	0.657325
-1.243717	-0.011555
0.032245	1.861644
-0.169925	1.462927
-1.040715	-0.153630
-0.473327	0.527487
-0.201557	-2.069211
-0.532387	0.358824
-0.970556	-0.071023
-0.261126	1.496623
-1.233329	0.049472
-0.649753	0.557064
-0.551104	0.902224
-1.284497	-0.089640
0.133939	1.608461
-0.054121	1.369558
-1.132969	-0.218471
-0.471559	0.721393
-0.117331	-2.034882
-0.586789	0.374960
-1.047308	-0.037415
-0.218118	1.671762
-0.137547	1.935382
-1.141184	0.008993
-0.634277	0.425998
-0.495350	0.873746
-1.231542	-0.195497
0.069972	1.355918
0.148665	1.438901
-1.281990	-0.156999
-0.487442	0.979795
-0.673509	0.378210
-1.130870	0.039619
-0.260733	1.706749
-1.025664	0.000764
-0.639520	0.311868
-0.455500	0.871312
-1.195665	-0.253078
0.028656	1.274643
0.237439	1.505440
-1.313935	-0.190512
-0.310536	1.151200
-0.821000	-0.093710
-0.451582	0.311538
-0.346193	-1.988273
-0.500133	0.182024
-0.694140	-0.021375
-0.354118	0.864986
-1.096634	-0.368429
-0.065006	1.137052
-1.278867	-0.370382
0.199266	1.066367
0.445113	1.268556
-1.231389	-0.533964
0.132642	0.780905
-0.860466	-0.885835
-0.195541	0.381826
-0.583050	-0.270969
-0.502215	-1.742928
-0.357272	0.309420
-0.705392	-0.130588
-0.327242	0.811067
-1.026099	-0.383590
-0.123105	1.108782
-1.256854	-0.391496
0.147559	1.010961
0.523523	1.405468
-1.158095	-0.611783
0.022456	0.706703
-0.724330	-0.941928
-0.268038	0.237916
-0.533202	-0.150999
-0.480602	-1.841755
-0.393605	0.216051
-0.634856	-0.074001
-0.357862	0.637041
-0.953248	-0.283238
-0.195284	1.188399
-1.317671	-0.217075
0.267837	1.536331
0.016420	1.247725
-1.183814	-0.273094
-0.439460	0.875137
-0.645855	0.262523
-0.961994	0.005525
-0.306954	1.580621
-1.192882	0.079298
-0.690185	0.435862
-0.516825	1.023677
-1.312960	-0.068536
-0.151148	1.317858
-1.029295	-0.242103
-0.416212	0.641170
-0.254111	-1.933371
-0.589078	0.165303
-0.750793	0.013224
-0.357771	1.055665
-1.266352	-0.270617
0.141544	1.213143
0.296912	1.358815
-1.308605	-0.303815
0.331799	1.558882
0.025068	1.191711
-1.187321	-0.304545
-0.406575	0.919674
-0.675029	0.157361
-0.808998	0.044040
-0.366174	1.235567
-1.331996	-0.018622
-0.452783	1.157714
-0.745014	0.251391
-1.024587	0.063189
-0.307569	1.826215
-1.088472	0.076336
-0.744886	0.295490
-0.472707	1.166216
-1.332894	0.019559
-0.447594	1.193884
-0.759929	0.233131
-1.005153	0.069464
-0.324981	1.780323
-1.104584	0.087477
-0.754497	0.303123
-0.478742	1.193383
-1.331505	0.059721
-0.538031	1.108711
-0.724475	0.456509
-1.226340	0.137618
-0.383673	1.508145
-0.896471	0.098464
-0.811723	0.155745
-0.418111	1.309486
-1.312396	0.102948
-0.652988	0.840840
-0.661342	0.808946
-1.308986	0.110883
-0.419699	1.318066
-0.814556	0.159236
-0.903259	0.098696
-0.382862	1.527623
-1.216741	0.137284
-0.732156	0.434482
-0.531358	1.132306
-1.331682	0.072948
-0.517399	1.153231
-0.738854	0.398506
-1.193606	0.124175
-0.367711	1.576389
-0.926289	0.082747
-0.785942	0.178798
-0.426683	1.248121
-1.327982	0.056126
-0.573881	1.037157
-0.705367	0.558178
-1.264369	0.148279
-0.408918	1.425063
-0.857174	0.136771
-0.876924	0.123261
-0.400552	1.472325
-1.242409	0.148701
-0.720855	0.488866
-0.550945	1.093936
-1.330994	0.067010
-0.482097	1.195588
-0.755103	0.310369
-1.113643	0.091121
-0.330682	1.756504
-0.996407	0.070746
-0.762833	0.226487
-0.445214	1.200462
-1.332679	0.023996
-0.485960	1.153123
-0.738917	0.328608
-1.125509	0.085065
-0.322733	1.727513
-0.993259	0.057591
-0.738587	0.234238
-0.444004	1.135635
-1.328050	-0.059366
-0.258252	1.268918
-0.906687	-0.159767
-0.415212	0.441935
-0.341692	-1.951813
-0.547783	0.089467
-0.588653	0.045961
-0.328910	-1.875348
-0.393014	0.564898
-0.960060	-0.225028
-0.207326	1.274257
-1.326109	-0.083530
-0.423005	1.138699
-0.746135	0.182974
-0.908625	0.063687
-0.361393	1.511863
-1.226313	0.121434
-0.709620	0.469258
-0.538193	1.068870
-1.328243	0.017035
-0.368173	1.264063
-0.818347	0.050412
-0.690598	0.155174
-0.406691	0.966793
-1.223277	-0.284566
0.071143	1.201462
0.319078	1.462562
-1.309685	-0.302196
0.313134	1.430603
0.090869	1.204306
-1.236825	-0.277950
-0.400220	0.989494
-0.701815	0.135204
-0.788585	0.062783
-0.374974	1.193734
-1.331542	-0.065483
-0.311784	1.234897
-0.847594	-0.072889
-0.490799	0.296037
-0.296576	-2.027739
-0.475475	0.338318
-0.880550	-0.093972
-0.293826	1.289716
-1.324496	-0.013324
-0.530269	1.053634
-0.702973	0.456996
-1.214945	0.105585
-0.340328	1.536074
-0.928147	0.037633
-0.698834	0.213280
-0.428396	1.016314
-1.271148	-0.218761
0.140955	1.308049
0.194884	1.359917
-1.296429	-0.211395
-0.366938	1.095199
-0.758313	0.040793
-0.643005	0.142885
-0.403215	0.812207
-1.106277	-0.312640
-0.064231	1.222488
-1.320263	-0.223267
-0.087230	1.216380
-1.081420	-0.318293
-0.392616	0.790710
-0.643714	0.103695
-0.686434	0.063460
-0.377848	0.901421
-1.148172	-0.342203
-0.016137	1.156850
-1.292005	-0.352601
0.239266	1.135980
0.357369	1.229633
-1.283369	-0.429806
0.267848	1.036103
0.444066	1.153562
-1.222375	-0.567771
0.123770	0.726058
-0.804025	-1.013241
-0.228483	0.246945
-0.503874	-0.188916
-0.522148	-1.821857
-0.408025	0.070416
-0.458712	0.005345
-0.485019	-1.873779
-0.455565	0.014347
-0.416874	0.062967
-0.513071	-1.835958
-0.495024	-0.147278
-0.259286	0.206889
-0.745470	-1.054204
0.060609	0.708183
-1.186785	-0.593682
0.494218	1.283445
0.188494	1.024142
-1.272566	-0.391273
-0.039274	1.130276
-1.123244	-0.366447
-0.355311	0.894298
-0.701687	-0.011638
-0.519264	0.174576
-0.325948	-1.993439
-0.441213	0.385235
-0.888253	-0.125569
-0.278687	1.272095
-1.327933	-0.042932
-0.469681	1.118487
-0.727335	0.299296
-1.081245	0.063051
-0.288477	1.848093
-1.039231	0.053577
-0.724250	0.270665
-0.456548	1.105128
-1.322616	-0.079805
-0.183483	1.288278
-0.988909	-0.238994
-0.398759	0.604608
-0.302087	-1.881647
-0.592662	0.084889
-0.615094	0.061831
-0.388433	0.668822
-1.008125	-0.276111
-0.159143	1.254009
-1.326369	-0.134818
-0.309402	1.188214
-0.834103	-0.087930
-0.464421	0.310002
-0.327793	-2.005260
-0.491953	0.235814
-0.766234	-0.049344
-0.335580	1.050101
-1.252865	-0.301538
0.121483	1.159082
0.361648	1.392783
-1.292421	-0.381504
0.268389	1.124667
0.358498	1.192080
-1.279434	-0.446396
0.262326	0.999250
0.481572	1.138021
-1.188375	-0.616011
0.068285	0.666498
-0.730077	-1.346951
-0.277953	0.084575
-0.392538	-0.094430
-0.605562	-1.728712
-0.509035	-0.459284
-0.104021	0.397530
-1.007368	-0.866373
0.327736	0.682355
-1.221314	-0.651880
0.188621	0.572655
-0.812784	-1.292309
-0.246649	-0.058721
-0.278578	-0.122907
-0.772836	-1.400493
0.132510	0.596085
-1.211701	-0.640166
0.398765	0.839537
0.468403	0.818062
-1.162462	-0.697357
0.044333	0.540171
-0.722196	-1.563180
-0.149661	0.100784
-0.948250	-1.053443
-1.153037	-0.803115
0.065814	0.246388
-0.823815	-1.458378
0.076055	0.262803
-1.159080	-0.792494
-0.944868	-1.052587
-0.151695	0.111511
-0.353420	-0.378055
-0.713246	-1.578921
0.031419	0.532787
-1.152943	-0.707261
0.478897	0.802094
0.390202	0.835323
-1.215976	-0.634932
0.143215	0.605140
-0.779810	-1.365393
-0.268828	-0.075878
-0.270780	-0.079900
-0.777360	-1.372153
0.139729	0.605254
-1.215009	-0.634777
0.394165	0.844185
0.471565	0.822895
-1.160628	-0.698227
0.041510	0.540834
-0.719713	-1.566155
-0.347502	-0.384399
-0.153533	0.099138
-0.942813	-1.059045
-1.158520	-0.794561
0.075747	0.255609
-0.825379	-1.456108
0.068147	0.242636
-1.154085	-0.802199
-0.945474	-1.059654
-0.151917	0.092295
-0.726079	-1.554745
0.050666	0.543866
-1.166991	-0.691832
0.463717	0.828062
0.401763	0.843277
-1.210554	-0.641133
0.129388	0.595823
-0.770816	-1.408071
-0.280837	-0.130690
-0.242696	-0.054330
-0.818474	-1.279619
0.196156	0.564219
-1.221125	-0.656188
0.316170	0.654807
-0.980854	-0.899299
-0.122733	0.361720
-0.498478	-0.392420
-0.595761	-1.744666
-0.401377	-0.097351
-0.277206	0.094137
-0.729150	-1.334787
0.065954	0.669338
-1.187174	-0.614931
0.484228	1.151904
0.254470	1.001364
-1.279808	-0.439414
0.366702	1.236103
0.232491	1.128764
-1.290575	-0.351808
-0.033542	1.153602
-1.130965	-0.349357
-0.372368	0.885917
-0.685795	0.044402
-0.607383	0.118624
-0.402142	0.678156
-1.029921	-0.269223
-0.143447	1.278448
-1.323070	-0.111706
-0.399958	1.139693
-0.755889	0.125681
-0.805935	0.086090
-0.384842	1.255227
-1.329205	0.021953
-0.535284	1.078552
-0.712830	0.460012
-1.222440	0.121741
-0.361996	1.519235
-0.910818	0.066354
-0.750574	0.182007
-0.423455	1.151201
-1.328797	-0.066682
-0.258082	1.263111
-0.905116	-0.162395
-0.412355	0.444529
-0.345413	-1.945062
-0.550428	0.078345
-0.572332	0.054611
-0.337706	-1.913230
-0.400114	0.511490
-0.937176	-0.197003
-0.230029	1.277506
-1.326208	-0.066849
-0.449393	1.123693
-0.732821	0.249846
-1.013460	0.055437
-0.308814	1.779076
-1.105025	0.075627
-0.735778	0.313061
-0.478171	1.143899
-1.331992	0.000330
-0.391147	1.231045
-0.793994	0.100727
-0.778263	0.112524
-0.395936	1.195233
-1.332524	-0.040864
-0.362335	1.220931
-0.806065	0.035202
-0.655647	0.163834
-0.408623	0.863505
-1.146881	-0.311086
-0.021719	1.208506
0.311410	1.676475
-1.315360	-0.262096
0.302687	1.545372
0.021361	1.216946
-1.185862	-0.290193
-0.422409	0.900235
-0.660908	0.207621
-0.886882	0.022133
-0.344429	1.418524
-1.273436	0.098822
-0.671358	0.634318
-0.590483	0.931597
-1.312240	0.006975
-0.268808	1.330739
-0.915269	-0.121069
-0.455993	0.393230
-0.297965	-2.019348
-0.511792	0.241584
-0.795711	-0.044909
-0.332608	1.131648
-1.308066	-0.199160
0.222786	1.437317
0.076038	1.285571
-1.231433	-0.233431
-0.459238	0.923313
-0.656869	0.314842
-1.045036	0.012693
-0.252104	1.769384
-1.105036	0.034216
-0.674936	0.352046
-0.477535	0.981833
-1.277402	-0.172140
0.143265	1.402536
0.102188	1.359818
-1.252526	-0.189400
-0.488546	0.922532
-0.652381	0.395789
-1.130357	0.022277
-0.237315	1.701644
-1.040352	-0.015975
-0.614782	0.342793
-0.463109	0.803400
-1.163825	-0.244399
-0.012760	1.310830
0.197561	1.558881
-1.307095	-0.140168
-0.443334	1.070774
-0.714495	0.244764
-0.991504	0.044013
-0.314455	1.703074
-1.135853	0.079640
-0.724314	0.346270
-0.489565	1.115558
-1.329629	-0.015920
-0.333949	1.260620
-0.839179	-0.022386
-0.565729	0.232955
-0.235441	-2.005400
-0.436473	0.594452
-1.031342	-0.206895
-0.159967	1.373691
-1.290426	-0.031296
-0.590258	0.852617
-0.642168	0.664971
-1.266711	0.044484
-0.260244	1.431985
-0.952771	-0.095371
-0.497245	0.380368
-0.240820	-2.061420
-0.489335	0.402822
-0.965081	-0.106305
-0.248215	1.439895
-1.262283	0.037887
-0.638885	0.656607
-0.585831	0.848378
-1.286393	-0.042128
0.116491	1.817205
-0.137403	1.378556
-1.054693	-0.211931
-0.443873	0.622450
-0.209537	-2.017020
-0.569044	0.268291
-0.894482	-0.032076
-0.315877	1.384898
-1.289994	0.068028
-0.649924	0.736241
-0.621106	0.844286
-1.302866	0.031293
-0.281887	1.355268
-0.911517	-0.093412
-0.486614	0.353509
-0.271497	-2.044051
-0.488329	0.349151
-0.908291	-0.091527
-0.284220	1.351601
-1.304520	0.030519
-0.618827	0.855039
-0.653108	0.727214
-1.289156	0.073254
-0.322856	1.385828
-0.890055	-0.019842
-0.587174	0.252054
-0.199112	-1.980091
-0.437258	0.679347
-1.073361	-0.239792
-0.112030	1.340752
0.158573	1.765484
-1.302280	-0.072639
-0.540336	0.965228
-0.671379	0.510257
-1.225413	0.075352
-0.298291	1.515104
-0.948438	-0.022387
-0.597097	0.285089
-0.166338	-1.966046
-0.445300	0.727303
-1.105698	-0.248455
-0.077371	1.327188
0.176965	1.675776
-1.305528	-0.098295
-0.504728	1.014464
-0.686273	0.410828
-1.170197	0.064324
-0.290573	1.625420
-0.985377	0.001387
-0.639946	0.281898
-0.445453	0.863821
-1.181846	-0.266983
0.013030	1.260329
0.254028	1.536155
-1.317055	-0.200529
-0.255219	1.174058
-0.882291	-0.201937
-0.370992	0.486254
-0.403298	-1.792049
-0.593794	-0.086581
-0.358266	0.210987
-0.540184	-1.732916
-0.571351	-0.348386
-0.152261	0.427549
-0.935241	-0.862845
0.208789	0.789692
-1.251706	-0.540263
0.374573	1.022519
0.390424	1.029938
-1.244187	-0.553819
0.186011	0.755775
-0.883313	-0.921868
-0.183269	0.350814
-0.545958	-0.273573
-0.524631	-1.783976
-0.376910	0.174535
-0.566088	-0.061906
-0.408893	-1.864280
-0.386191	0.406007
-0.837883	-0.159352
-0.284734	1.127467
-1.296684	-0.250680
0.208111	1.293142
0.204445	1.289439
-1.295461	-0.250101
-0.292333	1.122647
-0.829027	-0.143208
-0.397913	0.379792
-0.399764	-1.896259
-0.551514	-0.021445
-0.422454	0.132344
-0.474811	-1.873790
-0.497478	-0.066064
-0.340470	0.143660
-0.596820	-1.651825
-0.590307	-0.545792
-0.088992	0.533007
-1.030623	-0.775543
0.238846	0.859091
-1.262415	-0.512850
0.357860	1.042692
0.386201	1.058186
-1.250355	-0.536924
0.198130	0.789956
-0.925031	-0.866648
-0.158450	0.422672
-0.573930	-0.336394
-0.534297	-1.733797
-0.357570	0.229314
-0.614128	-0.095250
-0.361891	0.551138
-0.911302	-0.237668
-0.231258	1.184650
-1.318999	-0.200282
0.261697	1.583741
-0.010096	1.252857
-1.161246	-0.278923
-0.436345	0.844683
-0.636950	0.255152
-0.942195	0.001952
-0.314634	1.530960
-1.217854	0.087090
-0.684348	0.480411
-0.533272	1.003333
-1.312023	-0.056291
-0.167327	1.322945
-1.013415	-0.230822
-0.414771	0.612723
-0.267990	-1.941406
-0.583208	0.152518
-0.723347	0.018142
-0.361482	0.980734
-1.205432	-0.330634
0.051792	1.134969
0.396988	1.560982
-1.276258	-0.409166
0.209905	1.008974
0.501010	1.234985
-1.177172	-0.612732
0.049218	0.684547
-0.722815	-1.235571
-0.274341	0.149348
-0.451512	-0.116401
-0.544613	-1.812860
-0.450387	-0.112954
-0.276818	0.145753
-0.718299	-1.255583
0.044398	0.681258
-1.173521	-0.616376
0.504739	1.238078
0.208033	1.005953
-1.275640	-0.409915
0.397880	1.570779
0.049498	1.133835
-1.203623	-0.331828
-0.361454	0.978647
-0.722722	0.018212
-0.582396	0.151926
-0.268738	-1.943234
-0.414985	0.610171
-1.012235	-0.229893
-0.168682	1.324558
-1.311702	-0.054615
-0.535837	0.998841
-0.683265	0.488087
-1.221236	0.087634
-0.315388	1.524019
-0.939654	0.001749
-0.635304	0.253967
-0.436055	0.839694
-1.157547	-0.279448
-0.014374	1.255054
0.259549	1.591118
-1.319139	-0.196280
-0.241623	1.182316
-0.899356	-0.221929
-0.365644	0.522951
-0.605381	-0.092017
-0.357109	0.221984
-0.537893	-1.730647
-0.573808	-0.344921
-0.154284	0.428219
-0.931922	-0.862133
0.203604	0.791165
-1.251332	-0.537496
0.380757	1.043616
0.371714	1.038082
-1.255359	-0.529848
0.216625	0.812910
-0.964246	-0.832696
-0.134199	0.468380
-0.581683	-0.398606
-0.554572	-1.701178
-0.350074	0.211170
-0.585077	-0.090601
-0.410779	-1.817534
-0.374198	0.453130
-0.861766	-0.185846
-0.268505	1.151557
-1.308127	-0.226666
0.234792	1.391045
0.114091	1.271860
-1.254710	-0.236476
-0.431894	0.987734
-0.687484	0.227006
-0.941879	0.030485
-0.330874	1.562611
-1.201964	0.097882
-0.703725	0.436571
-0.521884	1.058534
-1.323825	-0.024227
-0.273134	1.292012
-0.899623	-0.127722
-0.443020	0.393626
-0.318420	-1.998911
-0.519777	0.187314
-0.721410	-0.017960
-0.350969	0.948777
-1.168805	-0.358515
0.009072	1.116212
-1.259524	-0.430943
0.166527	0.950946
0.580781	1.408597
-1.089059	-0.684472
-0.044861	0.645888
-0.660142	-0.739613
-0.300504	0.223281
-0.549747	-0.123077
-0.453700	-1.848742
-0.387351	0.299609
-0.730353	-0.113882
-0.324605	0.896724
-1.098899	-0.396961
-0.059157	1.092148
-1.234887	-0.447285
0.114811	0.922841
-1.026969	-0.707011
-0.094368	0.640685
-0.675846	-0.572907
-0.294790	0.358959
-0.679533	-0.183278
-0.325945	0.689705
-0.942680	-0.333343
-0.190147	1.110204
-1.266726	-0.349623
0.159437	1.082022
0.441088	1.340119
-1.238817	-0.510558
0.142288	0.818901
-0.908776	-0.830004
-0.168117	0.464389
-0.613237	-0.342090
-0.337117	0.355203
-0.728053	-0.159965
-0.315191	0.850468
-1.047525	-0.403355
-0.103106	1.085586
-1.230612	-0.436704
0.104634	0.942410
-1.050196	-0.684355
-0.077713	0.667631
-0.690399	-0.622521
-0.286130	0.357622
-0.667910	-0.187661
-0.329336	0.650719
-0.924712	-0.310451
-0.205588	1.115544
-1.274046	-0.330595
0.171958	1.118253
0.396812	1.317230
-1.269641	-0.453470
0.212930	0.937732
0.570695	1.193993
-1.098020	-0.697410
-0.035503	0.616630
-0.646678	-1.530004
-0.314760	0.132505
-0.464736	-0.078559
-0.514821	-1.843286
-0.443376	-0.020527
-0.368969	0.078619
-0.575160	-1.731962
-0.547110	-0.416711
-0.120107	0.435556
-0.985137	-0.850820
0.271228	0.770293
-1.247821	-0.580197
0.290980	0.793841
-1.024286	-0.815750
-0.092500	0.472390
-0.550407	-0.515901
-0.599633	-1.704838
-0.364482	0.031888
-0.387707	-0.001408
-0.578579	-1.751862
-0.519252	-0.377594
-0.129731	0.382741
-0.970573	-0.888810
0.289437	0.712570
-1.236022	-0.618734
0.248028	0.672498
-0.898422	-0.985713
-0.176224	0.271873
-0.478199	-0.262508
-0.571986	-1.778740
-0.420975	-0.097252
-0.282734	0.111101
-0.714280	-1.347708
0.045039	0.669289
-1.173097	-0.623304
0.502550	1.198054
0.226713	0.998632
-1.277868	-0.423552
0.389345	1.389480
0.127041	1.133860
-1.254524	-0.316117
-0.304551	1.064941
-0.799359	-0.129237
-0.400109	0.347824
-0.410566	-1.895512
-0.544731	-0.030016
-0.407254	0.136808
-0.494517	-1.845720
-0.511401	-0.139034
-0.271113	0.212489
-0.719969	-1.001511
0.027241	0.698756
-1.161558	-0.613638
0.519960	1.351883
0.162994	1.009173
-1.263007	-0.393980
-0.086621	1.117284
-1.070521	-0.382749
-0.337653	0.852141
-0.705625	-0.081087
-0.417319	0.250760
-0.427801	-1.907493
-0.516363	-0.009187
-0.419795	0.107554
-0.489465	-1.859232
-0.497063	-0.097219
-0.306726	0.168295
-0.650737	-1.460324
-0.649090	-0.832592
-0.034063	0.633834
-1.100409	-0.685692
0.570799	1.268375
0.192220	0.949202
-1.266826	-0.438213
0.410041	1.482328
0.084972	1.121502
-1.228566	-0.329022
-0.334479	1.022488
-0.758502	-0.055953
-0.477209	0.241336
-0.345058	-1.994494
-0.473351	0.252150
-0.768661	-0.062397
-0.331107	1.045724
-1.247348	-0.310958
0.113163	1.144602
0.380023	1.410537
-1.284028	-0.404623
0.241223	1.046391
0.447721	1.196465
-1.223513	-0.558452
0.122813	0.741426
-0.815893	-0.968307
-0.221015	0.285914
-0.531168	-0.208485
-0.507947	-1.816255
-0.390001	0.165991
-0.566774	-0.051701
-0.402935	-1.868290
-0.387118	0.415894
-0.847770	-0.163243
-0.280372	1.145827
-1.306600	-0.226420
0.229503	1.380652
0.122862	1.276064
-1.259911	-0.234068
-0.427147	0.999763
-0.693440	0.212427
-0.921536	0.035260
-0.341338	1.517649
-1.224415	0.106724
-0.697905	0.477675
-0.537218	1.038036
-1.322458	-0.016430
-0.276545	1.297786
-0.898265	-0.120511
-0.450422	0.383071
-0.311992	-2.008167
-0.513187	0.213768
-0.755293	-0.032654
-0.342362	1.033608
-1.241750	-0.310890
0.103580	1.146512
0.379180	1.427346
-1.285079	-0.399720
0.242341	1.056328
0.437339	1.198759
-1.232080	-0.544649
0.139022	0.762839
-0.847969	-0.919959
-0.202822	0.342090
-0.559635	-0.247377
-0.504786	-1.785394
-0.371240	0.244216
-0.646402	-0.096246
-0.350584	0.657787
-0.955102	-0.298742
-0.190285	1.170089
-1.309297	-0.250996
0.251873	1.368935
0.133073	1.254789
-1.264277	-0.246401
-0.401574	1.025470
-0.713797	0.137425
-0.800949	0.066033
-0.375996	1.228908
-1.332352	-0.017600
-0.446135	1.165466
-0.749510	0.234579
-1.000527	0.063458
-0.323139	1.757359
-1.113461	0.085874
-0.746698	0.314131
-0.481682	1.173304
-1.332641	0.040964
-0.491860	1.160015
-0.741209	0.340150
-1.139966	0.093106
-0.332951	1.693578
-0.978771	0.061111
-0.745735	0.222463
-0.440270	1.152058
-1.330484	-0.043332
-0.309255	1.253454
-0.855867	-0.073543
-0.492664	0.301060
-0.291296	-2.030987
-0.475466	0.348612
-0.891873	-0.097069
-0.288404	1.310772
-1.318925	0.003090
-0.569837	0.986659
-0.685771	0.568179
-1.258943	0.114256
-0.358144	1.446640
-0.888592	0.049557
-0.713076	0.184485
-0.419296	1.046270
-1.285293	-0.202740
0.166426	1.351954
0.149433	1.334922
-1.276763	-0.206106
-0.434683	1.019944
-0.698164	0.230251
-0.955612	0.035441
-0.327842	1.602353
-1.182491	0.093490
-0.712086	0.403929
-0.510811	1.082809
-1.326850	-0.017732
-0.304669	1.278408
-0.867835	-0.076707
-0.493032	0.310254
-0.285759	-2.034604
-0.477000	0.354456
-0.900449	-0.098454
-0.284547	1.327507
-1.313531	0.014300
-0.593454	0.932765
-0.672795	0.640559
-1.275821	0.102445
-0.351812	1.412338
-0.880477	0.034005
-0.680924	0.194028
-0.419349	0.955575
-1.223685	-0.274072
0.070337	1.218824
0.298670	1.457884
-1.313159	-0.275269
0.319839	1.686269
-0.018798	1.200352
-1.149033	-0.314637
-0.405065	0.870836
-0.659991	0.152643
-0.788526	0.041228
-0.366064	1.178777
-1.328817	-0.095501
-0.228986	1.254472
-0.932242	-0.208256
-0.390045	0.523880
-0.351066	-1.874671
-0.583114	0.016988
-0.496710	0.111472
-0.387708	-1.955313
-0.443336	0.253336
-0.737207	-0.073145
-0.333376	0.950102
-1.157974	-0.376211
-0.001320	1.095062
-1.237604	-0.463446
0.124174	0.895413
-0.993975	-0.737283
-0.116565	0.601346
-0.659722	-0.504030
-0.305324	0.368401
-0.700835	-0.181467
-0.319228	0.754156
-0.975482	-0.369453
-0.162130	1.096168
-1.249285	-0.388040
0.130584	1.015997
0.522238	1.486369
-1.159256	-0.604164
0.022958	0.718481
-0.735849	-0.900826
-0.261563	0.268687
-0.556431	-0.166996
-0.470049	-1.823703
-0.379654	0.292325
-0.712468	-0.113998
-0.328919	0.845797
-1.056460	-0.390071
-0.097624	1.106651
-1.252655	-0.407434
0.142256	0.984901
-1.122828	-0.643790
-0.014887	0.685784
-0.695658	-0.834588
-0.281951	0.245533
-0.554627	-0.143823
-0.460122	-1.835824
-0.382786	0.302802
-0.728250	-0.117362
-0.324386	0.888183
-1.090571	-0.397440
-0.066769	1.093244
-1.236576	-0.442188
0.116993	0.930440
-1.038679	-0.699545
-0.085918	0.648571
-0.677671	-0.596351
-0.293192	0.346817
-0.666199	-0.178526
-0.331230	0.652968
-0.928355	-0.310311
-0.203563	1.120908
-1.278094	-0.323828
0.180295	1.134188
0.377181	1.305433
-1.280042	-0.429231
0.243359	1.006446
0.486065	1.172403
-1.187292	-0.611296
0.065263	0.676202
-0.730705	-1.297534
-0.274114	0.114650
-0.417969	-0.106443
-0.578809	-1.770375
-0.480570	-0.288856
-0.162710	0.289752
-0.920286	-0.966061
0.270628	0.657171
-1.231426	-0.634672
0.255427	0.643798
-0.895930	-1.007875
-0.178501	0.243760
-0.458157	-0.253867
-0.587015	-1.765728
-0.436957	-0.190054
-0.214090	0.182918
-0.837310	-1.081404
0.193117	0.672171
-1.234727	-0.602067
0.357290	0.851219
0.507192	0.807255
-1.131289	-0.722750
0.003881	0.533190
-0.688751	-1.608155
-0.355066	-0.226730
-0.192359	0.090001
-0.883948	-1.116539
0.270497	0.451824
-1.208776	-0.700274
0.203364	0.449006
-0.830142	-1.335952
-0.185079	-0.138989
-0.912367	-1.160276
-1.161509	-0.803482
-0.847650	-1.422565
-1.152826	-0.818108
-0.921538	-1.147034
-0.178106	-0.133671
-0.828801	-1.343047
0.200533	0.447494
-1.208464	-0.700594
0.273189	0.451342
-0.887044	-1.107907
-0.189889	0.100881
-0.360994	-0.231730
-0.682605	-1.620500
-0.005508	0.520475
-1.122347	-0.734884
0.359603	0.832287
-1.230893	-0.611991
0.185028	0.651956
-0.821241	-1.150136
-0.226463	0.123393
-0.396056	-0.164554
-0.623819	-1.711326
-0.503439	-0.551125
-0.087124	0.405557
-1.029680	-0.851255
0.350043	0.655381
-1.210002	-0.672128
0.154508	0.528702
-0.794740	-1.412855
-0.167708	-0.039318
-0.930664	-1.116969
-1.149908	-0.818847
0.066546	0.135068
-0.840556	-1.432930
0.093674	0.175205
-1.164067	-0.794646
-0.917303	-1.131532
-0.176937	-0.032119
-0.787393	-1.420885
0.145814	0.543923
-1.209650	-0.665423
0.365391	0.703231
-1.066707	-0.809696
-0.057120	0.445852
-0.647214	-1.680733
-0.388232	-0.214670
-0.196194	0.135151
-0.873516	-1.097115
0.252861	0.568807
-1.221830	-0.664707
0.250320	0.567620
-0.870333	-1.106484
-0.198587	0.125879
-0.382463	-0.210610
-0.652623	-1.670942
-0.048002	0.462782
-1.077463	-0.793734
0.363338	0.736989
-1.215163	-0.652627
0.156125	0.569272
-0.790459	-1.380642
-0.272211	-0.174915
-0.225647	-0.070751
-0.847717	-1.238480
0.232800	0.472799
-1.212229	-0.693260
0.246347	0.476645
-0.859432	-1.190332
-0.212986	0.002393
-0.307526	-0.193003
-0.743211	-1.487776
0.086502	0.587459
-1.191519	-0.654590
0.442921	0.901451
0.400356	0.896780
-1.219210	-0.619405
0.142837	0.634135
-0.780834	-1.308409
-0.258525	0.012007
-0.325171	-0.104966
-0.699482	-1.554435
0.028077	0.588507
-1.154640	-0.678220
0.500739	0.987578
0.318104	0.925941
-1.260702	-0.532050
0.270751	0.859144
-1.058393	-0.765198
-0.067089	0.533452
-0.578487	-0.658696
-0.618524	-1.656424
-0.346347	0.056542
-0.404181	-0.025764
-0.565762	-1.777223
-0.499669	-0.295178
-0.162061	0.316067
-0.920573	-0.947256
0.258737	0.690561
-1.237736	-0.614055
0.281782	0.714068
-0.961627	-0.896253
-0.135655	0.376251
-0.519509	-0.362541
-0.573661	-1.757059
-0.388130	0.010724
-0.376972	0.025742
-0.583524	-1.735886
-0.533737	-0.422594
-0.116166	0.420603
-0.990687	-0.858626
0.289988	0.745749
-1.240882	-0.603241
0.257770	0.712094
-0.930873	-0.924471
-0.155376	0.345613
-0.514983	-0.314960
-0.561017	-1.773623
-0.393164	0.025261
-0.395893	0.021201
-0.558711	-1.778102
-0.511779	-0.301150
-0.161182	0.333070
-0.921597	-0.934253
0.251114	0.709671
-1.241159	-0.601354
0.297950	0.760362
-1.008965	-0.840060
-0.103365	0.441201
-0.537416	-0.468129
-0.593621	-1.722542
-0.373489	0.012219
-0.371612	0.014268
-0.595345	-1.718497
-0.540004	-0.479444
-0.100502	0.447930
-1.013011	-0.834047
0.297390	0.766939
-1.242384	-0.597526
0.254126	0.720371
-0.931255	-0.919321
-0.155066	0.352464
-0.519999	-0.317337
-0.558420	-1.772926
-0.389852	0.043885
-0.415098	0.009624
-0.537710	-1.811356
-0.491744	-0.200406
-0.216853	0.244687
-0.826673	-1.018868
0.156627	0.717623
-1.232921	-0.571799
0.410950	1.040254
0.354829	1.011685
-1.259594	-0.524288
0.236878	0.837916
-1.007568	-0.798752
-0.105363	0.507519
-0.584042	-0.484290
-0.581526	-1.674916
-0.345489	0.162186
-0.522513	-0.071402
-0.452363	-1.879268
-0.407195	0.231829
-0.669481	-0.076182
-0.347389	0.747013
-1.002596	-0.343412
-0.148112	1.153724
-1.296359	-0.302881
0.228288	1.214835
0.279768	1.258220
-1.303313	-0.325530
0.346997	1.580957
0.022606	1.178463
-1.184431	-0.313707
-0.397558	0.925306
-0.681760	0.128723
-0.761359	0.060128
-0.374156	1.117209
-1.309500	-0.174336
0.216954	1.496422
0.031599	1.292691
-1.199259	-0.241080
-0.465181	0.862530
-0.634280	0.342601
-1.058017	-0.001654
-0.229715	1.761416
-0.191584	1.909639
-1.105348	0.017617
-0.652780	0.369731
-0.478848	0.921543
-1.244767	-0.205374
0.092271	1.332123
0.172404	1.414040
-1.291050	-0.176436
-0.442446	1.038704
-0.702777	0.247923
-0.987858	0.037460
-0.312164	1.684439
-1.144054	0.078323
-0.717687	0.358103
-0.492789	1.098393
-1.327101	-0.030943
-0.287712	1.277039
-0.881819	-0.108044
-0.458293	0.357523
-0.312452	-2.012591
-0.503911	0.234363
-0.776904	-0.044725
-0.335505	1.082300
-1.278310	-0.263766
0.165260	1.232961
0.271790	1.330324
-1.308205	-0.286227
-0.077114	1.181470
-1.088201	-0.340156
-0.377614	0.824122
-0.663856	0.054773
-0.611739	0.104377
-0.398082	0.684397
-1.028027	-0.275455
-0.143526	1.268333
-1.324532	-0.123568
-0.362056	1.161920
-0.785101	0.031147
-0.638511	0.159809
-0.408192	0.806706
-1.108132	-0.306643
-0.063411	1.231763
-1.321405	-0.209287
-0.141247	1.209843
-1.020326	-0.311380
-0.374255	0.723464
-0.639785	0.021766
-0.539269	0.124854
-0.330566	-1.971384
-0.424424	0.432604
-0.910463	-0.151577
-0.259584	1.286426
-1.325028	-0.038921
-0.497140	1.084651
-0.712578	0.372553
-1.154293	0.078812
-0.312210	1.661465
-0.981708	0.032380
-0.693181	0.248634
-0.441064	1.012024
-1.274926	-0.204283
0.145389	1.337682
0.164526	1.355839
-1.284711	-0.199869
-0.424915	1.040629
-0.709110	0.200684
-0.913883	0.044117
-0.348840	1.507230
-1.229371	0.112240
-0.699542	0.484993
-0.540923	1.040661
-1.323826	-0.006572
-0.299780	1.291993
-0.876432	-0.081945
-0.488777	0.320863
-0.285916	-2.035015
-0.481061	0.342634
-0.892152	-0.092657
-0.290090	1.316161
-1.317272	0.008768
-0.579802	0.967077
-0.681305	0.597556
-1.266792	0.111962
-0.359092	1.430310
-0.882510	0.048785
-0.710202	0.182308
-0.418115	1.036835
-1.279188	-0.213743
0.156017	1.323497
0.178100	1.344506
-1.289622	-0.210477
-0.393695	1.069369
-0.733416	0.113217
-0.767664	0.084889
-0.383929	1.150105
-1.323746	-0.116917
-0.143123	1.273561
-1.029492	-0.271712
-0.400494	0.681160
-0.609312	0.113421
-0.677318	0.048009
-0.374365	0.862819
-1.113797	-0.348055
-0.051250	1.163953
-1.297556	-0.327832
0.247862	1.194402
0.295958	1.233639
-1.300172	-0.353933
0.340565	1.382544
0.126371	1.176354
-1.256500	-0.290839
