0.079375	0.424196
-0.301857	-0.111630
-0.000773	0.239730
-0.188671	-0.024300
-0.180529	-0.015914
-0.009276	0.223580
-0.299239	-0.110125
0.081767	0.431089
-0.279649	-0.098297
-0.056204	0.143675
-0.135308	0.034251
-0.228547	-0.060505
0.040202	0.324911
-0.309542	-0.115772
0.055944	0.362305
-0.244901	-0.073708
-0.113480	0.061638
-0.078459	0.109746
-0.267532	-0.090208
0.074710	0.411088
-0.304975	-0.113324
0.011089	0.262913
-0.200054	-0.035223
-0.168581	-0.003486
-0.021748	0.200962
-0.294858	-0.107591
0.083894	0.437313
-0.285909	-0.102239
-0.043195	0.164566
-0.147934	0.019327
-0.218263	-0.051764
0.029849	0.301967
-0.308486	-0.115211
0.063926	0.382432
-0.253833	-0.080493
-0.100448	0.079011
-0.091589	0.091044
-0.259559	-0.084616
0.068695	0.394830
-0.307330	-0.114610
0.022472	0.286272
-0.211055	-0.045463
-0.156349	0.009931
-0.034476	0.179007
-0.289757	-0.104533
0.084436	0.438902
-0.291485	-0.105623
-0.030333	0.186181
-0.160337	0.005346
-0.207538	-0.042129
0.018846	0.278584
-0.306652	-0.114229
0.070782	0.400488
-0.262204	-0.086538
-0.087342	0.097105
-0.104676	0.073136
-0.251003	-0.078302
0.061459	0.376034
-0.308913	-0.115449
0.033277	0.309562
-0.221641	-0.054798
-0.143870	0.024188
-0.047392	0.157530
-0.283957	-0.100983
0.083377	0.435782
-0.296355	-0.108516
-0.017680	0.208341
-0.172481	-0.007665
-0.196410	-0.031697
0.007298	0.255252
-0.304049	-0.112797
0.076374	0.415796
-0.269983	-0.091946
-0.074207	0.116226
-0.117674	0.056107
-0.241895	-0.071325
0.053142	0.355366
-0.309716	-0.115868
0.043393	0.332376
-0.231776	-0.063246
-0.131180	0.039372
-0.060436	0.136961
-0.277481	-0.096870
0.080747	0.428111
-0.300499	-0.110856
-0.005307	0.231092
-0.184329	-0.019919
-0.184911	-0.020363
-0.004699	0.232204
-0.300686	-0.110922
0.080576	0.427673
-0.277141	-0.096669
-0.061089	0.136005
-0.130543	0.040027
-0.232269	-0.063584
0.043878	0.333404
-0.309735	-0.115875
0.052701	0.354357
-0.241427	-0.071014
-0.118319	0.055437
-0.073552	0.117052
-0.270355	-0.092101
0.076617	0.416424
-0.303899	-0.112745
0.006709	0.254303
-0.195845	-0.031276
-0.173079	-0.008250
-0.017056	0.209367
-0.296579	-0.108597
0.083283	0.435506
-0.283650	-0.100863
-0.048040	0.156714
-0.143242	0.024825
-0.222157	-0.055060
0.033798	0.310582
-0.308972	-0.115468
0.061069	0.375077
-0.250561	-0.078101
-0.105326	0.072454
-0.086688	0.097928
-0.262606	-0.086789
0.071091	0.401235
-0.306541	-0.114171
0.018282	0.277574
-0.206993	-0.041732
-0.160949	0.004859
-0.029696	0.187105
-0.291745	-0.105768
0.084421	0.438861
-0.289484	-0.104430
-0.035116	0.178076
-0.155733	0.010425
-0.211593	-0.045745
0.023025	0.287368
-0.307428	-0.114643
0.068362	0.394023
-0.259145	-0.084356
-0.092243	0.090222
-0.099796	0.079696
-0.254264	-0.080769
0.064296	0.383334
-0.308413	-0.115186
0.029315	0.300918
-0.217738	-0.051392
-0.148557	0.018697
-0.042550	0.165507
-0.286204	-0.102353
0.083959	0.437490
-0.294620	-0.107504
-0.022377	0.200053
-0.167978	-0.002891
-0.200611	-0.035635
0.011668	0.263959
-0.305111	-0.113371
0.074441	0.410443
-0.267149	-0.089973
-0.079114	0.108920
-0.112832	0.062443
-0.245359	-0.074010
0.056366	0.363268
-0.309507	-0.115761
0.039703	0.323944
-0.228046	-0.060159
-0.135942	0.033602
-0.055553	0.144496
-0.279977	-0.098489
0.081909	0.431481
-0.299038	-0.110017
-0.009891	0.222576
-0.179941	-0.015461
-0.189247	-0.024735
-0.000171	0.240826
-0.302030	-0.111690
0.079176	0.423648
-0.274542	-0.094968
-0.065983	0.128582
-0.125754	0.045984
-0.235923	-0.066579
0.047440	0.341689
-0.309820	-0.115920
0.049327	0.346312
-0.237882	-0.068239
-0.123140	0.049279
-0.068648	0.124357
-0.273091	-0.093988
0.078329	0.421241
-0.302717	-0.112107
0.002268	0.245539
-0.191585	-0.027140
-0.177535	-0.012824
-0.012403	0.217802
-0.298199	-0.109499
0.082452	0.433089
-0.281296	-0.099359
-0.052902	0.148826
-0.138521	0.030383
-0.225989	-0.058375
0.037650	0.319149
-0.309348	-0.115668
0.058062	0.367531
-0.247212	-0.075544
-0.110192	0.065930
-0.081782	0.104959
-0.265572	-0.088808
0.073311	0.407257
-0.305643	-0.113692
0.014017	0.268909
-0.202874	-0.037920
-0.165512	-0.000145
-0.024947	0.195390
-0.293635	-0.106885
0.084183	0.438160
-0.287385	-0.103170
-0.039925	0.169913
-0.151094	0.015692
-0.215590	-0.049385
0.027123	0.296052
-0.308095	-0.114998
0.065773	0.387209
-0.256006	-0.082096
-0.097138	0.083491
-0.094906	0.086414
-0.257448	-0.083073
0.066974	0.390267
-0.307804	-0.114850
0.025264	0.292250
-0.213774	-0.047904
-0.153214	0.013394
-0.037728	0.173440
-0.288355	-0.103707
0.084319	0.438556
-0.292785	-0.106426
-0.027109	0.191682
-0.163435	0.001953
-0.204760	-0.039601
0.015972	0.272725
-0.306066	-0.113908
0.072321	0.404600
-0.264230	-0.087997
-0.084020	0.101884
-0.107975	0.068817
-0.248749	-0.076613
0.059452	0.370953
-0.309190	-0.115588
0.035906	0.315326
-0.224249	-0.056989
-0.140678	0.027886
-0.050683	0.152271
-0.282381	-0.099975
0.082858	0.434249
-0.297473	-0.109152
-0.014520	0.214073
-0.175508	-0.010928
-0.193534	-0.028916
0.004301	0.249432
-0.303269	-0.112364
0.077573	0.419147
-0.271854	-0.093192
-0.070884	0.121148
-0.120944	0.051988
-0.239508	-0.069400
0.050882	0.349922
-0.309795	-0.115907
0.045830	0.338022
-0.234265	-0.065290
-0.127941	0.043296
-0.063750	0.131787
-0.275739	-0.095731
0.079840	0.425520
-0.301430	-0.111377
-0.002230	0.236990
-0.187275	-0.022812
-0.181948	-0.017441
-0.007794	0.226381
-0.299717	-0.110375
0.081405	0.430066
-0.278850	-0.097781
-0.057779	0.141172
-0.133773	0.036123
-0.229755	-0.061509
0.041400	0.327645
-0.309616	-0.115810
0.054912	0.359754
-0.243789	-0.072906
-0.115043	0.059703
-0.076875	0.112130
-0.268452	-0.090826
0.075346	0.412863
-0.304639	-0.113154
0.009683	0.260181
-0.198702	-0.034028
-0.170037	-0.004959
-0.020230	0.203726
-0.295424	-0.107893
0.083721	0.436798
-0.285191	-0.101786
-0.044756	0.161960
-0.146423	0.021149
-0.219526	-0.052838
0.031134	0.304724
-0.308654	-0.115295
0.063021	0.380077
-0.252786	-0.079758
-0.102023	0.076916
-0.090009	0.093286
-0.260551	-0.085299
0.069487	0.396937
-0.307087	-0.114470
0.021129	0.283472
-0.209751	-0.044229
-0.157837	0.008278
-0.032931	0.181578
-0.290409	-0.104939
0.084456	0.438961
-0.290850	-0.105280
-0.031873	0.183492
-0.158855	0.006987
-0.208853	-0.043271
0.020203	0.281420
-0.306914	-0.114362
0.070020	0.398408
-0.261226	-0.085869
-0.088924	0.094859
-0.103103	0.075225
-0.252063	-0.079135
0.062391	0.378392
-0.308764	-0.115363
0.032009	0.306745
-0.220389	-0.053638
-0.145385	0.022481
-0.045828	0.160144
-0.284692	-0.101449
0.083589	0.436398
-0.295807	-0.108184
-0.019191	0.205719
-0.171033	-0.006204
-0.197771	-0.033017
0.008715	0.258129
-0.304403	-0.113005
0.075771	0.414073
-0.269078	-0.091342
-0.075790	0.113841
-0.116114	0.058165
-0.243021	-0.072230
0.054197	0.357900
-0.309661	-0.115837
0.042215	0.329600
-0.230580	-0.062258
-0.132719	0.037491
-0.058860	0.139336
-0.278296	-0.097399
0.081145	0.429273
-0.300039	-0.110581
-0.006780	0.228434
-0.182918	-0.018521
-0.186315	-0.021751
-0.003232	0.234966
-0.301131	-0.111187
0.080147	0.426422
-0.276312	-0.096129
-0.062667	0.133627
-0.129000	0.041916
-0.233456	-0.064560
0.045040	0.336043
-0.309775	-0.115894
0.051627	0.351773
-0.240291	-0.070187
-0.119877	0.053515
-0.071970	0.119437
-0.271247	-0.092695
0.077191	0.418020
-0.303529	-0.112528
0.005283	0.251404
-0.194476	-0.029945
-0.174521	-0.009701
-0.015550	0.212100
-0.297113	-0.108880
0.083039	0.434798
-0.282901	-0.100387
-0.049607	0.154095
-0.141722	0.026540
-0.223400	-0.056108
0.035052	0.313363
-0.309105	-0.115535
0.060115	0.372735
-0.249489	-0.077256
-0.106898	0.070369
-0.085106	0.100176
-0.263572	-0.087447
0.071827	0.403242
-0.306263	-0.114031
0.016914	0.274822
-0.205670	-0.040471
-0.162425	0.003227
-0.028161	0.189783
-0.292365	-0.106103
0.084369	0.438705
-0.288818	-0.104015
-0.036665	0.175368
-0.154240	0.012211
-0.212889	-0.046967
0.024356	0.290139
-0.307655	-0.114758
0.067545	0.391848
-0.258141	-0.083663
-0.093823	0.088115
-0.098220	0.081926
-0.255300	-0.081493
0.065178	0.385556
-0.308228	-0.115080
0.028018	0.298128
-0.216466	-0.050204
-0.150063	0.017010
-0.040992	0.168107
-0.286908	-0.102797
0.084100	0.437898
-0.294039	-0.107150
-0.023900	0.197404
-0.166517	-0.001408
-0.201956	-0.036929
0.013064	0.266782
-0.305430	-0.113559
0.073777	0.408590
-0.266216	-0.089345
-0.080697	0.106669
-0.111267	0.064383
-0.246461	-0.074888
0.057377	0.365765
-0.309417	-0.115710
0.038489	0.321170
-0.226828	-0.059144
-0.137473	0.031738
-0.053980	0.146997
-0.280763	-0.098994
0.082239	0.432441
-0.298544	-0.109759
-0.011379	0.219882
-0.178516	-0.014039
-0.190635	-0.026098
0.001278	0.243546
-0.302441	-0.111902
0.078681	0.422277
-0.273685	-0.094404
-0.067564	0.126200
-0.124205	0.047888
-0.237087	-0.067529
0.048564	0.344409
-0.309824	-0.115922
0.048212	0.343617
-0.236723	-0.067295
-0.124691	0.047371
-0.067067	0.126740
-0.273955	-0.094557
0.078839	0.422654
-0.302313	-0.111869
0.000823	0.242829
-0.190200	-0.025784
-0.178964	-0.014369
-0.010911	0.220627
-0.298700	-0.109800
0.082138	0.432176
-0.280517	-0.098859
-0.054474	0.146328
-0.136992	0.032243
-0.227211	-0.059396
0.038872	0.321944
-0.309447	-0.115717
0.057061	0.365063
-0.246116	-0.074673
-0.111759	0.063987
-0.080199	0.107209
-0.266510	-0.089516
0.073988	0.409098
-0.305331	-0.113534
0.012626	0.266099
-0.201534	-0.036632
-0.166976	-0.001754
-0.023421	0.198045
-0.294223	-0.107200
0.084058	0.437790
-0.286688	-0.102732
-0.041481	0.167447
-0.149591	0.017500
-0.216866	-0.050476
0.028426	0.298859
-0.308288	-0.115095
0.064902	0.384952
-0.254976	-0.081378
-0.098715	0.081391
-0.093327	0.088652
-0.258458	-0.083773
0.067803	0.392478
-0.307585	-0.114740
0.023939	0.289388
-0.212483	-0.046689
-0.154709	0.011726
-0.036178	0.176153
-0.289028	-0.104127
0.084388	0.438755
-0.292172	-0.106049
-0.028643	0.189136
-0.161962	0.003579
-0.206086	-0.040761
0.017345	0.275491
-0.306351	-0.114053
0.071598	0.402688
-0.263270	-0.087269
-0.085603	0.099636
-0.106404	0.070900
-0.249827	-0.077464
0.060416	0.373401
-0.309064	-0.115525
0.034659	0.312564
-0.223011	-0.055948
-0.142200	0.026167
-0.049115	0.154761
-0.283137	-0.100458
0.083118	0.435005
-0.296947	-0.108835
-0.016023	0.211346
-0.174069	-0.009365
-0.194907	-0.030253
0.005732	0.252226
-0.303647	-0.112587
0.077013	0.417549
-0.270968	-0.092605
-0.072467	0.118763
-0.119388	0.053907
-0.240649	-0.070324
0.051965	0.352532
-0.309763	-0.115892
0.044676	0.335313
-0.233084	-0.064319
-0.129485	0.041403
-0.062171	0.134299
-0.276574	-0.096276
0.080284	0.426783
-0.300993	-0.111151
-0.003692	0.234238
-0.185875	-0.021430
-0.183362	-0.018845
-0.006317	0.229169
-0.300185	-0.110655
0.081022	0.428951
-0.278041	-0.097257
-0.059355	0.138797
-0.132236	0.038001
-0.230957	-0.062504
0.042586	0.330443
-0.309679	-0.115842
0.053867	0.357247
-0.242668	-0.072008
-0.116604	0.057641
-0.075293	0.114515
-0.269363	-0.091436
0.075962	0.414581
-0.304293	-0.112951
0.008270	0.257316
-0.197344	-0.032714
-0.171488	-0.006545
-0.018716	0.206354
-0.295980	-0.108231
0.083525	0.436230
-0.284462	-0.101381
-0.046319	0.159480
-0.144910	0.022851
-0.220783	-0.053903
0.032408	0.307560
-0.308812	-0.115386
0.062100	0.377750
-0.251731	-0.078931
-0.103597	0.074693
-0.088427	0.095531
-0.261534	-0.085975
0.070261	0.398993
-0.306833	-0.114342
0.019777	0.280651
-0.208441	-0.043093
-0.159321	0.006631
-0.031389	0.184272
-0.291051	-0.105337
0.084452	0.438950
-0.290205	-0.104881
-0.033416	0.180926
-0.157370	0.008635
-0.210161	-0.044512
0.021551	0.284235
-0.307165	-0.114489
0.069240	0.396337
-0.260240	-0.085192
-0.090505	0.092748
-0.101529	0.077450
-0.253116	-0.079876
0.063307	0.380779
-0.308603	-0.115283
0.030731	0.304006
-0.219130	-0.052571
-0.146898	0.020655
-0.044266	0.162623
-0.285417	-0.101908
0.083778	0.436947
-0.295248	-0.107844
-0.020706	0.202963
-0.169580	-0.004617
-0.199127	-0.034218
0.010125	0.260873
-0.304746	-0.113181
0.075148	0.412388
-0.268164	-0.090731
-0.077373	0.111589
-0.114552	0.060098
-0.244139	-0.073038
0.055238	0.360480
-0.309594	-0.115804
0.041025	0.326888
-0.229377	-0.061261
-0.134255	0.035614
-0.057284	0.141842
-0.279102	-0.097921
0.081521	0.430370
-0.299568	-0.110336
-0.008259	0.225642
-0.181503	-0.017115
-0.187714	-0.023244
-0.001771	0.237715
-0.301565	-0.111412
0.079696	0.425141
-0.275474	-0.095582
-0.064246	0.131247
-0.127456	0.043810
-0.234635	-0.065529
0.046190	0.338743
-0.309802	-0.115909
0.050539	0.349152
-0.239148	-0.069262
-0.121432	0.051467
-0.070388	0.121689
-0.272130	-0.093349
0.077744	0.419557
-0.303148	-0.112333
0.003851	0.248605
-0.193102	-0.028606
-0.175959	-0.011263
-0.014049	0.214824
-0.297636	-0.109196
0.082772	0.434023
-0.282142	-0.099903
-0.051176	0.151604
-0.140199	0.028388
-0.224637	-0.057247
0.036295	0.316117
-0.309227	-0.115606
0.059146	0.370275
-0.248409	-0.076403
-0.108467	0.068288
-0.083523	0.102424
-0.264529	-0.088098
0.072544	0.405195
-0.305974	-0.113885
0.015539	0.271939
-0.204342	-0.039310
-0.163897	0.001603
-0.026628	0.192455
-0.292976	-0.106479
0.084293	0.438480
-0.288141	-0.103645
-0.038216	0.172782
-0.152744	0.013880
-0.214178	-0.048076
0.025679	0.292995
-0.307871	-0.114883
0.066710	0.389623
-0.257129	-0.082881
-0.095402	0.085877
-0.096642	0.084027
-0.256327	-0.082210
0.066042	0.387869
-0.308033	-0.114983
0.026711	0.295314
-0.215187	-0.049111
-0.151566	0.015329
-0.039436	0.170702
-0.287603	-0.103233
0.084217	0.438249
-0.293448	-0.106788
-0.025426	0.194620
-0.165051	0.000203
-0.203294	-0.038214
0.014453	0.269587
-0.305739	-0.113716
0.073094	0.406734
-0.265275	-0.088709
-0.082280	0.104418
-0.109700	0.066458
-0.247555	-0.075671
0.058373	0.368223
-0.309315	-0.115660
0.037265	0.318367
-0.225604	-0.058120
-0.139001	0.029879
-0.052409	0.149494
-0.281539	-0.099432
0.082546	0.433336
-0.298040	-0.109456
-0.012873	0.217054
-0.177086	-0.012492
-0.192019	-0.027452
0.002721	0.246371
-0.302842	-0.112139
0.078164	0.420807
-0.272818	-0.093833
-0.069145	0.123684
-0.122653	0.049798
-0.238244	-0.068470
0.049675	0.347005
-0.309816	-0.115919
0.047084	0.340977
-0.235556	-0.066343
-0.126240	0.045467
-0.065487	0.129122
-0.274809	-0.095118
0.079327	0.424047
-0.301899	-0.111656
-0.000628	0.239985
-0.188810	-0.024419
-0.180387	-0.015789
-0.009424	0.223318
-0.299190	-0.110095
0.081801	0.431197
-0.279729	-0.098351
-0.056047	0.143959
-0.135461	0.033981
-0.228427	-0.060409
0.040082	0.324709
-0.309534	-0.115768
0.056046	0.362554
-0.245012	-0.073792
-0.113324	0.061916
-0.078616	0.109593
-0.267440	-0.090142
0.074646	0.410935
-0.305008	-0.113345
0.011228	0.263271
-0.200188	-0.035336
-0.168436	-0.003356
-0.021899	0.200692
-0.294801	-0.107554
0.083910	0.437362
-0.285980	-0.102287
-0.043040	0.164846
-0.148084	0.019189
-0.218136	-0.051559
0.029721	0.301643
-0.308468	-0.115200
0.064016	0.382647
-0.253937	-0.080570
-0.100291	0.079161
-0.091747	0.090892
-0.259459	-0.084544
0.068615	0.394639
-0.307354	-0.114625
0.022605	0.286611
-0.211185	-0.045570
-0.156201	0.010066
-0.034630	0.178731
-0.289691	-0.104490
0.084433	0.438891
-0.291548	-0.105664
-0.030179	0.186455
-0.160485	0.005212
-0.207407	-0.042019
0.018710	0.278349
-0.306626	-0.114213
0.070857	0.400666
-0.262301	-0.086609
-0.087185	0.097389
-0.104833	0.072986
-0.250896	-0.078222
0.061366	0.375807
-0.308927	-0.115457
0.033403	0.309776
-0.221765	-0.054899
-0.143718	0.024327
-0.047548	0.157380
-0.283883	-0.100933
0.083355	0.435713
-0.296410	-0.108510
-0.017529	0.208609
-0.172625	-0.007912
-0.196274	-0.031582
0.007156	0.255004
-0.304013	-0.112774
0.076432	0.415936
-0.270073	-0.092009
-0.074049	0.116379
-0.117830	0.055960
-0.241783	-0.071238
0.053036	0.355106
-0.309721	-0.115868
0.043510	0.332666
-0.231895	-0.063340
-0.131027	0.039516
-0.060594	0.136677
-0.277399	-0.096813
0.080706	0.428015
-0.300544	-0.110885
-0.005160	0.231472
-0.184469	-0.020041
-0.184771	-0.020241
-0.004845	0.231945
-0.300641	-0.110893
0.080617	0.427770
-0.277223	-0.096726
-0.060932	0.136289
-0.130696	0.039884
-0.232151	-0.063490
0.043761	0.333115
-0.309731	-0.115872
0.052807	0.354618
-0.241540	-0.071100
-0.118164	0.055584
-0.073710	0.116767
-0.270266	-0.092038
0.076559	0.416241
-0.303935	-0.112768
0.006851	0.254551
-0.195981	-0.031392
-0.172935	-0.008123
-0.017206	0.209099
-0.296526	-0.108562
0.083306	0.435578
-0.283724	-0.100913
-0.047884	0.156865
-0.143393	0.024560
-0.222033	-0.054960
0.033673	0.310267
-0.308958	-0.115459
0.061164	0.375380
-0.250668	-0.078180
-0.105170	0.072604
-0.086846	0.097776
-0.262510	-0.086718
0.071017	0.401058
-0.306568	-0.114188
0.018418	0.277809
-0.207124	-0.041842
-0.160802	0.004992
-0.029850	0.186830
-0.291683	-0.105727
0.084425	0.438873
-0.289550	-0.104474
-0.034962	0.178224
-0.155881	0.010290
-0.211464	-0.045638
0.022892	0.287030
-0.307404	-0.114628
0.068442	0.394216
-0.259245	-0.084429
-0.092086	0.090506
-0.099953	0.079545
-0.254161	-0.080692
0.064207	0.383050
-0.308431	-0.115184
0.029444	0.301138
-0.217865	-0.051495
-0.148407	0.018960
-0.042705	0.165228
-0.286133	-0.102360
0.083944	0.437442
-0.294678	-0.107542
-0.022225	0.200323
-0.168123	-0.003141
-0.200477	-0.035522
0.011529	0.263715
-0.305078	-0.113375
0.074506	0.410597
-0.267242	-0.090039
-0.078956	0.109205
-0.112988	0.062164
-0.245249	-0.073926
0.056265	0.363020
-0.309516	-0.115760
0.039823	0.324146
-0.228167	-0.060255
-0.135789	0.033744
-0.055710	0.144345
-0.279898	-0.098435
0.081875	0.431401
-0.299086	-0.110048
-0.009742	0.222838
-0.180083	-0.015585
-0.189108	-0.024616
-0.000316	0.240451
-0.301989	-0.111664
0.079224	0.423799
-0.274627	-0.095027
-0.065826	0.128734
-0.125909	0.045710
-0.235807	-0.066488
0.047327	0.341410
-0.309819	-0.115919
0.049438	0.346495
