-0.255432	-0.216591
0.157730	0.386001
-0.263026	-0.217576
-0.207524	-0.214045
-0.279922	-0.219642
-0.196985	-0.215315
-0.268059	-0.218140
0.151821	0.328174
-0.248562	-0.215881
-0.229394	-0.214176
-0.276519	-0.219228
-0.171454	-0.226293
-0.170385	-0.227133
-0.276282	-0.219173
-0.230214	-0.214286
-0.247890	-0.215752
0.150986	0.313499
-0.268480	-0.218242
-0.195988	-0.215403
-0.279876	-0.219632
-0.208470	-0.214117
-0.262520	-0.217447
0.158012	0.388310
-0.256026	-0.216750
-0.219266	-0.213835
-0.278742	-0.219499
-0.183958	-0.218945
-0.157680	-0.246444
-0.272895	-0.218756
-0.239491	-0.215006
-0.239453	-0.214955
-0.272912	-0.218778
-0.157735	-0.246428
-0.183906	-0.218869
-0.278735	-0.219490
-0.219311	-0.213896
-0.255996	-0.216660
0.157998	0.388179
-0.262546	-0.217481
-0.208422	-0.214050
-0.279878	-0.219639
-0.196039	-0.215565
-0.268459	-0.218179
0.151030	0.314564
-0.247924	-0.215855
-0.230172	-0.214230
-0.276294	-0.219189
-0.170439	-0.227212
-0.171400	-0.226310
-0.276507	-0.219213
-0.229435	-0.214305
-0.248528	-0.215836
0.151780	0.327478
-0.268080	-0.218167
-0.196934	-0.215243
-0.279920	-0.219639
-0.207573	-0.214113
-0.263001	-0.217500
0.157745	0.386153
-0.255462	-0.216683
-0.220105	-0.213826
-0.278604	-0.219488
-0.182970	-0.219287
-0.158693	-0.243996
-0.273206	-0.218785
-0.238778	-0.214967
-0.240161	-0.214994
-0.272595	-0.218749
-0.156725	-0.249155
-0.184891	-0.218434
-0.278867	-0.219501
-0.218468	-0.213905
-0.256554	-0.216727
0.158227	0.390034
-0.262059	-0.217428
-0.209316	-0.213969
-0.279828	-0.219631
-0.195090	-0.215725
-0.268853	-0.218254
-0.247281	-0.215770
-0.230945	-0.214282
-0.276062	-0.219169
-0.169423	-0.228131
-0.172413	-0.225392
-0.276725	-0.219231
-0.228652	-0.214251
-0.249160	-0.215920
0.152520	0.337185
-0.267674	-0.218127
-0.197876	-0.215082
-0.279957	-0.219642
-0.206671	-0.214192
-0.263475	-0.217551
0.157439	0.383673
-0.254893	-0.216614
-0.220939	-0.213817
-0.278459	-0.219464
-0.181979	-0.219723
-0.159709	-0.241734
-0.273509	-0.218812
-0.238059	-0.214928
-0.240863	-0.215095
-0.272272	-0.218691
-0.155719	-0.252347
-0.185874	-0.218092
-0.278991	-0.219522
-0.217621	-0.213912
-0.257106	-0.216792
0.158417	0.391532
-0.261566	-0.217374
-0.210205	-0.213889
-0.279770	-0.219627
-0.194137	-0.215885
-0.269240	-0.218292
-0.246632	-0.215683
-0.231714	-0.214333
-0.275824	-0.219127
-0.168405	-0.229148
-0.173425	-0.224667
-0.276937	-0.219249
-0.227864	-0.214196
-0.249786	-0.216002
0.153212	0.345021
-0.267261	-0.218086
-0.198815	-0.215009
-0.279987	-0.219648
-0.205765	-0.214271
-0.263943	-0.217644
0.157094	0.380840
-0.254317	-0.216544
-0.221769	-0.213884
-0.278306	-0.219452
-0.180985	-0.220253
-0.160726	-0.239757
-0.273806	-0.218866
-0.237336	-0.214820
-0.241560	-0.215132
-0.271942	-0.218661
-0.154718	-0.255994
-0.186854	-0.217751
-0.279109	-0.219532
-0.216768	-0.213839
-0.257652	-0.216857
0.158566	0.392731
-0.261067	-0.217318
-0.211091	-0.213890
-0.279705	-0.219616
-0.193181	-0.216135
-0.269620	-0.218329
-0.245977	-0.215655
-0.232477	-0.214383
-0.275578	-0.219107
-0.167387	-0.230261
-0.174436	-0.223942
-0.277141	-0.219285
-0.227071	-0.214139
-0.250407	-0.216025
0.153860	0.351741
-0.266842	-0.218044
-0.199750	-0.214848
-0.280010	-0.219650
-0.204855	-0.214349
-0.264404	-0.217693
0.156709	0.377608
-0.253735	-0.216473
-0.222594	-0.213873
-0.278147	-0.219425
-0.179989	-0.220690
-0.161745	-0.237970
-0.274096	-0.218892
-0.236607	-0.214778
-0.242251	-0.215230
-0.271605	-0.218599
-0.153725	-0.260365
-0.187831	-0.217410
-0.279219	-0.219551
-0.215911	-0.213844
-0.258192	-0.216920
0.158676	0.393602
-0.260562	-0.217262
-0.211972	-0.213890
-0.279633	-0.219604
-0.192222	-0.216295
-0.269994	-0.218365
-0.245316	-0.215565
-0.233235	-0.214432
-0.275326	-0.219085
-0.166368	-0.231471
-0.175444	-0.223218
-0.277339	-0.219302
-0.226273	-0.214081
-0.251022	-0.216105
0.154467	0.357674
-0.266416	-0.217962
-0.200681	-0.214686
-0.280026	-0.219653
-0.203941	-0.214427
-0.264859	-0.217741
0.156285	0.374038
-0.253147	-0.216401
-0.223414	-0.213937
-0.277981	-0.219412
-0.178991	-0.221221
-0.162764	-0.236278
-0.274379	-0.218943
-0.235872	-0.214735
-0.242937	-0.215264
-0.271261	-0.218567
-0.152741	-0.265807
-0.188805	-0.217161
-0.279323	-0.219559
-0.215050	-0.213848
-0.258726	-0.216982
0.158746	0.394160
-0.260050	-0.217205
-0.212848	-0.213808
-0.279554	-0.219598
-0.191259	-0.216544
-0.270361	-0.218434
-0.244650	-0.215473
-0.233988	-0.214480
-0.275067	-0.219040
-0.165348	-0.232682
-0.176450	-0.222590
-0.277529	-0.219335
-0.225470	-0.214096
-0.251631	-0.216182
0.155032	0.362933
-0.265984	-0.217918
-0.201609	-0.214611
-0.280035	-0.219654
-0.203024	-0.214504
-0.265308	-0.217788
0.155821	0.370002
-0.252553	-0.216327
-0.224229	-0.213924
-0.277808	-0.219383
-0.177990	-0.221753
-0.163784	-0.234682
-0.274656	-0.218968
-0.235132	-0.214691
-0.243618	-0.215360
-0.270911	-0.218535
-0.151771	-0.273087
-0.189776	-0.216911
-0.279420	-0.219576
-0.214185	-0.213933
-0.259253	-0.217043
0.158777	0.394406
-0.259532	-0.217147
-0.213721	-0.213806
-0.279468	-0.219584
-0.190293	-0.216794
-0.151262	-0.278589
-0.270721	-0.218468
-0.243978	-0.215442
-0.234736	-0.214527
-0.274801	-0.219017
-0.164328	-0.234086
-0.177455	-0.221963
-0.277713	-0.219351
-0.224662	-0.214036
-0.252234	-0.216259
0.155557	0.367662
-0.265545	-0.217873
-0.202532	-0.214535
-0.280037	-0.219655
-0.202102	-0.214667
-0.265750	-0.217834
0.155317	0.365564
-0.251953	-0.216251
-0.225039	-0.213986
-0.277628	-0.219369
-0.176987	-0.222380
-0.164804	-0.233278
-0.274925	-0.218992
-0.234388	-0.214577
-0.244292	-0.215392
-0.270554	-0.218469
-0.150825	-0.286285
-0.190744	-0.216571
-0.279509	-0.219583
-0.213314	-0.213935
-0.259775	-0.217103
0.158768	0.394333
-0.259008	-0.217087
-0.214589	-0.213804
-0.279376	-0.219577
-0.189324	-0.217044
-0.152221	-0.269227
-0.271075	-0.218502
-0.243301	-0.215347
-0.235478	-0.214641
-0.274528	-0.218969
-0.163308	-0.235489
-0.178457	-0.221431
-0.277890	-0.219382
-0.223849	-0.213974
-0.252831	-0.216334
0.156042	0.371891
-0.265100	-0.217828
-0.203452	-0.214373
-0.280032	-0.219655
-0.201177	-0.214743
-0.266186	-0.217919
0.154774	0.360616
-0.251347	-0.216230
-0.225845	-0.214046
-0.277441	-0.219337
-0.175981	-0.223008
-0.165824	-0.231971
-0.275188	-0.219038
-0.233637	-0.214530
-0.244962	-0.215485
-0.270190	-0.218434
-0.191708	-0.216321
-0.279592	-0.219598
-0.212440	-0.213937
-0.260290	-0.217162
0.158719	0.393946
-0.258478	-0.217027
-0.215453	-0.213800
-0.279276	-0.219560
-0.188351	-0.217385
-0.153198	-0.262993
-0.271422	-0.218566
-0.242618	-0.215314
-0.236215	-0.214685
-0.274248	-0.218944
-0.162289	-0.237085
-0.179457	-0.220900
-0.278060	-0.219396
-0.223032	-0.213986
-0.253422	-0.216353
0.156488	0.375726
-0.264648	-0.217740
-0.204368	-0.214296
-0.280019	-0.219653
-0.200247	-0.214818
-0.266616	-0.217963
0.154189	0.355072
-0.250736	-0.216153
-0.226646	-0.214031
-0.277247	-0.219321
-0.174974	-0.223636
-0.166843	-0.230761
-0.275444	-0.219061
-0.232882	-0.214483
-0.245625	-0.215515
-0.269820	-0.218399
-0.192670	-0.216163
-0.279668	-0.219604
-0.211561	-0.213938
-0.260798	-0.217265
0.158630	0.393246
-0.257941	-0.216965
-0.216312	-0.213796
-0.279169	-0.219552
-0.187376	-0.217726
-0.154187	-0.258082
-0.271763	-0.218598
-0.241929	-0.215217
-0.236947	-0.214728
-0.273962	-0.218920
-0.161269	-0.238873
-0.180454	-0.220369
-0.278222	-0.219424
-0.222209	-0.213922
-0.254007	-0.216426
0.156894	0.379140
-0.264190	-0.217692
-0.205280	-0.214218
-0.280000	-0.219652
-0.199314	-0.214980
-0.267038	-0.218006
0.153563	0.348772
-0.250118	-0.216073
-0.227441	-0.214089
-0.277046	-0.219287
-0.173965	-0.224361
-0.167862	-0.229647
-0.275693	-0.219105
-0.232122	-0.214434
-0.246283	-0.215605
-0.269443	-0.218364
-0.193628	-0.215913
-0.279736	-0.219616
-0.210678	-0.214020
-0.261301	-0.217321
0.158501	0.392234
-0.257398	-0.216902
-0.217166	-0.213791
-0.279055	-0.219533
-0.186397	-0.217976
-0.155184	-0.254164
-0.272097	-0.218660
-0.241235	-0.215182
-0.237674	-0.214770
-0.273668	-0.218867
-0.160251	-0.240755
-0.181449	-0.219933
-0.278378	-0.219437
-0.221383	-0.213933
-0.254586	-0.216498
0.157260	0.382185
-0.263725	-0.217642
-0.206188	-0.214140
-0.279974	-0.219648
-0.198378	-0.215141
-0.267455	-0.218049
0.152895	0.341591
-0.249495	-0.215993
-0.228232	-0.214145
-0.276839	-0.219270
-0.172953	-0.225086
-0.168880	-0.228631
-0.275936	-0.219126
-0.231356	-0.214384
-0.246935	-0.215693
-0.269060	-0.218292
-0.194582	-0.215753
-0.279798	-0.219621
-0.209791	-0.214018
-0.261797	-0.217376
0.158333	0.390892
-0.256850	-0.216838
-0.218017	-0.213784
-0.278934	-0.219523
-0.185416	-0.218317
-0.156187	-0.250696
-0.272424	-0.218690
-0.240536	-0.215081
-0.238395	-0.214877
-0.273368	-0.218841
-0.159235	-0.242923
-0.182442	-0.219497
-0.278527	-0.219463
-0.220551	-0.213943
-0.255159	-0.216568
0.157587	0.384839
-0.263254	-0.217592
-0.207092	-0.214062
-0.279941	-0.219646
-0.197437	-0.215303
-0.267865	-0.218127
0.152181	0.333040
-0.248866	-0.215910
-0.229018	-0.214201
-0.276624	-0.219233
-0.171941	-0.225908
-0.169897	-0.227615
-0.276171	-0.219168
-0.230585	-0.214332
-0.247582	-0.215721
-0.268670	-0.218254
-0.195533	-0.215504
-0.279852	-0.219630
-0.208899	-0.214100
-0.262287	-0.217430
0.158125	0.389232
-0.256295	-0.216772
-0.218862	-0.213777
