-0.204279	0.330524
0.217698	0.390364
-0.064719	0.064344
-0.194750	1.134755
0.094158	0.090860
-0.197491	0.304692
0.223304	0.421451
-0.055206	0.057841
-0.216712	1.024937
0.103347	0.101554
-0.190397	0.280330
0.228451	0.454383
-0.045629	0.052573
-0.229614	0.935569
0.112423	0.113406
-0.183019	0.257442
0.233053	0.489583
-0.036015	0.048201
-0.237309	0.860091
0.121389	0.126174
-0.175377	0.236021
0.237064	0.527023
-0.026363	0.044918
-0.241808	0.793617
0.130220	0.140088
-0.167515	0.215710
0.240320	0.567581
-0.016690	0.042600
-0.243992	0.734270
0.138905	0.155154
-0.159425	0.196858
0.242745	0.611206
-0.006997	0.041349
-0.244358	0.681142
0.147448	0.171065
-0.151144	0.179125
0.244192	0.658274
0.002702	0.041113
-0.243444	0.632167
0.155803	0.188412
-0.142704	0.162224
0.244418	0.709582
0.012399	0.041892
-0.241439	0.587047
0.163972	0.206898
-0.134081	0.146771
0.243056	0.766315
0.022084	0.043684
-0.238510	0.545419
0.171942	0.226507
-0.125308	0.132454
0.239744	0.829034
0.031745	0.046550
-0.234849	0.506429
0.179675	0.247586
-0.116409	0.119025
0.233602	0.900313
0.041380	0.050364
-0.230517	0.470122
0.187177	0.269774
-0.107381	0.106757
0.223328	0.982923
0.050972	0.055271
-0.225619	0.436076
0.194404	0.293430
-0.098236	0.095636
0.206196	1.082250
0.060516	0.061182
-0.220201	0.404306
0.201335	0.318558
-0.088988	0.085647
0.174561	1.211295
0.070003	0.068078
-0.214345	0.374384
0.207949	0.345149
-0.079661	0.076424
0.042769	1.451862
0.079416	0.076104
-0.208118	0.345904
0.214221	0.373189
-0.070243	0.068512
-0.173198	1.215811
0.088754	0.085100
-0.201512	0.319295
0.220088	0.403087
-0.060765	0.061428
-0.205543	1.085420
0.097997	0.095244
-0.194558	0.294538
0.225518	0.434835
-0.051223	0.055478
-0.222852	0.985873
0.107144	0.106331
-0.187339	0.270848
0.230428	0.468862
-0.041628	0.050623
-0.233276	0.902922
0.116176	0.118566
-0.179846	0.248625
0.234773	0.505152
-0.031999	0.046680
-0.239545	0.831236
0.125093	0.131700
-0.172121	0.227508
0.238502	0.543669
-0.022335	0.043822
-0.242967	0.768077
0.133857	0.146248
-0.164159	0.207859
0.241450	0.585283
-0.012650	0.041970
-0.244352	0.711355
0.142483	0.161671
-0.155997	0.189332
0.243474	0.630394
-0.002958	0.041124
-0.244149	0.660049
0.150947	0.178231
-0.147648	0.171940
0.244478	0.678898
0.006742	0.041321
-0.242723	0.612976
0.159234	0.195921
-0.139127	0.155694
0.244067	0.732500
0.016435	0.042532
-0.240318	0.569339
0.167310	0.215074
-0.130447	0.140598
0.241988	0.791396
0.026113	0.044753
-0.237079	0.528765
0.175202	0.235004
-0.121619	0.126653
0.237523	0.857906
0.035762	0.048054
-0.233135	0.490852
0.182826	0.256758
-0.112658	0.113852
0.229961	0.932994
0.045382	0.052289
-0.228545	0.455636
0.190238	0.279242
-0.103584	0.101966
0.217317	1.021625
0.054955	0.057618
-0.223410	0.422683
0.197341	0.303570
-0.094390	0.091438
0.195669	1.130941
0.064476	0.063943
-0.217816	0.391573
0.204138	0.329372
-0.085113	0.081646
0.150808	1.282649
0.073930	0.071401
-0.211795	0.362320
0.210607	0.356637
-0.075746	0.073006
-0.134280	1.323300
0.083320	0.079669
-0.205381	0.334927
0.216724	0.385345
-0.066299	0.065491
-0.189578	1.156095
0.092615	0.089251
-0.198637	0.308984
0.222424	0.415905
-0.056796	0.058823
-0.213933	1.041189
0.101819	0.099796
-0.191583	0.284502
0.227629	0.448748
-0.047227	0.053393
-0.227859	0.949526
0.110924	0.111268
-0.184270	0.261113
0.232341	0.483421
-0.037620	0.048852
-0.236332	0.871705
0.119909	0.123879
-0.176662	0.239570
0.236421	0.520793
-0.027972	0.045401
-0.241259	0.804032
0.128761	0.137641
-0.168832	0.219127
0.239806	0.560837
-0.018303	0.042910
-0.243743	0.743844
0.137469	0.152559
-0.160793	0.199808
0.242433	0.603492
-0.008612	0.041489
-0.244444	0.689343
0.146037	0.168331
-0.152540	0.181946
0.244041	0.650071
0.001087	0.041081
-0.243697	0.639897
0.154418	0.185543
-0.144125	0.164906
0.244445	0.700920
0.010785	0.041690
-0.241845	0.594282
0.162615	0.203901
-0.135526	0.149311
0.243434	0.756301
0.020468	0.043355
-0.239054	0.552144
0.170615	0.223389
-0.126775	0.134847
0.240439	0.818212
0.030137	0.046005
-0.235519	0.512634
0.178403	0.243990
-0.117896	0.121262
0.234837	0.887900
0.039778	0.049653
-0.231254	0.476255
0.185940	0.266057
-0.108888	0.108834
0.225388	0.968308
0.049377	0.054391
-0.226464	0.441679
0.193233	0.289212
-0.099761	0.097549
0.209779	1.063984
0.058929	0.060139
-0.221144	0.409383
0.200206	0.314223
-0.090536	0.087199
0.181593	1.186605
0.068426	0.066874
-0.215338	0.379367
0.206897	0.340296
-0.081216	0.077994
0.104632	1.381383
0.077851	0.074740
-0.209160	0.350780
0.213217	0.368228
-0.071818	0.069752
-0.164726	1.242851
0.087202	0.083581
-0.202633	0.323651
0.219136	0.398028
-0.062344	0.062639
-0.201532	1.104578
0.096469	0.093368
-0.195750	0.298390
0.224662	0.429250
-0.052811	0.056505
-0.220630	1.000784
0.105634	0.104288
-0.188569	0.274589
0.229632	0.463194
-0.043229	0.051373
-0.231905	0.915717
0.114684	0.116362
-0.181111	0.252248
0.234089	0.498960
-0.033605	0.047260
-0.238733	0.842484
0.123608	0.129601
-0.173420	0.231004
0.237943	0.536956
-0.023946	0.044234
-0.242560	0.778074
0.132407	0.143738
-0.165510	0.210883
0.241027	0.578056
-0.014264	0.042211
-0.244230	0.720480
0.141058	0.159017
-0.157376	0.192229
0.243202	0.622669
-0.004573	0.041191
-0.244279	0.668252
0.149546	0.175439
-0.149054	0.174704
0.244371	0.670695
0.005127	0.041216
-0.243078	0.620229
0.157860	0.192998
-0.140558	0.158318
0.244217	0.723384
0.014821	0.042257
-0.240816	0.576093
0.165986	0.211684
-0.131901	0.143077
0.242427	0.781423
0.024503	0.044309
-0.237655	0.535466
0.173887	0.231837
-0.123095	0.128980
0.238462	0.846245
0.034156	0.047438
-0.233833	0.497029
0.181568	0.253110
-0.114154	0.116023
0.231477	0.919837
0.043783	0.051507
-0.229355	0.461287
0.189016	0.275478
-0.105099	0.103974
0.219816	1.006032
0.053364	0.056669
-0.224279	0.428250
0.196187	0.299303
-0.095930	0.093079
0.200254	1.110643
0.062894	0.062832
-0.218780	0.396612
0.203027	0.324992
-0.086668	0.083133
0.161610	1.252274
0.072365	0.069972
-0.212809	0.367260
0.209575	0.351737
-0.077313	0.074337
-0.114009	1.364902
0.081760	0.078241
-0.206477	0.339347
0.215741	0.380342
-0.067878	0.066665
-0.183698	1.178794
0.091078	0.087473
-0.199806	0.312896
0.221493	0.410809
-0.058378	0.059958
-0.210772	1.058516
0.100298	0.097849
-0.192791	0.288309
0.226797	0.443127
-0.048824	0.054240
-0.225961	0.963836
0.109421	0.109158
-0.185488	0.265179
0.231571	0.477723
-0.039223	0.049531
-0.235145	0.884187
0.118425	0.121611
-0.177941	0.243140
0.235766	0.514574
-0.029585	0.045848
-0.240602	0.814888
0.127299	0.135218
-0.170144	0.222568
0.239334	0.553639
-0.019915	0.043249
-0.243472	0.753407
0.136030	0.149988
-0.162136	0.203112
0.242046	0.596250
-0.010227	0.041657
-0.244442	0.698011
0.144621	0.165620
-0.153930	0.184788
0.243808	0.642339
-0.000529	0.041079
-0.243935	0.647629
0.153028	0.182695
-0.145541	0.167611
0.244522	0.691784
0.009170	0.041516
-0.242237	0.601523
0.161273	0.200591
-0.136967	0.151875
0.243712	0.746741
0.018856	0.043008
-0.239585	0.558878
0.169304	0.219942
-0.128252	0.136996
0.241104	0.807364
0.028529	0.045489
-0.236177	0.518851
0.177125	0.240415
-0.119381	0.123526
0.236035	0.875434
0.038175	0.048969
-0.232028	0.481951
0.184697	0.262359
-0.110402	0.110705
0.227302	0.954030
0.047781	0.053539
-0.227298	0.447297
0.192027	0.285402
-0.101292	0.099277
0.212963	1.046726
0.057341	0.059122
-0.222035	0.414910
0.199069	0.309907
-0.092083	0.088776
0.187755	1.163367
0.066848	0.065695
-0.216361	0.383940
0.205803	0.335872
-0.082776	0.079418
0.128404	1.336266
0.076285	0.073401
-0.210229	0.355260
0.212169	0.363705
-0.073390	0.071019
-0.154648	1.272188
0.085648	0.082087
-0.203747	0.328026
0.218175	0.392985
-0.063927	0.063746
-0.197091	1.124598
0.094929	0.091723
-0.196906	0.302653
0.223754	0.424119
-0.054403	0.057449
-0.218049	1.016855
0.104110	0.102496
-0.189792	0.278349
0.228872	0.457092
-0.044828	0.052150
-0.230402	0.928896
0.113178	0.114425
-0.182370	0.255892
0.233395	0.492780
-0.035211	0.047867
-0.237804	0.854157
0.122133	0.127267
-0.174736	0.234167
0.237317	0.530712
-0.025556	0.044673
-0.242051	0.788520
0.130954	0.141252
-0.166835	0.214267
0.240532	0.571301
-0.015877	0.042481
-0.244087	0.729598
0.139628	0.156387
-0.158751	0.195147
0.242913	0.614947
-0.006188	0.041286
-0.244391	0.676456
0.148142	0.172669
-0.150456	0.177490
0.244246	0.662491
0.003511	0.041141
-0.243356	0.627954
0.156482	0.190096
-0.141985	0.160966
0.244346	0.714261
0.013208	0.042011
-0.241243	0.583317
0.164636	0.208656
-0.133351	0.145581
0.242919	0.770964
0.022892	0.043893
-0.238272	0.541717
0.172590	0.228336
-0.124567	0.131334
0.239368	0.834547
0.032550	0.046850
-0.234520	0.503218
0.180305	0.249482
-0.115658	0.117979
0.232951	0.906610
0.042182	0.050753
-0.230107	0.467399
0.187789	0.271733
-0.106621	0.105786
0.222256	0.990295
0.051770	0.055748
-0.225180	0.433392
0.194997	0.295448
-0.097468	0.094743
0.204295	1.091587
0.061310	0.061747
-0.219735	0.401667
0.201908	0.320630
-0.088212	0.084833
0.170648	1.224274
0.070791	0.068728
-0.213852	0.371795
0.208500	0.347271
-0.078871	0.075863
-0.076762	1.420973
0.080199	0.076838
-0.207565	0.343784
0.214713	0.375780
-0.069455	0.067865
-0.176959	1.203025
0.089529	0.085916
-0.200938	0.317225
0.220554	0.405728
-0.059965	0.060997
-0.207322	1.076448
0.098765	0.096141
-0.193964	0.292523
0.225956	0.437521
-0.050419	0.055114
-0.224014	0.978045
0.107904	0.107305
-0.186726	0.268892
0.230837	0.471587
-0.040826	0.050237
-0.233922	0.896616
0.116926	0.119616
-0.179215	0.246732
0.235151	0.507909
-0.031193	0.046384
-0.239917	0.825718
0.125833	0.132822
-0.171473	0.225682
0.238794	0.546912
-0.021527	0.043616
-0.243101	0.763426
0.134586	0.147441
-0.163494	0.206104
0.241644	0.589013
-0.011841	0.041854
-0.244350	0.707144
0.143201	0.162931
-0.155317	0.187652
0.243623	0.634140
-0.002144	0.041105
-0.244091	0.655832
0.151653	0.179555
-0.146937	0.170644
0.244442	0.683583
0.007555	0.041371
-0.242553	0.609236
0.159907	0.197636
-0.138404	0.154464
0.243968	0.737170
0.017243	0.042689
-0.240104	0.565620
0.167988	0.216519
-0.129712	0.139437
0.241662	0.796956
0.026919	0.045001
-0.236771	0.525535
0.175842	0.236861
-0.120874	0.125563
0.237109	0.863376
0.036571	0.048313
-0.232742	0.488109
0.183474	0.258310
-0.111903	0.112836
0.229072	0.940101
0.046183	0.052715
-0.228123	0.452928
0.190842	0.281225
-0.102811	0.101246
0.215868	1.030108
0.055752	0.058132
-0.222960	0.420017
0.197926	0.305611
-0.093618	0.090577
0.193197	1.141422
0.065268	0.064543
-0.217338	0.388954
0.204702	0.331466
-0.084334	0.080867
0.144298	1.299445
0.074723	0.071927
-0.211256	0.360173
0.211149	0.358778
-0.074960	0.072310
-0.142100	1.304882
0.084100	0.080437
-0.204853	0.332419
0.217205	0.387957
-0.065508	0.064880
-0.192205	1.145392
0.093387	0.090101
-0.198054	0.306936
0.222878	0.418565
-0.055994	0.058420
-0.215406	1.032768
0.102583	0.100726
-0.190982	0.282511
0.228055	0.451451
-0.046427	0.052955
-0.228764	0.942449
0.111679	0.112273
-0.183623	0.259555
0.232689	0.486611
-0.036816	0.048503
-0.236844	0.865791
0.120655	0.124959
-0.176024	0.237704
0.236733	0.524019
-0.027166	0.045141
-0.241515	0.798945
0.129497	0.138793
-0.168177	0.217331
0.240081	0.564090
-0.017495	0.042742
-0.243849	0.739177
0.138194	0.153780
-0.160102	0.198414
0.242609	0.607230
-0.007803	0.041411
-0.244418	0.685127
0.146733	0.169922
-0.151853	0.180298
0.244104	0.654288
0.001896	0.041094
-0.243618	0.635682
0.155118	0.186894
-0.143408	0.163637
0.244454	0.705132
0.011593	0.041793
-0.241656	0.590549
0.163302	0.205312
-0.134798	0.148109
0.243232	0.761424
0.021280	0.043505
-0.238823	0.548437
0.171287	0.224857
-0.126050	0.133450
0.240077	0.823740
0.030943	0.046291
-0.235195	0.509418
0.179036	0.245875
-0.117147	0.120203
0.234204	0.894225
0.040581	0.050027
-0.230896	0.473076
0.186555	0.268006
-0.108129	0.107850
0.224440	0.975298
0.050176	0.054854
-0.226029	0.438988
0.193829	0.291220
-0.098994	0.096642
0.208027	1.073044
0.059724	0.060689
-0.220681	0.406736
0.200782	0.316286
-0.089762	0.086373
0.178251	1.198602
0.069216	0.067509
-0.214849	0.376769
0.207418	0.342821
-0.080434	0.077249
0.085538	1.409963
0.078635	0.075460
-0.208646	0.348238
0.213713	0.370810
-0.071030	0.069092
-0.169202	1.228877
0.087979	0.084384
-0.202062	0.321573
0.219606	0.400661
-0.061551	0.062063
-0.203574	1.094939
0.097238	0.094250
-0.195159	0.296366
0.225061	0.432369
-0.052013	0.056016
-0.221820	0.993020
0.106395	0.105249
-0.187959	0.272623
0.230046	0.465913
-0.042427	0.050972
-0.232570	0.909442
0.115436	0.117399
-0.180483	0.250344
0.234473	0.501712
-0.032801	0.046949
-0.239119	0.836982
0.124350	0.130712
-0.172774	0.229167
0.238240	0.540195
-0.023139	0.044012
-0.242706	0.773430
0.133139	0.144919
-0.164827	0.209454
0.241228	0.581783
-0.013455	0.042080
-0.244238	0.716272
0.141778	0.160266
-0.156679	0.190860
0.243358	0.626412
-0.003759	0.041160
-0.244230	0.664035
0.150254	0.176753
-0.148345	0.173397
0.244412	0.674912
0.005940	0.041255
-0.242915	0.616487
0.158555	0.194374
-0.139837	0.157077
0.244129	0.728058
0.015630	0.042399
-0.240552	0.572833
0.166646	0.213460
-0.131168	0.141904
0.242193	0.786526
0.025309	0.044541
-0.237406	0.531772
0.174553	0.233328
-0.122352	0.127878
0.238063	0.851733
0.034966	0.047686
-0.233446	0.494281
0.182219	0.254654
-0.113401	0.114995
0.230703	0.926535
0.044584	0.051919
-0.228937	0.458573
0.189624	0.277451
-0.104337	0.103022
0.218602	1.013738
0.054161	0.057169
-0.223833	0.425576
0.196745	0.301728
-0.095160	0.092205
0.197949	1.120939
0.063686	0.063418
-0.218306	0.393985
0.203594	0.327077
-0.085890	0.082341
0.156533	1.266969
0.073152	0.070643
-0.212310	0.364685
0.210086	0.354287
-0.076521	0.073792
-0.125199	1.342992
0.082541	0.078996
-0.205919	0.337239
0.216227	0.382946
-0.067088	0.066039
-0.186740	1.167241
0.091851	0.088309
-0.199227	0.310840
0.221952	0.413462
-0.057583	0.059418
-0.212386	1.049776
0.101064	0.098765
-0.192193	0.286309
0.227228	0.445823
-0.048024	0.053787
-0.226986	0.956363
0.110167	0.110383
-0.184870	0.263238
0.231972	0.480456
-0.038420	0.049167
-0.235763	0.877840
0.119161	0.122929
-0.177306	0.241264
0.236084	0.517795
-0.028775	0.045638
-0.240952	0.809349
0.128037	0.136358
-0.169492	0.220760
0.239560	0.557350
-0.019108	0.043065
-0.243589	0.748746
0.136757	0.151198
-0.161467	0.201375
0.242229	0.599985
-0.009418	0.041564
-0.244425	0.693797
0.145336	0.166896
-0.153228	0.183445
0.243945	0.646085
0.000281	0.041077
-0.243799	0.643882
0.153731	0.184036
-0.144827	0.166332
0.244471	0.696467
0.009979	0.041604
-0.242055	0.597787
0.161942	0.202325
-0.136241	0.150662
0.243597	0.751403
0.019668	0.043146
-0.239361	0.555166
0.169979	0.221401
-0.127515	0.135853
0.240757	0.812905
0.029334	0.045759
-0.235808	0.516086
0.177761	0.242289
-0.118646	0.122204
0.235421	0.881785
0.038978	0.049328
-0.231628	0.479216
0.185341	0.263924
-0.109645	0.109710
0.226378	0.961069
0.048580	0.053988
-0.226869	0.444599
0.192626	0.287400
-0.100526	0.098357
0.211356	1.055484
0.058137	0.059658
-0.221578	0.412255
0.199649	0.311961
-0.091310	0.087937
0.184724	1.174974
0.067638	0.066317
-0.215839	0.381760
0.206362	0.337978
-0.081996	0.078659
0.117949	1.357490
0.077076	0.073943
-0.209684	0.353124
0.212706	0.365858
-0.072603	0.070344
-0.160001	1.256988
0.086434	0.082692
-0.203180	0.325939
0.218649	0.395610
-0.063134	0.063156
-0.199406	1.114338
0.095700	0.092592
-0.196319	0.300619
0.224201	0.426791
-0.053606	0.056945
-0.219370	1.008733
0.104872	0.103444
-0.189186	0.276373
0.229244	0.460251
-0.044027	0.051734
-0.231179	0.922205
0.113931	0.115450
-0.181745	0.253977
0.233783	0.495526
-0.034407	0.047542
-0.238291	0.848212
0.122877	0.128365
-0.174070	0.232673
0.237621	0.533946
-0.024749	0.044437
-0.242287	0.783418
0.131688	0.142422
-0.166176	0.212488
0.240798	0.574560
-0.015069	0.042335
-0.244104	0.725394
0.140350	0.157625
-0.158057	0.193768
0.243077	0.618688
-0.005375	0.041244
-0.244351	0.672239
0.148851	0.173973
-0.149749	0.176173
0.244297	0.666708
0.004321	0.041177
-0.243201	0.624210
0.157179	0.191462
-0.141266	0.159714
0.244268	0.718939
0.014016	0.042138
-0.241044	0.579590
0.165319	0.210082
-0.132620	0.144396
0.242698	0.776077
0.023699	0.044110
-0.237976	0.538477
0.173259	0.229818
-0.123826	0.130220
0.238901	0.840514
0.033359	0.047086
-0.234188	0.500011
0.180959	0.251017
-0.114906	0.116939
0.232198	0.913343
0.042984	0.051150
-0.229742	0.464231
0.188399	0.273696
-0.105860	0.104822
0.221071	0.998071
0.052568	0.056233
-0.224739	0.430711
0.195588	0.297470
-0.096699	0.093857
0.202261	1.101254
0.062103	0.062319
-0.219266	0.399031
0.202479	0.322706
-0.087435	0.084026
0.166315	1.238015
0.071579	0.069385
-0.213320	0.369633
0.209050	0.349397
-0.078088	0.075139
-0.099371	1.389898
0.080981	0.077579
-0.207011	0.341668
0.215240	0.377952
-0.068665	0.067226
-0.180436	1.190735
0.090304	0.086739
-0.200362	0.315160
0.221017	0.408373
-0.059171	0.060443
-0.209082	1.067411
0.099532	0.097044
-0.193369	0.290512
0.226391	0.440210
-0.049620	0.054647
-0.224967	0.971065
0.108663	0.108285
-0.186112	0.266941
0.231196	0.474763
-0.040023	0.049859
-0.234558	0.890297
0.117676	0.120672
-0.178582	0.244844
0.235475	0.511124
-0.030383	0.046162
-0.240281	0.820193
0.126559	0.134215
-0.170801	0.224212
0.239027	0.550619
-0.020720	0.043418
-0.243306	0.758303
0.135315	0.148640
-0.162808	0.204690
0.241834	0.592745
-0.011032	0.041746
-0.244414	0.702463
0.143919	0.164197
-0.154617	0.186298
0.243704	0.638354
-0.001335	0.041088
-0.244029	0.651615
0.152339	0.181200
-0.146241	0.169049
0.244470	0.687799
0.008364	0.041444
-0.242379	0.605497
0.160598	0.199027
-0.137679	0.153240
0.243864	0.741838
0.018056	0.042816
-0.239830	0.562366
0.168644	0.218313
-0.128976	0.138282
0.241409	0.802044
0.027726	0.045256
-0.236460	0.522308
0.176481	0.238723
-0.120128	0.124480
0.236513	0.869751
0.037374	0.048658
-0.232396	0.484917
0.184095	0.260237
-0.111148	0.111827
0.228266	0.946741
0.046983	0.053149
-0.227698	0.450223
0.191445	0.283213
-0.102047	0.100312
0.214504	1.038120
0.056548	0.058653
-0.222507	0.417355
0.198509	0.307656
-0.092846	0.089723
0.190465	1.152555
0.066059	0.065151
-0.216819	0.386767
0.205265	0.333563
-0.083555	0.080095
0.137039	1.316991
0.075509	0.072619
-0.210750	0.357611
0.211654	0.361342
-0.074174	0.071622
-0.148770	1.288003
0.084879	0.081212
-0.204290	0.330324
0.217684	0.390574
-0.064716	0.064275
-0.194802	1.134563
0.094159	0.090958
-0.197501	0.304497
0.223330	0.421229
-0.055197	0.057902
-0.216759	1.024727
0.103347	0.101662
-0.190378	0.280525
0.228433	0.454602
-0.045626	0.052524
-0.229563	0.935796
0.112434	0.113285
-0.183001	0.257630
0.233033	0.489805
-0.036012	0.048163
-0.237347	0.859866
0.121400	0.126045
-0.175360	0.236202
0.237042	0.527248
-0.026360	0.044889
-0.241764	0.793854
0.130232	0.139950
-0.167499	0.215883
0.240297	0.567808
-0.016682	0.042618
-0.243950	0.734508
0.138918	0.155007
-0.159429	0.196697
0.242781	0.610969
-0.006990	0.041357
-0.244387	0.680911
0.147445	0.171215
-0.151148	0.178971
0.244163	0.658504
0.002705	0.041115
-0.243470	0.631937
0.155799	0.188571
-0.142690	0.162374
0.244387	0.709813
0.012402	0.041905
-0.241464	0.586818
0.163967	0.207064
-0.134069	0.146913
0.243100	0.766077
0.022088	0.043707
-0.238533	0.545193
0.171936	0.226680
-0.125310	0.132325
0.239708	0.829261
0.031753	0.046515
-0.234869	0.506205
0.179692	0.247401
-0.116397	0.119150
0.233562	0.900536
0.041383	0.050408
-0.230489	0.470350
0.187195	0.269582
-0.107370	0.106872
0.223283	0.983137
0.050975	0.055325
-0.225593	0.436300
0.194424	0.293232
-0.098226	0.095742
0.206255	1.082041
0.060518	0.061247
-0.220176	0.404526
0.201356	0.318354
-0.088987	0.085553
0.174506	1.211470
0.070005	0.068152
-0.214359	0.374176
0.207971	0.344939
-0.079652	0.076511
0.042121	1.452275
0.079418	0.076188
-0.208095	0.346114
0.214245	0.372974
-0.070241	0.068438
-0.173254	1.215638
0.088755	0.085194
-0.201490	0.319499
0.220073	0.403299
-0.060757	0.061495
-0.205484	1.085629
0.098007	0.095139
-0.194567	0.294346
0.225501	0.435052
-0.051215	0.055534
-0.222897	0.985659
0.107155	0.106216
-0.187348	0.270662
0.230457	0.468634
-0.041625	0.050579
-0.233316	0.902699
0.116187	0.118442
-0.179853	0.248445
0.234803	0.504921
-0.031991	0.046715
-0.239499	0.831472
0.125091	0.131829
-0.172128	0.227335
0.238480	0.543896
-0.022331	0.043799
-0.242924	0.768315
0.133869	0.146106
-0.164164	0.207693
0.241426	0.585511
-0.012647	0.041957
-0.244312	0.711594
0.142497	0.161521
-0.156001	0.189173
0.243511	0.630156
-0.002950	0.041127
-0.244177	0.659818
0.150943	0.178385
-0.147652	0.171789
0.244449	0.679128
0.006749	0.041313
-0.242749	0.612746
0.159229	0.196083
-0.139114	0.155841
0.244035	0.732730
0.016442	0.042514
-0.240341	0.569112
0.167325	0.214901
-0.130434	0.140737
0.241953	0.791625
0.026116	0.044781
-0.237101	0.528540
0.175195	0.235180
-0.121608	0.126782
0.237571	0.857672
0.035770	0.048015
-0.233105	0.491082
0.182844	0.256570
-0.112647	0.113972
0.229919	0.933214
0.045385	0.052338
-0.228517	0.455862
0.190229	0.279430
-0.103574	0.102077
0.217271	1.021835
0.054958	0.057676
-0.223427	0.422468
0.197331	0.303765
-0.094389	0.091338
0.195617	1.131133
0.064479	0.064011
-0.217791	0.391791
0.204160	0.329166
-0.085104	0.081738
0.150749	1.282802
0.073939	0.071321
-0.211772	0.362533
0.210630	0.356425
-0.075737	0.073088
-0.134341	1.323162
0.083321	0.079757
-0.205393	0.334726
0.216710	0.385555
-0.066297	0.065421
-0.189515	1.156290
0.092624	0.089151
-0.198647	0.308788
0.222408	0.416119
-0.056787	0.058885
-0.213876	1.041405
0.101829	0.099687
-0.191592	0.284313
0.227611	0.448967
-0.047224	0.053342
-0.227902	0.949308
0.110923	0.111383
-0.184251	0.261303
0.232322	0.483643
-0.037617	0.048812
-0.236283	0.871938
0.119908	0.124003
-0.176669	0.239393
0.236399	0.521018
-0.027969	0.045371
-0.241214	0.804268
0.128774	0.137504
-0.168838	0.218957
0.239839	0.560602
-0.018295	0.042930
-0.243701	0.744082
0.137482	0.152413
-0.160777	0.199976
0.242408	0.603721
-0.008609	0.041479
-0.244404	0.689582
0.146033	0.168480
-0.152543	0.181790
0.244013	0.650301
0.001090	0.041082
-0.243724	0.639667
0.154432	0.185382
-0.144111	0.165058
0.244485	0.700681
0.010788	0.041701
-0.241870	0.594053
0.162630	0.203731
-0.135513	0.149454
0.243401	0.756530
0.020476	0.043333
-0.239077	0.551917
0.170631	0.223212
-0.126777	0.134716
0.240484	0.817976
0.030145	0.045972
-0.235488	0.512866
0.178420	0.243806
-0.117897	0.121140
0.234886	0.887668
0.039781	0.049695
-0.231273	0.476034
0.185958	0.265866
-0.108888	0.108720
0.225442	0.968084
0.049380	0.054444
-0.226437	0.441904
0.193224	0.289403
-0.099760	0.097445
0.209731	1.064188
0.058938	0.060074
-0.221118	0.409604
0.200227	0.314020
-0.090535	0.087104
0.181539	1.186786
0.068428	0.066946
-0.215352	0.379158
0.206885	0.340498
-0.081214	0.077908
0.104568	1.381491
0.077861	0.074655
-0.209172	0.350576
0.213204	0.368435
-0.071816	0.069676
-0.164783	1.242686
0.087211	0.083487
-0.202611	0.323857
0.219161	0.397809
-0.062341	0.062573
-0.201582	1.104381
0.096470	0.093469
-0.195730	0.298589
0.224645	0.429466
-0.052809	0.056449
-0.220575	1.001005
0.105634	0.104399
-0.188577	0.274402
0.229660	0.462967
-0.043226	0.051327
-0.231854	0.915947
0.114684	0.116481
-0.181118	0.252068
0.234119	0.498729
-0.033598	0.047297
-0.238686	0.842718
0.123620	0.129470
-0.173426	0.230830
0.237921	0.537182
-0.023943	0.044208
-0.242517	0.778311
0.132420	0.143597
-0.165494	0.211055
0.241003	0.578285
-0.014261	0.042196
-0.244189	0.720719
0.141071	0.158868
-0.157361	0.192393
0.243238	0.622431
-0.004565	0.041196
-0.244240	0.668491
0.149560	0.175282
-0.149040	0.174861
0.244342	0.670925
0.005134	0.041211
-0.243042	0.620467
0.157875	0.192833
-0.140545	0.158467
0.244258	0.723146
0.014829	0.042241
-0.240782	0.576329
0.165980	0.211852
-0.131888	0.143217
0.242471	0.781185
0.024506	0.044335
-0.237677	0.535240
0.173903	0.231657
-0.123096	0.128853
0.238509	0.846011
0.034164	0.047401
-0.233803	0.497260
0.181586	0.252924
-0.114154	0.115904
0.231435	0.920058
0.043786	0.051554
-0.229326	0.461514
0.189008	0.275665
-0.105099	0.103864
0.219871	1.005812
0.053372	0.056611
-0.224295	0.428034
0.196177	0.299497
-0.095929	0.092978
0.200203	1.110839
0.062902	0.062763
-0.218755	0.396831
0.203048	0.324786
-0.086658	0.083227
0.161677	1.252104
0.072367	0.070049
-0.212822	0.367053
0.209562	0.351942
-0.077304	0.074421
-0.114072	1.364784
0.081762	0.078327
-0.206489	0.339145
0.215727	0.380551
-0.067876	0.066593
-0.183752	1.178612
0.091079	0.087569
-0.199785	0.313099
0.221478	0.411023
-0.058376	0.059896
-0.210820	1.058311
0.100298	0.097954
-0.192772	0.288506
0.226780	0.443345
-0.048821	0.054188
-0.226005	0.963619
0.109421	0.109272
-0.185496	0.264995
0.231599	0.477494
-0.039220	0.049489
-0.235185	0.883963
0.118424	0.121733
-0.177948	0.242962
0.235797	0.514342
-0.029578	0.045881
-0.240638	0.814661
0.127298	0.135350
-0.170150	0.222397
0.239311	0.553866
-0.019908	0.043271
-0.243429	0.753645
0.136043	0.149844
-0.162141	0.202948
0.242021	0.596478
-0.010223	0.041646
-0.244402	0.698250
0.144618	0.165767
-0.153934	0.184632
0.243845	0.642100
-0.000525	0.041078
-0.243898	0.647867
0.153043	0.182535
-0.145528	0.167764
0.244492	0.692014
0.009173	0.041526
-0.242202	0.601760
0.161268	0.200755
-0.136969	0.151735
0.243680	0.746971
0.018864	0.042987
-0.239608	0.558651
0.169320	0.219767
-0.128240	0.137133
0.241069	0.807592
0.028536	0.045458
-0.236146	0.519083
0.177143	0.240232
-0.119382	0.123402
0.235996	0.875658
0.038178	0.049010
-0.231999	0.482180
0.184715	0.262170
-0.110391	0.110824
0.227354	0.953804
0.047789	0.053487
-0.227315	0.447078
0.192046	0.285206
-0.101282	0.099386
0.212916	1.046932
0.057350	0.059059
-0.222051	0.414696
0.199090	0.309705
-0.092073	0.088876
0.187702	1.163552
0.066850	0.065766
-0.216337	0.384156
0.205791	0.336073
-0.082775	0.079330
0.128342	1.336398
0.076294	0.073318
-0.210207	0.355471
0.212192	0.363492
-0.073381	0.071098
-0.154707	1.272032
0.085657	0.081994
-0.203725	0.328232
0.218199	0.392767
-0.063924	0.063678
-0.197143	1.124404
0.094930	0.091822
-0.196916	0.302459
0.223780	0.423897
-0.054401	0.057391
-0.218095	1.016645
0.104110	0.102604
-0.189773	0.278543
0.228854	0.457312
-0.044826	0.052102
-0.230351	0.929125
0.113189	0.114304
-0.182377	0.255710
0.233424	0.492549
-0.035203	0.047906
-0.237842	0.853931
0.122145	0.127137
-0.174719	0.234347
0.237349	0.530479
-0.025553	0.044646
-0.242085	0.788291
0.130967	0.141114
-0.166841	0.214099
0.240566	0.571065
-0.015874	0.042464
-0.244046	0.729837
0.139641	0.156239
-0.158736	0.195313
0.242949	0.614709
-0.006180	0.041293
-0.244352	0.676695
0.148156	0.172514
-0.150442	0.177648
0.244284	0.662252
0.003519	0.041137
-0.243319	0.628192
0.156497	0.189932
-0.141972	0.161116
0.244386	0.714022
0.013211	0.042025
-0.241209	0.583554
0.164652	0.208485
-0.133353	0.145443
0.242885	0.771194
0.022895	0.043917
-0.238240	0.541951
0.172606	0.228157
-0.124569	0.131205
0.239331	0.834774
0.032558	0.046815
-0.234490	0.503449
0.180323	0.249297
-0.115647	0.118103
0.232910	0.906832
0.042185	0.050798
-0.230126	0.467179
0.187807	0.271540
-0.106610	0.105901
0.222211	0.990508
0.051779	0.055692
-0.225154	0.433616
0.195017	0.295249
-0.097458	0.094848
0.204245	1.091787
0.061318	0.061680
-0.219710	0.401886
0.201929	0.320425
-0.088211	0.084740
0.170591	1.224445
0.070793	0.068803
-0.213828	0.372010
0.208522	0.347061
-0.078869	0.075780
-0.076970	1.420726
0.080208	0.076751
-0.207543	0.343994
0.214736	0.375565
-0.069453	0.067792
-0.177015	1.202848
0.089530	0.086010
-0.200917	0.317429
0.220579	0.405508
-0.059963	0.060933
-0.207371	1.076246
0.098775	0.096035
-0.193973	0.292331
0.225939	0.437738
-0.050417	0.055060
-0.223960	0.978269
0.107904	0.107417
-0.186735	0.268706
0.230818	0.471807
-0.040823	0.050194
-0.233962	0.896394
0.116938	0.119491
-0.179222	0.246553
0.235130	0.508133
-0.031186	0.046419
-0.239871	0.825954
0.125832	0.132952
-0.171457	0.225860
0.238771	0.547139
-0.021520	0.043640
-0.243135	0.763196
0.134599	0.147298
-0.163479	0.206274
0.241678	0.588776
-0.011838	0.041841
-0.244381	0.706913
0.143199	0.163078
-0.155302	0.187814
0.243596	0.634370
-0.002141	0.041103
-0.244053	0.656070
0.151649	0.179710
-0.146940	0.170494
0.244481	0.683344
0.007558	0.041379
-0.242579	0.609006
0.159922	0.197469
-0.138406	0.154322
0.243936	0.737400
0.017251	0.042670
-0.240070	0.565856
0.167983	0.216688
-0.129700	0.139575
0.241707	0.796719
0.026927	0.044971
-0.236793	0.525310
0.175835	0.237037
-0.120863	0.125692
0.237070	0.863600
0.036574	0.048352
-0.232762	0.487887
0.183466	0.258493
-0.111903	0.112719
0.229124	0.939874
0.046191	0.052665
-0.228140	0.452709
0.190834	0.281414
-0.102810	0.101138
0.215924	1.029891
0.055760	0.058071
-0.222976	0.419802
0.197916	0.305806
-0.093617	0.090478
0.193145	1.141612
0.065277	0.064472
-0.217313	0.389172
0.204691	0.331666
-0.084325	0.080958
0.144368	1.299292
0.074725	0.072006
-0.211268	0.359967
0.211136	0.358984
-0.074951	0.072392
-0.142030	1.305033
0.084101	0.080526
-0.204832	0.332626
0.217229	0.387740
-0.065506	0.064810
-0.192257	1.145202
0.093397	0.090001
-0.198065	0.306741
0.222862	0.418780
-0.055991	0.058360
-0.215349	1.032985
0.102594	0.100616
-0.190991	0.282322
0.228037	0.451670
-0.046424	0.052905
-0.228712	0.942676
0.111679	0.112390
-0.183631	0.259372
0.232669	0.486833
-0.036808	0.048544
-0.236796	0.866024
0.120654	0.125084
-0.176007	0.237886
0.236712	0.524244
-0.027163	0.045112
-0.241550	0.798717
0.129496	0.138926
-0.168161	0.217505
0.240058	0.564318
-0.017487	0.042761
-0.243882	0.738947
0.138207	0.153634
-0.160106	0.198252
0.242583	0.607459
-0.007795	0.041420
-0.244379	0.685366
0.146746	0.169768
-0.151839	0.180457
0.244142	0.654049
0.001904	0.041092
-0.243581	0.635921
0.155114	0.187052
-0.143395	0.163789
0.244423	0.705362
0.011597	0.041806
-0.241681	0.590320
0.163297	0.205477
-0.134800	0.147970
0.243275	0.761186
0.021283	0.043528
-0.238790	0.548671
0.171281	0.225029
-0.126038	0.133584
0.240123	0.823504
0.030950	0.046257
-0.235165	0.509650
0.179054	0.245691
-0.117148	0.120081
0.234254	0.893994
0.040584	0.050070
-0.230915	0.472855
0.186573	0.267815
-0.108129	0.107737
0.224396	0.975513
0.050184	0.054799
-0.226046	0.438771
0.193820	0.291411
-0.098993	0.096539
0.207979	1.073247
0.059732	0.060624
-0.220656	0.406956
0.200803	0.316083
-0.089761	0.086278
0.178196	1.198779
0.069218	0.067583
-0.214863	0.376560
0.207440	0.342612
-0.080433	0.077164
0.085331	1.410235
0.078644	0.075375
-0.208623	0.348448
0.213737	0.370596
-0.071021	0.069169
-0.169258	1.228707
0.087988	0.084289
-0.202041	0.321778
0.219631	0.400442
-0.061548	0.061998
-0.203624	1.094740
0.097239	0.094352
-0.195139	0.296565
0.225088	0.432145
-0.052011	0.055961
-0.221766	0.993242
0.106395	0.105360
-0.187940	0.272816
0.230027	0.466133
-0.042424	0.050927
-0.232611	0.909221
0.115436	0.117519
-0.180490	0.250164
0.234452	0.501935
-0.032793	0.046985
-0.239156	0.836755
0.124362	0.130580
-0.172781	0.228993
0.238218	0.540421
-0.023131	0.044037
-0.242740	0.773201
0.133151	0.144778
-0.164832	0.209288
0.241204	0.582011
-0.013452	0.042066
-0.244269	0.716042
0.141775	0.160412
-0.156684	0.190701
0.243332	0.626642
-0.003756	0.041156
-0.244192	0.664274
0.150251	0.176906
-0.148348	0.173246
0.244383	0.675142
0.005943	0.041262
-0.242880	0.616725
0.158550	0.194535
-0.139839	0.156934
0.244170	0.727820
0.015637	0.042382
-0.240575	0.572605
0.166661	0.213287
-0.131170	0.141769
0.242237	0.786289
0.025317	0.044513
-0.237375	0.532005
0.174547	0.233503
-0.122353	0.127751
0.238025	0.851959
0.034969	0.047723
-0.233465	0.494058
0.182212	0.254835
-0.113401	0.114877
0.230754	0.926306
0.044592	0.051870
-0.228909	0.458800
0.189615	0.277639
-0.104336	0.102913
0.218556	1.013948
0.054169	0.057110
-0.223849	0.425361
0.196765	0.301528
-0.095159	0.092105
0.198010	1.120737
0.063695	0.063348
-0.218281	0.394203
0.203583	0.327276
-0.085881	0.082434
0.156474	1.267127
0.073154	0.070720
-0.212287	0.364898
0.210108	0.354076
-0.076520	0.073711
-0.125262	1.342863
0.082543	0.079083
-0.205931	0.337037
0.216213	0.383156
-0.067085	0.065968
-0.186794	1.167056
0.091852	0.088405
-0.199207	0.311042
0.221936	0.413676
-0.057581	0.059357
-0.212434	1.049570
0.101064	0.098870
-0.192173	0.286505
0.227211	0.446042
-0.048022	0.053736
-0.226933	0.956589
0.110178	0.110265
-0.184878	0.263054
0.231953	0.480677
-0.038412	0.049209
-0.235714	0.878073
0.119172	0.122801
-0.177289	0.241446
0.236115	0.517562
-0.028772	0.045607
-0.240907	0.809586
0.128035	0.136490
-0.169497	0.220589
0.239593	0.557115
-0.019100	0.043086
-0.243622	0.748516
0.136769	0.151053
-0.161452	0.201544
0.242264	0.599747
-0.009410	0.041574
-0.244455	0.693566
0.145333	0.167044
-0.153232	0.183289
0.243917	0.646316
0.000288	0.041076
-0.243827	0.643652
0.153745	0.183875
-0.144813	0.166484
0.244511	0.696228
0.009982	0.041615
-0.242021	0.598024
0.161958	0.202156
-0.136243	0.150522
0.243565	0.751633
0.019671	0.043167
-0.239328	0.555401
0.169973	0.221572
-0.127503	0.135989
0.240802	0.812669
0.029342	0.045727
-0.235829	0.515861
0.177779	0.242105
-0.118634	0.122331
0.235470	0.881553
0.038981	0.049370
-0.231647	0.478994
0.185333	0.264108
-0.109635	0.109827
0.226431	0.960844
0.048588	0.053935
-0.226886	0.444381
0.192645	0.287204
-0.100516	0.098466
0.211414	1.055271
0.058145	0.059594
-0.221594	0.412041
0.199638	0.312158
-0.091300	0.088035
0.184788	1.174784
0.067647	0.066243
-0.215853	0.381550
0.206350	0.338179
-0.081986	0.078748
0.117886	1.357612
0.077078	0.074024
-0.209697	0.352919
0.212693	0.366065
-0.072594	0.070423
-0.160059	1.256826
0.086435	0.082783
-0.203158	0.326145
0.218674	0.395392
-0.063132	0.063089
-0.199456	1.114142
0.095701	0.092693
-0.196328	0.300425
0.224184	0.427007
-0.053604	0.056888
-0.219416	1.008521
0.104872	0.103554
-0.189167	0.276567
0.229272	0.460024
-0.044024	0.051687
-0.231129	0.922434
0.113942	0.115328
-0.181752	0.253796
0.233763	0.495749
-0.034399	0.047579
-0.238244	0.848446
0.122876	0.128493
-0.174077	0.232499
0.237652	0.533713
-0.024742	0.044464
-0.242321	0.783189
0.131686	0.142558
-0.166160	0.212661
0.240774	0.574788
-0.015066	0.042319
-0.244136	0.725164
0.140347	0.157769
-0.158061	0.193607
0.243051	0.618918
-0.005371	0.041238
-0.244313	0.672478
0.148848	0.174125
-0.149752	0.176020
0.244335	0.666469
0.004328	0.041173
-0.243227	0.623980
0.157194	0.191298
-0.141268	0.159569
0.244309	0.718700
0.014024	0.042122
-0.241010	0.579826
0.165314	0.210249
-0.132622	0.144259
0.242664	0.776306
0.023706	0.044084
-0.237944	0.538711
0.173252	0.229992
-0.123827	0.130091
0.238947	0.840279
0.033363	0.047122
-0.234158	0.500241
0.180951	0.251198
-0.114895	0.117062
0.232249	0.913113
0.042992	0.051103
-0.229713	0.464458
0.188418	0.273504
-0.105849	0.104936
0.221026	0.998283
0.052577	0.056176
-0.224712	0.430935
0.195608	0.297271
-0.096689	0.093962
0.202321	1.101049
0.062112	0.062251
-0.219241	0.399250
0.202468	0.322905
-0.087434	0.083934
0.166258	1.238182
0.071581	0.069460
-0.213333	0.369425
0.209037	0.349601
-0.078086	0.075056
-0.099575	1.389582
0.080990	0.077491
-0.207023	0.341466
0.215226	0.378160
-0.068657	0.067300
-0.180490	1.190555
0.090305	0.086834
-0.200342	0.315363
0.221042	0.408153
-0.059168	0.060380
-0.209130	1.067208
0.099542	0.096937
-0.193378	0.290321
0.226374	0.440427
-0.049618	0.054594
-0.225011	0.970849
0.108662	0.108399
-0.186120	0.266756
0.231224	0.474535
-0.040015	0.049903
-0.234598	0.890074
0.117687	0.120546
-0.178590	0.244665
0.235454	0.511348
-0.030380	0.046130
-0.240235	0.820429
0.126571	0.134080
-0.170807	0.224040
0.239059	0.550384
-0.020712	0.043440
-0.243263	0.758541
0.135313	0.148779
-0.162813	0.204526
0.241869	0.592508
-0.011025	0.041758
-0.244374	0.702702
0.143916	0.164344
-0.154621	0.186141
0.243741	0.638115
-0.001331	0.041086
-0.243992	0.651854
0.152353	0.181040
-0.146228	0.169203
