-0.269722	-0.202111
0.146955	0.392263
-0.258255	-0.199546
-0.223445	-0.191610
-0.284059	-0.205195
-0.186578	-0.185362
-0.154203	-0.187995
-0.276735	-0.203635
0.137347	0.334020
-0.246997	-0.196990
-0.237582	-0.194733
-0.280615	-0.204479
-0.168282	-0.185001
-0.173161	-0.184683
-0.281718	-0.204689
-0.234034	-0.193990
-0.250112	-0.197641
0.140623	0.354489
-0.275094	-0.203305
-0.149126	-0.190431
-0.191192	-0.185759
-0.284612	-0.205296
-0.219500	-0.190779
-0.260903	-0.200104
0.148097	0.398946
-0.267562	-0.201648
-0.129581	-0.227813
-0.208084	-0.188387
-0.285384	-0.205456
-0.203540	-0.187679
-0.134952	-0.206693
-0.269840	-0.202130
0.146873	0.391766
-0.258102	-0.199518
-0.223665	-0.191582
-0.284024	-0.205177
-0.186315	-0.185285
-0.154489	-0.187871
-0.276824	-0.203648
0.137146	0.332777
-0.246818	-0.196954
-0.237780	-0.194777
-0.280548	-0.204469
-0.168005	-0.185019
-0.173435	-0.184664
-0.281776	-0.204697
-0.233831	-0.193944
-0.250284	-0.197675
0.140793	0.355532
-0.274997	-0.203291
-0.148839	-0.190665
-0.191450	-0.185736
-0.284639	-0.205299
-0.219274	-0.190723
-0.261049	-0.200130
0.148144	0.399227
-0.267436	-0.201627
-0.129299	-0.230302
-0.208324	-0.188450
-0.285379	-0.205455
-0.203294	-0.187613
-0.135242	-0.206127
-0.269957	-0.202150
0.146789	0.391288
-0.257948	-0.199490
-0.223885	-0.191635
-0.283988	-0.205172
-0.186052	-0.185307
-0.154774	-0.187747
-0.276912	-0.203661
0.136944	0.331448
-0.246638	-0.196917
-0.237976	-0.194820
-0.280481	-0.204460
-0.167727	-0.185037
-0.173709	-0.184645
-0.281834	-0.204706
-0.233627	-0.193898
-0.250456	-0.197709
0.140961	0.356564
-0.274900	-0.203276
-0.148550	-0.190789
-0.191708	-0.185810
-0.284666	-0.205303
-0.219048	-0.190751
-0.261194	-0.200209
0.148188	0.399480
-0.267309	-0.201606
-0.129018	-0.233422
-0.208564	-0.188514
-0.285374	-0.205454
-0.203048	-0.187638
-0.135531	-0.205561
-0.270075	-0.202169
0.146703	0.390768
-0.257794	-0.199462
-0.224104	-0.191688
-0.283951	-0.205167
-0.185788	-0.185230
-0.155059	-0.187623
-0.277000	-0.203675
0.136740	0.330107
-0.246458	-0.196880
-0.238173	-0.194863
-0.280413	-0.204426
-0.167449	-0.185054
-0.173982	-0.184626
-0.281891	-0.204734
-0.233422	-0.193852
-0.250628	-0.197743
0.141127	0.357585
-0.274802	-0.203261
-0.148262	-0.191023
-0.191966	-0.185884
-0.284692	-0.205307
-0.218821	-0.190694
-0.261339	-0.200235
0.148231	0.399738
-0.267182	-0.201585
-0.128738	-0.237798
-0.208804	-0.188577
-0.285369	-0.205454
-0.202802	-0.187571
-0.135821	-0.204884
-0.270191	-0.202188
0.146615	0.390269
-0.257639	-0.199433
-0.224323	-0.191741
-0.283914	-0.205162
-0.185525	-0.185251
-0.155345	-0.187499
-0.277087	-0.203719
0.136535	0.328755
-0.246277	-0.196844
-0.238369	-0.194906
-0.280346	-0.204416
-0.167171	-0.185178
-0.174255	-0.184607
-0.281948	-0.204742
-0.233218	-0.193806
-0.250799	-0.197777
0.141291	0.358535
-0.274704	-0.203210
-0.147974	-0.191147
-0.192224	-0.185861
-0.284717	-0.205310
-0.218595	-0.190638
-0.261484	-0.200261
0.148272	0.399984
-0.267055	-0.201563
-0.209043	-0.188640
-0.285363	-0.205453
-0.202555	-0.187504
-0.136111	-0.204318
-0.270308	-0.202207
0.146525	0.389727
-0.257484	-0.199404
-0.224542	-0.191793
-0.283877	-0.205157
-0.185261	-0.185174
-0.155630	-0.187375
-0.277174	-0.203732
0.136328	0.327392
-0.246096	-0.196807
-0.238565	-0.194948
-0.280277	-0.204406
-0.166893	-0.185196
-0.174528	-0.184691
-0.282004	-0.204750
-0.233012	-0.193760
-0.250970	-0.197810
0.141454	0.359534
-0.274606	-0.203195
-0.147686	-0.191381
-0.192481	-0.185935
-0.284742	-0.205323
-0.218367	-0.190582
-0.261628	-0.200287
0.148311	0.400204
-0.266927	-0.201542
-0.209282	-0.188613
-0.285356	-0.205450
-0.202309	-0.187529
-0.136400	-0.203863
-0.270424	-0.202268
0.146434	0.389206
-0.257329	-0.199376
-0.224760	-0.191846
-0.283839	-0.205139
-0.184997	-0.185195
-0.155915	-0.187360
-0.277260	-0.203745
0.136119	0.326017
-0.245915	-0.196770
-0.238760	-0.194991
-0.280208	-0.204397
-0.166614	-0.185213
-0.174801	-0.184672
-0.282060	-0.204758
-0.232807	-0.193713
-0.251141	-0.197906
0.141615	0.360523
-0.274506	-0.203180
-0.147397	-0.191505
-0.192738	-0.185912
-0.284767	-0.205326
-0.218140	-0.190525
-0.261772	-0.200312
0.148348	0.400427
-0.266799	-0.201474
-0.209521	-0.188676
-0.285349	-0.205449
-0.202061	-0.187462
-0.136690	-0.203296
-0.270539	-0.202286
0.146340	0.388641
-0.257173	-0.199347
-0.224978	-0.191898
-0.283801	-0.205134
-0.184732	-0.185217
-0.156200	-0.187236
-0.277346	-0.203758
0.135909	0.324631
-0.245733	-0.196666
-0.238955	-0.195033
-0.280139	-0.204387
-0.166336	-0.185231
-0.175074	-0.184652
-0.282115	-0.204766
-0.232601	-0.193667
-0.251311	-0.197940
0.141775	0.361500
-0.274407	-0.203165
-0.147109	-0.191739
-0.192995	-0.185985
-0.284791	-0.205329
-0.217912	-0.190468
-0.261915	-0.200338
0.148383	0.400626
-0.266671	-0.201453
-0.209760	-0.188739
-0.285342	-0.205448
-0.201814	-0.187395
-0.136980	-0.202730
-0.270654	-0.202305
0.146245	0.388099
-0.257017	-0.199261
-0.225196	-0.191950
-0.283762	-0.205128
-0.184468	-0.185139
-0.156484	-0.187112
-0.277432	-0.203771
0.135697	0.323154
-0.245551	-0.196629
-0.239150	-0.195076
-0.280069	-0.204377
-0.166057	-0.185248
-0.175346	-0.184633
-0.282170	-0.204774
-0.232395	-0.193620
-0.251480	-0.197973
0.141933	0.362409
-0.274307	-0.203149
-0.146820	-0.191973
-0.193252	-0.185962
-0.284815	-0.205333
-0.217684	-0.190411
-0.262058	-0.200363
0.148416	0.400825
-0.266542	-0.201431
-0.209998	-0.188801
-0.285334	-0.205447
-0.201566	-0.187327
-0.137270	-0.202274
-0.270769	-0.202324
0.146148	0.387511
-0.256860	-0.199232
-0.225413	-0.192002
-0.283723	-0.205123
-0.184203	-0.185160
-0.156769	-0.187097
-0.277517	-0.203784
0.135484	0.321745
-0.245369	-0.196591
-0.239345	-0.195189
-0.279999	-0.204342
-0.165778	-0.185266
-0.175618	-0.184613
-0.282225	-0.204801
-0.232189	-0.193573
-0.251650	-0.198006
0.142089	0.363365
-0.274207	-0.203134
-0.146531	-0.192207
-0.193508	-0.186035
-0.284838	-0.205336
-0.217456	-0.190354
-0.262201	-0.200389
0.148447	0.401013
-0.266412	-0.201409
-0.210236	-0.188863
-0.285326	-0.205446
-0.201318	-0.187352
-0.137560	-0.201818
-0.270883	-0.202342
0.146049	0.386948
-0.256703	-0.199203
-0.225630	-0.192054
-0.283683	-0.205118
-0.183938	-0.185082
-0.157053	-0.186973
-0.277601	-0.203827
0.135269	0.320244
-0.245186	-0.196553
-0.239539	-0.195231
-0.279928	-0.204331
-0.165499	-0.185283
-0.175890	-0.184697
-0.282278	-0.204809
-0.231982	-0.193526
-0.251819	-0.198039
0.142243	0.364310
-0.274106	-0.203082
-0.146242	-0.192331
-0.193764	-0.186108
-0.284860	-0.205347
-0.217227	-0.190297
-0.262343	-0.200465
0.148476	0.401178
-0.266282	-0.201387
-0.210473	-0.188925
-0.285317	-0.205442
-0.201070	-0.187284
-0.137850	-0.201362
-0.270997	-0.202361
0.145948	0.386337
-0.256546	-0.199174
-0.225847	-0.192105
-0.283643	-0.205098
-0.183673	-0.185103
-0.157337	-0.186849
-0.277685	-0.203839
0.135052	0.318731
-0.245003	-0.196516
-0.239732	-0.195273
-0.279857	-0.204321
-0.165219	-0.185301
-0.176162	-0.184677
-0.282332	-0.204816
-0.231775	-0.193479
-0.251988	-0.198072
0.142396	0.365244
-0.274005	-0.203066
-0.145953	-0.192566
-0.194020	-0.186084
-0.284883	-0.205350
-0.216998	-0.190325
-0.262485	-0.200490
0.148503	0.401343
-0.266152	-0.201365
-0.210711	-0.188899
-0.285308	-0.205441
-0.200822	-0.187216
-0.138140	-0.200906
-0.271110	-0.202420
0.145845	0.385753
-0.256388	-0.199144
-0.226064	-0.192157
-0.283602	-0.205092
-0.183407	-0.185125
-0.157621	-0.186834
-0.277769	-0.203852
0.134834	0.317205
-0.244819	-0.196478
-0.239926	-0.195314
0.128561	0.252738
-0.279785	-0.204311
-0.164940	-0.185424
-0.176434	-0.184658
-0.282385	-0.204824
-0.231567	-0.193431
-0.252156	-0.198105
0.142546	0.366112
-0.273903	-0.203051
-0.145664	-0.192800
-0.194276	-0.186157
-0.284905	-0.205353
-0.216769	-0.190267
-0.262626	-0.200515
0.148529	0.401486
-0.266022	-0.201343
-0.210948	-0.188961
-0.285298	-0.205440
-0.200573	-0.187148
-0.138430	-0.200450
-0.271223	-0.202438
0.145741	0.385120
-0.256230	-0.199115
-0.226280	-0.192208
-0.283561	-0.205087
-0.183141	-0.185045
-0.157905	-0.186710
-0.277852	-0.203864
0.134614	0.315667
-0.244635	-0.196440
-0.240119	-0.195356
0.128829	0.260347
-0.279713	-0.204301
-0.164660	-0.185441
-0.176705	-0.184638
-0.282438	-0.204831
-0.231360	-0.193384
-0.252324	-0.198138
0.142695	0.367024
-0.273801	-0.203035
-0.145375	-0.193034
-0.194531	-0.186229
-0.284926	-0.205356
-0.216539	-0.190209
-0.262767	-0.200540
0.148552	0.401627
-0.265891	-0.201274
-0.211184	-0.189022
-0.285288	-0.205438
-0.200324	-0.187173
-0.138720	-0.199994
-0.271336	-0.202456
0.145634	0.384475
-0.256072	-0.199085
-0.226495	-0.192259
-0.283519	-0.205081
-0.182875	-0.185067
-0.158189	-0.186586
-0.277935	-0.203877
0.134392	0.314117
-0.244451	-0.196401
-0.240311	-0.195397
0.129094	0.265135
-0.279641	-0.204264
-0.164380	-0.185459
-0.176976	-0.184721
-0.282490	-0.204857
-0.231151	-0.193336
-0.252491	-0.198170
0.142843	0.367871
-0.273698	-0.203019
-0.145086	-0.193269
-0.194786	-0.186205
-0.284947	-0.205359
-0.216310	-0.190151
-0.262907	-0.200565
0.148574	0.401756
-0.265759	-0.201251
-0.211421	-0.189084
-0.285277	-0.205437
-0.200074	-0.187104
-0.139011	-0.199648
-0.271448	-0.202474
0.145526	0.383858
-0.255913	-0.199055
-0.226711	-0.192310
-0.283477	-0.205075
-0.182609	-0.184987
-0.158472	-0.186570
-0.278018	-0.203889
0.134169	0.312555
-0.244266	-0.196363
-0.240503	-0.195438
0.129355	0.269074
-0.279568	-0.204254
-0.164100	-0.185476
-0.177247	-0.184701
-0.282542	-0.204864
-0.230943	-0.193288
-0.252658	-0.198203
0.142989	0.368761
-0.273595	-0.203003
-0.144797	-0.193503
-0.195041	-0.186277
-0.284967	-0.205369
-0.216079	-0.190093
-0.263048	-0.200590
0.148593	0.401867
-0.265627	-0.201229
-0.211657	-0.189145
-0.285266	-0.205432
-0.199825	-0.187035
-0.139301	-0.199192
-0.271560	-0.202492
0.145416	0.383191
-0.255753	-0.199025
-0.226926	-0.192361
-0.283435	-0.205070
-0.182343	-0.185009
-0.158756	-0.186446
-0.278100	-0.203930
0.133944	0.310896
-0.244081	-0.196325
-0.240695	-0.195480
0.129614	0.272482
-0.279495	-0.204243
-0.163820	-0.185599
-0.177518	-0.184681
-0.282593	-0.204872
-0.230734	-0.193240
-0.252825	-0.198296
0.143132	0.369640
-0.273492	-0.202950
-0.144508	-0.193738
-0.195296	-0.186254
-0.284987	-0.205372
-0.215849	-0.190035
-0.263187	-0.200614
0.148611	0.401973
-0.265495	-0.201206
-0.211893	-0.189206
-0.285254	-0.205430
-0.199575	-0.187060
-0.139591	-0.198847
-0.271671	-0.202510
0.145304	0.382553
-0.255594	-0.198937
-0.227141	-0.192412
-0.283392	-0.205048
-0.182076	-0.185030
-0.159039	-0.186430
-0.278181	-0.203943
0.133718	0.309224
-0.243896	-0.196286
-0.240887	-0.195521
0.129871	0.275566
-0.279421	-0.204232
-0.163539	-0.185616
-0.177788	-0.184661
-0.282643	-0.204879
-0.230525	-0.193192
-0.252991	-0.198328
0.143275	0.370456
-0.273388	-0.202933
-0.144218	-0.193972
-0.195550	-0.186325
-0.285007	-0.205375
-0.215618	-0.189977
-0.263327	-0.200689
0.148626	0.402067
-0.265362	-0.201184
-0.212128	-0.189179
-0.285242	-0.205429
-0.199325	-0.186991
-0.139881	-0.198501
-0.271782	-0.202568
0.145190	0.381863
-0.255434	-0.198907
-0.227355	-0.192462
-0.283348	-0.205042
-0.181809	-0.184950
-0.159322	-0.186307
-0.278262	-0.203955
0.133490	0.307539
-0.243710	-0.196248
-0.241078	-0.195561
0.130126	0.278430
-0.279347	-0.204222
-0.163259	-0.185633
-0.178058	-0.184743
-0.282694	-0.204886
-0.230316	-0.193144
-0.253157	-0.198360
0.143415	0.371314
-0.273284	-0.202917
-0.143929	-0.194206
-0.195804	-0.186397
-0.285026	-0.205377
-0.215387	-0.189918
-0.263466	-0.200714
0.148640	0.402144
-0.265229	-0.201161
-0.212364	-0.189240
-0.285230	-0.205427
-0.199074	-0.186922
-0.140171	-0.198045
-0.271892	-0.202585
0.145075	0.381204
-0.255273	-0.198877
-0.227569	-0.192512
-0.283304	-0.205037
-0.181542	-0.184971
-0.159605	-0.186291
-0.278343	-0.203967
0.133260	0.305840
-0.243524	-0.196209
-0.241269	-0.195602
0.130378	0.281077
-0.279272	-0.204184
-0.162978	-0.185650
-0.178328	-0.184723
-0.282744	-0.204911
-0.230106	-0.193095
-0.253323	-0.198392
0.143554	0.372159
-0.273179	-0.202901
-0.143639	-0.194552
-0.196058	-0.186373
-0.285044	-0.205380
-0.215156	-0.189946
-0.263604	-0.200738
0.148651	0.402214
-0.265096	-0.201138
-0.212599	-0.189301
-0.285217	-0.205425
-0.198824	-0.186946
-0.140461	-0.197700
-0.272002	-0.202603
0.144958	0.380492
-0.255112	-0.198846
-0.227783	-0.192563
-0.283260	-0.205030
-0.181275	-0.184891
-0.159888	-0.186167
-0.278423	-0.203979
0.133029	0.304129
-0.243338	-0.196170
-0.241459	-0.195643
0.130629	0.283608
-0.279197	-0.204173
-0.162697	-0.185774
-0.178598	-0.184703
-0.282793	-0.204918
-0.229896	-0.193047
-0.253488	-0.198424
0.143691	0.372944
-0.273074	-0.202884
-0.143350	-0.194786
-0.196311	-0.186444
-0.285062	-0.205389
-0.214924	-0.189887
-0.263742	-0.200762
0.148661	0.402270
-0.264962	-0.201067
-0.212833	-0.189361
-0.285203	-0.205419
-0.198573	-0.186877
-0.140751	-0.197354
-0.272111	-0.202620
0.144838	0.379812
-0.254951	-0.198816
-0.227997	-0.192613
-0.283215	-0.205024
-0.181007	-0.184911
-0.160171	-0.186151
-0.278502	-0.204019
0.132796	0.302316
-0.243151	-0.196131
-0.241649	-0.195683
0.130878	0.285930
-0.279121	-0.204162
-0.162416	-0.185791
-0.178868	-0.184683
-0.282842	-0.204924
-0.229685	-0.192998
-0.253653	-0.198455
0.143826	0.373768
-0.272968	-0.202868
-0.143060	-0.195020
-0.196565	-0.186515
-0.285080	-0.205391
-0.214692	-0.189828
-0.263880	-0.200786
0.148669	0.402317
-0.264827	-0.201044
-0.213068	-0.189422
-0.285190	-0.205417
-0.198322	-0.186807
-0.141041	-0.197009
-0.272220	-0.202638
0.144718	0.379077
-0.254789	-0.198785
-0.228210	-0.192663
-0.283170	-0.205002
-0.180739	-0.184932
-0.160453	-0.186027
-0.278582	-0.204031
0.132561	0.300490
-0.242963	-0.196092
-0.241839	-0.195723
0.131125	0.288233
-0.279045	-0.204151
-0.162135	-0.185807
-0.179137	-0.184764
-0.282890	-0.204931
-0.229474	-0.192949
-0.253817	-0.198487
0.143959	0.374532
-0.272862	-0.202813
-0.142770	-0.195366
-0.196818	-0.186491
-0.285097	-0.205394
-0.214460	-0.189769
-0.264017	-0.200810
0.148675	0.402352
-0.264692	-0.201020
-0.213302	-0.189482
-0.285175	-0.205415
-0.198070	-0.186831
-0.141331	-0.196664
-0.272329	-0.202655
0.144595	0.378376
-0.254627	-0.198755
-0.228423	-0.192634
-0.283124	-0.204996
-0.180471	-0.184852
-0.160735	-0.186011
-0.278660	-0.204042
0.132324	0.298560
-0.242776	-0.195984
-0.242029	-0.195764
0.131370	0.290426
-0.278968	-0.204140
-0.161853	-0.185931
-0.179406	-0.184744
-0.282938	-0.204938
-0.229263	-0.192900
-0.253981	-0.198519
0.144091	0.375334
-0.272756	-0.202796
-0.142480	-0.195600
-0.197071	-0.186562
-0.285114	-0.205396
-0.214227	-0.189710
-0.264154	-0.200834
0.148679	0.402374
-0.264557	-0.200997
-0.213536	-0.189455
-0.285160	-0.205413
-0.197818	-0.186761
-0.141621	-0.196429
-0.272437	-0.202711
0.144470	0.377620
-0.254465	-0.198724
-0.228635	-0.192684
-0.283078	-0.204989
-0.180203	-0.184872
-0.161018	-0.185995
-0.278739	-0.204054
0.132086	0.296615
-0.242588	-0.195944
-0.242218	-0.195804
0.131613	0.292600
-0.278891	-0.204129
-0.161572	-0.185948
-0.179675	-0.184723
-0.282986	-0.204962
-0.229052	-0.192929
-0.254144	-0.198550
0.144220	0.376077
-0.272649	-0.202780
-0.142191	-0.195946
-0.197323	-0.186633
-0.285130	-0.205399
-0.213994	-0.189650
-0.264290	-0.200907
0.148681	0.402386
-0.264422	-0.200974
-0.213769	-0.189515
-0.285145	-0.205411
-0.197566	-0.186691
-0.141911	-0.196084
-0.272545	-0.202729
0.144344	0.376898
-0.254302	-0.198693
-0.228847	-0.192733
-0.283031	-0.204983
-0.179934	-0.184893
-0.161300	-0.185871
-0.278817	-0.204065
0.131846	0.294655
-0.242400	-0.195904
-0.242406	-0.195844
0.131855	0.294667
-0.278814	-0.204090
-0.161290	-0.185964
-0.179944	-0.184805
-0.283033	-0.204968
-0.228840	-0.192880
-0.254308	-0.198581
0.144348	0.376857
-0.272541	-0.202763
-0.141901	-0.196180
-0.197575	-0.186609
-0.285146	-0.205406
-0.213761	-0.189591
-0.264426	-0.200930
0.148681	0.402386
-0.264286	-0.200950
-0.214002	-0.189574
-0.285129	-0.205404
-0.197314	-0.186715
-0.142201	-0.195739
-0.272652	-0.202746
0.144216	0.376119
-0.254139	-0.198602
-0.229059	-0.192783
-0.282984	-0.204977
-0.179666	-0.184812
-0.161581	-0.185854
-0.278894	-0.204077
0.131605	0.292589
-0.242211	-0.195864
-0.242594	-0.195883
0.132095	0.296627
-0.278736	-0.204079
-0.161008	-0.186088
-0.180212	-0.184784
-0.283080	-0.204975
-0.228628	-0.192831
-0.254470	-0.198672
0.144475	0.377625
-0.272434	-0.202746
-0.141611	-0.196525
-0.197827	-0.186679
-0.285161	-0.205408
-0.213527	-0.189618
-0.264562	-0.200954
0.148679	0.402375
-0.264149	-0.200927
-0.214235	-0.189634
-0.285113	-0.205401
-0.197062	-0.186645
-0.142491	-0.195504
-0.272759	-0.202763
0.144086	0.375328
-0.253975	-0.198571
-0.229270	-0.192832
-0.282937	-0.204953
-0.179397	-0.184832
-0.161863	-0.185838
-0.278971	-0.204116
0.131361	0.290506
-0.242022	-0.195825
-0.242782	-0.195923
0.132333	0.298572
-0.278658	-0.204067
-0.160726	-0.186104
-0.180480	-0.184763
-0.283126	-0.204981
-0.228415	-0.192781
-0.254633	-0.198703
0.144599	0.378337
-0.272325	-0.202729
-0.141321	-0.196871
-0.198079	-0.186749
-0.285176	-0.205410
-0.213294	-0.189558
-0.264697	-0.200977
0.148675	0.402352
-0.264012	-0.200854
-0.214468	-0.189693
-0.285096	-0.205399
-0.196809	-0.186574
-0.142780	-0.195159
-0.272866	-0.202779
0.143954	0.374575
-0.253811	-0.198540
-0.229482	-0.192881
-0.282889	-0.204947
-0.179128	-0.184853
-0.162144	-0.185714
-0.279047	-0.204127
0.131116	0.288221
-0.241833	-0.195784
-0.242970	-0.195963
0.132569	0.300413
-0.278579	-0.204056
-0.160443	-0.186228
-0.180748	-0.184844
-0.283172	-0.204988
-0.228202	-0.192732
-0.254795	-0.198733
0.144722	0.379083
-0.272217	-0.202672
-0.141031	-0.197216
-0.198330	-0.186725
-0.285190	-0.205412
-0.213060	-0.189498
-0.264832	-0.201001
0.148669	0.402319
-0.263875	-0.200830
-0.214700	-0.189753
-0.285079	-0.205397
-0.196556	-0.186598
-0.143070	-0.194924
-0.272972	-0.202796
0.143821	0.373762
-0.253647	-0.198508
-0.229692	-0.192930
-0.282840	-0.204940
-0.178858	-0.184873
-0.162426	-0.185698
-0.279124	-0.204138
0.130869	0.286011
-0.241643	-0.195744
-0.243157	-0.196002
0.132804	0.302240
-0.278500	-0.204044
-0.160161	-0.186244
-0.181016	-0.184823
-0.283217	-0.204994
-0.227989	-0.192682
-0.254957	-0.198764
0.144843	0.379774
-0.272108	-0.202655
-0.140741	-0.197562
-0.198582	-0.186794
-0.285204	-0.205414
-0.212825	-0.189438
-0.264966	-0.201024
0.148661	0.402273
-0.263737	-0.200806
-0.214932	-0.189812
-0.285062	-0.205395
-0.196303	-0.186527
-0.143360	-0.194690
-0.273077	-0.202851
0.143686	0.372988
-0.253482	-0.198477
-0.229903	-0.192979
-0.282791	-0.204933
-0.178589	-0.184792
-0.162707	-0.185681
-0.279199	-0.204149
0.130620	0.283595
-0.241453	-0.195704
-0.243344	-0.196110
0.133037	0.304053
-0.278420	-0.204004
-0.159878	-0.186368
-0.181284	-0.184803
-0.283262	-0.205016
-0.227776	-0.192632
-0.255118	-0.198795
0.144962	0.380497
-0.271998	-0.202638
-0.140451	-0.197907
-0.198833	-0.186864
-0.285217	-0.205421
-0.212590	-0.189377
-0.265100	-0.201047
0.148651	0.402214
-0.263599	-0.200782
-0.215164	-0.189784
-0.285043	-0.205386
-0.196049	-0.186456
-0.143649	-0.194345
-0.273183	-0.202868
0.143549	0.372153
-0.253317	-0.198445
-0.230113	-0.193027
-0.282742	-0.204926
-0.178319	-0.184812
-0.162988	-0.185557
-0.279274	-0.204160
0.130370	0.281065
-0.241262	-0.195663
-0.243530	-0.196149
0.133268	0.305851
-0.278340	-0.203992
-0.159595	-0.186384
-0.181551	-0.184883
-0.283306	-0.205023
-0.227562	-0.192582
-0.255279	-0.198825
0.145079	0.381167
-0.271888	-0.202620
-0.140161	-0.198252
-0.199083	-0.186840
-0.285230	-0.205423
-0.212355	-0.189317
-0.265234	-0.201118
0.148639	0.402148
-0.263461	-0.200758
-0.215395	-0.189843
-0.285025	-0.205383
-0.195795	-0.186480
-0.143939	-0.194110
-0.273287	-0.202884
0.143410	0.371358
-0.253151	-0.198413
-0.230323	-0.193076
-0.282692	-0.204902
-0.178049	-0.184832
-0.163269	-0.185540
-0.279349	-0.204198
0.130117	0.278417
-0.241071	-0.195623
-0.243717	-0.196188
0.133498	0.307550
-0.278259	-0.203980
-0.159312	-0.186400
-0.181818	-0.184862
-0.283350	-0.205029
-0.227348	-0.192531
-0.255439	-0.198856
0.145194	0.381868
-0.271778	-0.202603
-0.139871	-0.198598
-0.199334	-0.186909
-0.285243	-0.205425
-0.212120	-0.189256
-0.265367	-0.201141
0.148626	0.402066
-0.263322	-0.200734
-0.215626	-0.189902
-0.285006	-0.205381
-0.195541	-0.186409
-0.144228	-0.193876
-0.273392	-0.202900
0.143270	0.370502
-0.252985	-0.198381
-0.230532	-0.193124
-0.282642	-0.204895
-0.177779	-0.184750
-0.163549	-0.185524
-0.279423	-0.204209
0.129862	0.275553
-0.240880	-0.195582
-0.243902	-0.196227
0.133726	0.309235
-0.278178	-0.203968
-0.159029	-0.186524
-0.182085	-0.184841
-0.283393	-0.205035
-0.227133	-0.192481
-0.255599	-0.198886
0.145308	0.382517
-0.271667	-0.202585
-0.139581	-0.198943
-0.199584	-0.186978
-0.285255	-0.205426
-0.211885	-0.189283
-0.265500	-0.201164
0.148610	0.401972
-0.263182	-0.200709
-0.215857	-0.189960
-0.284986	-0.205378
-0.195287	-0.186337
-0.144518	-0.193642
-0.273495	-0.202917
0.143127	0.369634
-0.252819	-0.198349
-0.230741	-0.193173
-0.282591	-0.204888
-0.177508	-0.184770
-0.163830	-0.185400
-0.279497	-0.204220
0.129605	0.272469
-0.240689	-0.195541
-0.244088	-0.196265
0.133952	0.310907
-0.278097	-0.203956
-0.158746	-0.186648
-0.182352	-0.184921
-0.283436	-0.205041
-0.226919	-0.192431
-0.255759	-0.198916
0.145420	0.383196
-0.271556	-0.202528
-0.139291	-0.199288
-0.199834	-0.186953
-0.285266	-0.205428
-0.211649	-0.189222
-0.265632	-0.201187
0.148592	0.401873
-0.263043	-0.200634
-0.216087	-0.190019
-0.284966	-0.205376
-0.195032	-0.186361
-0.144807	-0.193407
-0.273599	-0.202933
0.142983	0.368807
-0.252652	-0.198317
-0.230950	-0.193221
-0.282540	-0.204881
-0.177237	-0.184790
-0.164110	-0.185383
-0.279571	-0.204231
0.129346	0.269061
-0.240497	-0.195500
-0.244273	-0.196304
0.134177	0.312482
-0.278015	-0.203944
-0.158463	-0.186664
-0.182618	-0.184900
-0.283479	-0.205062
-0.226703	-0.192380
-0.255918	-0.199004
0.145530	0.383823
-0.271444	-0.202510
-0.139000	-0.199745
-0.200083	-0.187022
-0.285278	-0.205434
-0.211413	-0.189161
-0.265764	-0.201209
0.148573	0.401756
-0.262903	-0.200610
-0.216318	-0.190077
-0.284946	-0.205366
-0.194777	-0.186289
-0.145096	-0.193173
-0.273702	-0.202986
0.142838	0.367918
-0.252485	-0.198224
-0.231159	-0.193269
-0.282488	-0.204874
-0.176967	-0.184810
-0.164390	-0.185366
-0.279644	-0.204241
0.129084	0.265122
-0.240305	-0.195459
-0.244457	-0.196342
0.134400	0.314128
-0.277932	-0.203903
-0.158179	-0.186788
-0.182885	-0.184979
-0.283521	-0.205068
-0.226488	-0.192329
-0.256077	-0.199034
0.145638	0.384480
-0.271332	-0.202492
-0.138710	-0.200201
-0.200332	-0.187091
-0.285288	-0.205435
-0.211176	-0.189099
-0.265895	-0.201232
0.148551	0.401634
-0.262762	-0.200585
-0.216547	-0.190135
-0.284925	-0.205363
-0.194522	-0.186313
-0.145385	-0.192938
-0.273804	-0.203002
0.142690	0.367017
-0.252318	-0.198191
-0.231367	-0.193316
-0.282436	-0.204848
-0.176695	-0.184727
-0.164670	-0.185349
-0.279716	-0.204278
0.128820	0.260233
-0.240112	-0.195418
-0.244642	-0.196380
0.134622	0.315678
-0.277850	-0.203890
-0.157895	-0.186804
-0.183151	-0.184958
-0.283562	-0.205074
-0.226272	-0.192278
-0.256236	-0.199064
0.145744	0.385086
-0.271219	-0.202474
-0.138420	-0.200546
-0.200581	-0.187066
-0.285298	-0.205436
-0.210939	-0.189038
-0.266026	-0.201254
0.148528	0.401494
-0.262621	-0.200560
-0.216777	-0.190192
-0.284904	-0.205360
-0.194267	-0.186240
-0.145674	-0.192704
-0.273906	-0.203018
0.142541	0.366160
-0.252150	-0.198159
-0.231575	-0.193364
-0.282383	-0.204840
-0.176424	-0.184747
-0.164950	-0.185332
-0.279788	-0.204288
0.128552	0.252416
-0.239919	-0.195377
-0.244826	-0.196419
0.134842	0.317216
-0.277766	-0.203878
-0.157611	-0.186928
-0.183416	-0.184937
-0.283603	-0.205079
-0.226056	-0.192227
-0.256394	-0.199094
0.145849	0.385720
-0.271106	-0.202456
-0.138130	-0.201002
-0.200830	-0.187135
-0.285308	-0.205438
-0.210702	-0.188976
-0.266157	-0.201324
0.148503	0.401342
-0.262480	-0.200536
-0.217006	-0.190165
-0.284882	-0.205357
-0.194011	-0.186168
-0.145964	-0.192470
-0.274008	-0.203034
0.142390	0.365237
-0.251982	-0.198126
-0.231782	-0.193412
-0.282330	-0.204833
-0.176153	-0.184767
-0.165229	-0.185208
-0.279860	-0.204299
-0.239726	-0.195335
-0.245009	-0.196457
0.135060	0.318741
-0.277683	-0.203866
-0.157327	-0.186943
-0.183682	-0.185016
-0.283644	-0.205085
-0.225840	-0.192175
-0.256551	-0.199123
0.145951	0.386342
-0.270993	-0.202438
-0.137840	-0.201458
-0.201079	-0.187203
-0.285317	-0.205439
-0.210465	-0.189003
-0.266287	-0.201346
0.148475	0.401187
-0.262338	-0.200511
-0.217235	-0.190222
-0.284860	-0.205354
-0.193755	-0.186191
-0.146252	-0.192236
-0.274109	-0.203050
0.142238	0.364303
-0.251813	-0.198093
-0.231989	-0.193459
-0.282277	-0.204826
-0.175881	-0.184786
-0.165509	-0.185191
-0.279931	-0.204309
-0.239532	-0.195293
-0.245192	-0.196494
0.135276	0.320254
-0.277598	-0.203853
-0.157043	-0.187067
-0.183947	-0.184994
-0.283684	-0.205105
-0.225623	-0.192124
-0.256709	-0.199153
0.146052	0.386916
-0.270879	-0.202378
-0.137550	-0.201914
-0.201327	-0.187271
-0.285326	-0.205440
-0.210227	-0.188941
-0.266417	-0.201368
0.148446	0.401012
-0.262196	-0.200486
-0.217464	-0.190280
-0.284837	-0.205351
-0.193499	-0.186119
-0.146541	-0.192001
-0.274210	-0.203066
0.142083	0.363415
-0.251644	-0.198060
-0.232196	-0.193506
-0.282223	-0.204818
-0.175609	-0.184806
-0.165788	-0.185174
-0.280001	-0.204319
-0.239338	-0.195252
-0.245375	-0.196532
0.135491	0.321675
-0.277514	-0.203841
-0.156759	-0.187191
-0.184212	-0.185073
-0.283724	-0.205111
-0.225406	-0.192072
-0.256866	-0.199182
0.146151	0.387516
-0.270765	-0.202360
-0.137260	-0.202370
-0.201575	-0.187246
-0.285334	-0.205445
-0.209989	-0.188879
-0.266546	-0.201390
0.148415	0.400835
-0.262053	-0.200409
-0.217692	-0.190337
-0.284814	-0.205340
-0.193243	-0.186142
-0.146830	-0.191877
-0.274311	-0.203118
0.141927	0.362460
-0.251475	-0.198027
-0.232402	-0.193553
-0.282168	-0.204811
-0.175337	-0.184723
-0.166067	-0.185156
-0.280072	-0.204330
-0.239143	-0.195210
-0.245557	-0.196570
0.135705	0.323164
-0.277429	-0.203798
-0.156474	-0.187207
-0.184477	-0.185052
-0.283763	-0.205116
-0.225188	-0.192020
-0.257022	-0.199211
0.146248	0.388068
-0.270650	-0.202342
-0.136970	-0.202937
-0.201823	-0.187314
-0.285342	-0.205446
-0.209751	-0.188816
-0.266675	-0.201412
0.148382	0.400637
-0.261910	-0.200384
-0.217920	-0.190394
-0.284790	-0.205337
-0.192986	-0.186069
-0.147119	-0.191643
-0.274410	-0.203133
0.141769	0.361493
-0.251305	-0.197994
-0.232608	-0.193600
-0.282113	-0.204783
-0.175064	-0.184742
-0.166346	-0.185139
-0.280141	-0.204365
-0.238949	-0.195168
-0.245740	-0.196607
0.135917	0.324562
-0.277343	-0.203785
-0.156190	-0.187331
-0.184742	-0.185030
-0.283802	-0.205121
-0.224971	-0.191968
-0.257178	-0.199297
0.146343	0.388645
-0.270535	-0.202323
-0.136680	-0.203392
-0.202070	-0.187381
-0.285350	-0.205447
-0.209513	-0.188754
-0.266804	-0.201433
0.148347	0.400426
-0.261767	-0.200358
-0.218148	-0.190451
-0.284766	-0.205334
-0.192729	-0.185996
-0.147407	-0.191409
-0.274510	-0.203149
0.141610	0.360574
-0.251135	-0.197961
-0.232814	-0.193647
-0.282058	-0.204776
-0.174792	-0.184762
-0.166624	-0.185121
-0.280211	-0.204375
-0.238754	-0.195126
-0.245921	-0.196645
0.136127	0.325949
-0.277257	-0.203772
-0.155905	-0.187454
-0.185006	-0.185108
-0.283840	-0.205127
-0.224753	-0.191916
-0.257334	-0.199326
0.146437	0.389177
-0.270420	-0.202304
-0.136390	-0.203959
-0.202317	-0.187356
-0.285356	-0.205448
-0.209274	-0.188780
-0.266932	-0.201455
0.148310	0.400216
-0.261623	-0.200333
-0.218375	-0.190508
-0.284741	-0.205331
-0.192472	-0.186019
-0.147696	-0.191285
-0.274609	-0.203164
0.141449	0.359586
-0.250964	-0.197928
-0.233020	-0.193693
-0.282002	-0.204768
-0.174519	-0.184781
-0.166903	-0.184998
-0.280279	-0.204385
-0.238558	-0.195011
-0.246103	-0.196748
0.136335	0.327324
-0.277171	-0.203760
-0.155620	-0.187578
-0.185270	-0.185087
-0.283878	-0.205146
-0.224534	-0.191864
-0.257489	-0.199355
0.146528	0.389731
-0.270304	-0.202286
-0.136100	-0.204525
-0.202564	-0.187424
-0.285363	-0.205449
-0.209035	-0.188718
-0.267059	-0.201523
0.148271	0.399982
-0.261479	-0.200307
-0.218603	-0.190564
-0.284716	-0.205327
-0.192215	-0.185946
-0.147984	-0.191051
-0.274708	-0.203179
0.141286	0.358587
-0.250793	-0.197894
-0.233225	-0.193740
-0.281946	-0.204760
-0.174246	-0.184800
-0.167181	-0.184980
-0.280348	-0.204395
-0.238362	-0.194969
-0.246284	-0.196786
0.136542	0.328765
-0.277084	-0.203747
-0.155335	-0.187594
-0.185534	-0.185165
-0.283916	-0.205151
-0.224316	-0.191812
-0.257644	-0.199384
0.146618	0.390241
-0.270187	-0.202225
-0.135811	-0.205091
-0.202811	-0.187491
-0.285369	-0.205452
-0.208795	-0.188655
-0.128748	-0.237494
-0.267187	-0.201544
0.148230	0.399751
-0.261334	-0.200281
-0.218829	-0.190621
-0.284691	-0.205315
-0.191957	-0.185969
-0.148272	-0.190927
-0.274806	-0.203195
0.141121	0.357577
-0.250622	-0.197798
-0.233429	-0.193786
-0.281889	-0.204752
-0.173973	-0.184716
-0.167459	-0.184963
-0.280416	-0.204405
-0.238166	-0.194926
-0.246464	-0.196822
0.136747	0.330041
-0.276997	-0.203702
-0.155050	-0.187718
-0.185798	-0.185143
-0.283953	-0.205156
-0.224097	-0.191759
-0.257799	-0.199412
0.146706	0.390772
-0.270071	-0.202206
-0.135521	-0.205657
-0.203057	-0.187558
-0.285374	-0.205453
-0.208556	-0.188592
-0.129027	-0.233222
-0.267313	-0.201566
0.148187	0.399494
-0.261189	-0.200256
-0.219056	-0.190593
-0.284665	-0.205311
-0.191699	-0.185895
-0.148560	-0.190693
-0.274903	-0.203245
0.140955	0.356556
-0.250450	-0.197764
-0.233634	-0.193832
-0.281832	-0.204724
-0.173699	-0.184735
-0.167737	-0.184945
-0.280483	-0.204438
-0.237970	-0.194883
-0.246644	-0.196859
0.136951	0.331382
-0.276909	-0.203689
-0.154764	-0.187842
-0.186061	-0.185221
-0.283989	-0.205161
-0.223877	-0.191787
-0.257953	-0.199441
0.146792	0.391261
-0.269953	-0.202187
-0.135231	-0.206223
-0.203303	-0.187532
-0.285379	-0.205453
-0.208316	-0.188528
-0.129309	-0.230101
-0.267440	-0.201587
0.148142	0.399225
-0.261043	-0.200230
-0.219282	-0.190649
-0.284638	-0.205308
-0.191441	-0.185918
-0.148849	-0.190569
-0.275001	-0.203260
0.140787	0.355586
-0.250278	-0.197730
-0.233838	-0.193878
-0.281774	-0.204716
-0.173426	-0.184755
-0.168015	-0.184927
-0.280550	-0.204448
-0.237773	-0.194840
-0.246824	-0.196896
0.137153	0.332712
-0.276821	-0.203676
-0.154479	-0.187966
-0.186324	-0.185199
-0.284025	-0.205166
-0.223658	-0.191735
-0.258107	-0.199469
0.146876	0.391770
-0.269836	-0.202168
-0.134942	-0.206899
-0.203549	-0.187599
-0.285384	-0.205454
-0.208076	-0.188555
-0.129591	-0.227612
-0.267566	-0.201608
0.148095	0.398961
-0.260898	-0.200151
-0.219508	-0.190705
-0.284611	-0.205304
-0.191183	-0.185844
-0.149137	-0.190336
-0.275098	-0.203275
0.140617	0.354544
-0.250106	-0.197696
-0.234042	-0.193924
-0.281716	-0.204707
-0.173152	-0.184774
-0.168292	-0.184909
-0.280617	-0.204458
-0.237576	-0.194797
-0.247004	-0.196932
0.137354	0.334030
-0.276732	-0.203663
-0.154193	-0.188090
-0.186587	-0.185276
-0.284061	-0.205184
-0.223438	-0.191682
-0.258260	-0.199497
0.146958	0.392237
-0.269718	-0.202149
-0.134653	-0.207575
-0.203794	-0.187665
-0.285388	-0.205455
-0.207835	-0.188491
-0.129875	-0.225545
-0.267691	-0.201629
0.148047	0.398668
-0.260751	-0.200125
-0.219733	-0.190761
-0.284584	-0.205301
-0.190924	-0.185769
-0.149424	-0.190212
-0.275194	-0.203290
0.140446	0.353491
-0.249933	-0.197662
-0.234245	-0.193970
-0.281658	-0.204699
-0.172878	-0.184793
-0.168569	-0.184891
-0.280683	-0.204467
-0.237378	-0.194754
-0.247183	-0.196969
0.137552	0.335336
-0.276643	-0.203649
-0.153907	-0.188214
-0.186850	-0.185254
-0.284096	-0.205188
-0.223217	-0.191629
-0.258413	-0.199526
0.147038	0.392722
-0.269599	-0.202129
-0.134363	-0.208251
-0.204039	-0.187732
-0.285392	-0.205457
-0.207594	-0.188428
-0.130159	-0.223689
-0.267817	-0.201695
0.147996	0.398383
-0.260605	-0.200098
-0.219959	-0.190817
-0.284556	-0.205287
-0.190665	-0.185792
-0.149712	-0.190088
-0.275290	-0.203304
0.140273	0.352427
-0.249760	-0.197627
-0.234448	-0.194016
-0.281599	-0.204691
-0.172604	-0.184812
-0.168847	-0.184873
-0.280749	-0.204477
-0.237180	-0.194710
-0.247361	-0.197005
0.137750	0.336558
-0.276554	-0.203636
-0.153621	-0.188228
-0.187112	-0.185331
-0.284130	-0.205193
-0.222997	-0.191575
-0.258566	-0.199609
0.147117	0.393196
-0.269480	-0.202067
-0.134074	-0.208926
-0.204284	-0.187706
-0.285395	-0.205457
-0.207353	-0.188364
-0.130444	-0.222047
-0.267941	-0.201716
0.147944	0.398067
-0.260458	-0.200072
-0.220184	-0.190872
-0.284528	-0.205283
-0.190406	-0.185718
-0.150000	-0.189854
-0.275385	-0.203353
0.140098	0.351352
-0.249586	-0.197593
-0.234651	-0.194061
-0.281539	-0.204661
-0.172329	-0.184831
-0.169123	-0.184855
-0.280814	-0.204486
-0.236982	-0.194667
-0.247540	-0.197041
0.137945	0.337842
-0.276464	-0.203590
-0.153335	-0.188352
-0.187375	-0.185309
-0.284164	-0.205198
-0.222776	-0.191522
-0.258718	-0.199637
0.147193	0.393631
-0.269361	-0.202048
-0.133785	-0.209711
-0.204529	-0.187772
-0.285398	-0.205458
-0.207112	-0.188300
-0.130729	-0.220509
-0.268066	-0.201737
0.147889	0.397740
-0.260310	-0.200045
-0.220408	-0.190928
-0.284499	-0.205279
-0.190147	-0.185741
-0.150287	-0.189730
-0.275481	-0.203368
0.139922	0.350267
-0.249412	-0.197559
-0.234853	-0.194106
-0.281479	-0.204653
-0.172054	-0.184850
-0.169400	-0.184837
-0.280879	-0.204519
-0.236783	-0.194623
-0.247718	-0.197077
0.138139	0.339042
-0.276373	-0.203577
-0.153049	-0.188476
-0.187637	-0.185385
-0.284198	-0.205203
-0.222555	-0.191468
-0.258870	-0.199665
0.147268	0.394082
-0.269241	-0.202028
-0.133497	-0.210496
-0.204773	-0.187838
-0.285400	-0.205458
-0.206870	-0.188326
-0.131015	-0.219187
-0.268190	-0.201758
0.147833	0.397421
-0.260162	-0.200019
-0.220632	-0.190983
-0.284470	-0.205276
-0.189887	-0.185666
-0.150575	-0.189606
-0.275575	-0.203382
0.139744	0.349170
-0.249238	-0.197524
-0.235055	-0.194152
-0.281419	-0.204644
-0.171780	-0.184764
-0.169677	-0.184819
-0.280943	-0.204528
-0.236584	-0.194579
-0.247895	-0.197113
0.138331	0.340233
-0.276283	-0.203563
-0.152763	-0.188600
-0.187898	-0.185363
-0.284231	-0.205207
-0.222333	-0.191415
-0.259021	-0.199693
0.147341	0.394495
-0.269121	-0.202008
-0.133208	-0.211280
-0.205018	-0.187904
-0.285402	-0.205458
-0.206628	-0.188261
-0.131302	-0.217862
-0.268313	-0.201778
0.147775	0.397070
-0.260014	-0.199992
-0.220856	-0.191038
-0.284440	-0.205272
-0.189627	-0.185688
-0.150862	-0.189372
-0.275669	-0.203397
0.139564	0.348063
-0.249063	-0.197489
-0.235257	-0.194197
-0.281358	-0.204636
-0.171505	-0.184783
-0.169953	-0.184801
-0.281007	-0.204537
-0.236385	-0.194535
-0.248073	-0.197149
0.138522	0.341482
-0.276191	-0.203549
-0.152476	-0.188724
-0.188160	-0.185439
-0.284264	-0.205224
-0.222111	-0.191361
-0.259172	-0.199720
0.147412	0.394923
-0.269000	-0.201988
-0.132920	-0.212174
-0.205261	-0.187878
-0.285403	-0.205459
-0.206386	-0.188197
-0.131588	-0.216645
-0.268436	-0.201799
0.147715	0.396730
-0.259865	-0.199911
-0.221080	-0.191093
-0.284410	-0.205257
-0.189367	-0.185613
-0.151149	-0.189248
-0.275763	-0.203411
0.139383	0.346945
-0.248888	-0.197454
-0.235458	-0.194242
-0.281297	-0.204627
-0.171229	-0.184801
-0.170229	-0.184782
-0.281070	-0.204546
-0.236185	-0.194491
-0.248249	-0.197185
0.138711	0.342651
-0.276100	-0.203536
-0.152190	-0.188848
-0.188421	-0.185417
-0.284297	-0.205228
-0.221889	-0.191307
-0.259322	-0.199748
0.147481	0.395314
-0.268879	-0.201969
-0.132631	-0.213067
-0.205505	-0.187943
-0.285404	-0.205459
-0.206143	-0.188132
-0.131875	-0.215536
-0.268559	-0.201819
0.147653	0.396356
-0.259716	-0.199884
-0.221303	-0.191147
-0.284379	-0.205253
-0.189106	-0.185636
-0.151436	-0.189125
-0.275856	-0.203426
0.139200	0.345817
-0.248712	-0.197355
-0.235659	-0.194286
-0.281235	-0.204619
-0.170954	-0.184820
-0.170505	-0.184764
-0.281133	-0.204555
-0.235985	-0.194447
-0.248426	-0.197285
0.138898	0.343809
-0.276007	-0.203489
-0.151903	-0.189082
-0.188682	-0.185493
-0.284328	-0.205232
-0.221666	-0.191252
-0.259473	-0.199775
0.147548	0.395719
-0.268757	-0.201949
-0.132343	-0.213959
-0.205748	-0.188009
-0.285404	-0.205459
-0.205901	-0.188158
-0.132163	-0.214535
-0.268681	-0.201884
0.147589	0.395994
-0.259567	-0.199857
-0.221526	-0.191119
-0.284348	-0.205249
-0.188846	-0.185560
-0.151723	-0.189001
-0.275949	-0.203473
0.139015	0.344609
-0.248536	-0.197320
-0.235859	-0.194331
-0.281173	-0.204588
-0.170678	-0.184839
-0.170781	-0.184745
-0.281196	-0.204587
-0.235785	-0.194403
-0.248602	-0.197320
0.139084	0.345024
-0.275915	-0.203474
-0.151616	-0.189206
-0.188943	-0.185471
-0.284360	-0.205237
-0.221443	-0.191198
-0.259622	-0.199802
0.147613	0.396112
-0.268635	-0.201885
-0.132056	-0.214960
-0.205991	-0.188074
-0.285404	-0.205460
-0.205658	-0.188093
-0.132451	-0.213534
-0.268803	-0.201904
0.147523	0.395598
-0.259417	-0.199830
-0.221749	-0.191174
-0.284317	-0.205244
-0.188585	-0.185582
-0.152010	-0.188877
-0.276042	-0.203487
0.138829	0.343459
-0.248360	-0.197284
-0.236060	-0.194376
-0.281110	-0.204579
-0.170402	-0.184857
-0.171057	-0.184727
-0.281258	-0.204596
-0.235584	-0.194358
-0.248778	-0.197356
0.139268	0.346160
-0.275822	-0.203460
-0.151329	-0.189330
-0.189203	-0.185546
-0.284391	-0.205241
-0.221220	-0.191143
-0.259772	-0.199884
0.147676	0.396471
-0.268513	-0.201864
-0.131768	-0.216070
-0.206234	-0.188048
-0.285404	-0.205460
-0.205414	-0.188028
-0.132739	-0.212641
-0.268924	-0.201924
0.147455	0.395189
-0.259266	-0.199803
-0.221972	-0.191228
-0.284285	-0.205240
-0.188324	-0.185507
-0.152296	-0.188753
-0.276134	-0.203501
0.138641	0.342297
-0.248184	-0.197249
-0.236259	-0.194420
-0.281047	-0.204570
-0.170126	-0.184875
-0.171332	-0.184708
-0.281319	-0.204604
-0.235383	-0.194314
-0.248953	-0.197391
0.139450	0.347286
-0.275728	-0.203446
-0.151042	-0.189454
-0.189464	-0.185524
-0.284421	-0.205256
-0.220997	-0.191089
-0.259921	-0.199911
0.147737	0.396841
-0.268390	-0.201844
-0.131481	-0.217178
-0.206476	-0.188113
-0.285403	-0.205459
-0.205171	-0.187963
-0.133027	-0.211748
-0.269045	-0.201944
0.147385	0.394794
-0.259116	-0.199775
-0.222194	-0.191282
-0.284252	-0.205224
-0.188063	-0.185529
-0.152583	-0.188629
-0.276225	-0.203515
0.138451	0.341126
-0.248007	-0.197213
-0.236459	-0.194464
-0.280983	-0.204561
-0.169850	-0.184894
-0.171607	-0.184690
-0.281381	-0.204613
-0.235181	-0.194269
-0.249128	-0.197426
0.139631	0.348400
-0.275634	-0.203432
-0.150755	-0.189578
-0.189724	-0.185599
-0.284451	-0.205260
-0.220773	-0.191117
-0.260069	-0.199938
0.147797	0.397178
-0.268267	-0.201824
-0.131195	-0.218394
-0.206718	-0.188177
-0.285401	-0.205459
-0.204927	-0.187897
-0.133315	-0.210854
-0.269165	-0.201964
0.147314	0.394363
-0.258965	-0.199748
-0.222415	-0.191336
-0.284219	-0.205220
-0.187801	-0.185453
-0.152869	-0.188505
-0.276316	-0.203529
0.138260	0.339873
-0.247829	-0.197178
-0.236658	-0.194508
-0.280919	-0.204552
-0.169574	-0.184912
-0.171882	-0.184671
-0.281441	-0.204622
-0.234980	-0.194224
-0.249303	-0.197461
0.139810	0.349504
-0.275540	-0.203418
-0.150468	-0.189702
-0.189984	-0.185576
-0.284481	-0.205265
-0.220549	-0.191062
-0.260217	-0.199965
0.147854	0.397525
-0.268143	-0.201803
-0.130909	-0.219718
-0.206960	-0.188242
-0.285399	-0.205459
-0.204682	-0.187923
-0.133604	-0.210069
-0.269286	-0.201984
0.147240	0.393946
-0.258813	-0.199720
-0.222637	-0.191390
-0.284186	-0.205215
-0.187539	-0.185475
-0.153156	-0.188381
-0.276407	-0.203543
0.138067	0.338679
-0.247652	-0.197142
-0.236857	-0.194552
-0.280855	-0.204520
-0.169297	-0.184930
-0.172157	-0.184652
-0.281501	-0.204652
-0.234778	-0.194179
-0.249477	-0.197495
0.139988	0.350597
-0.275445	-0.203369
-0.150180	-0.189935
-0.190243	-0.185652
-0.284510	-0.205269
-0.220325	-0.191007
-0.260365	-0.199991
0.147910	0.397840
-0.268019	-0.201783
-0.130623	-0.221148
-0.207202	-0.188306
-0.285397	-0.205459
-0.204438	-0.187857
-0.133893	-0.209284
-0.269405	-0.202046
0.147165	0.393492
-0.258661	-0.199638
-0.222858	-0.191444
-0.284152	-0.205211
-0.187277	-0.185398
-0.153442	-0.188257
-0.276497	-0.203589
0.137872	0.337403
-0.247473	-0.197106
-0.237056	-0.194596
-0.280790	-0.204511
-0.169020	-0.184949
-0.172431	-0.184738
-0.281561	-0.204660
-0.234575	-0.194133
-0.249651	-0.197530
0.140163	0.351679
-0.275350	-0.203355
-0.149893	-0.190059
-0.190502	-0.185629
-0.284538	-0.205273
-0.220100	-0.190951
-0.260512	-0.200018
0.147964	0.398164
-0.267895	-0.201717
-0.130338	-0.222685
-0.207443	-0.188280
-0.285394	-0.205458
-0.204193	-0.187791
-0.134182	-0.208609
-0.269524	-0.202066
0.147088	0.393054
-0.258509	-0.199610
-0.223079	-0.191497
-0.284117	-0.205206
-0.187015	-0.185421
-0.153728	-0.188133
-0.276587	-0.203603
0.137676	0.336188
-0.247295	-0.197070
-0.237254	-0.194640
-0.280724	-0.204501
-0.168743	-0.184967
-0.172706	-0.184719
-0.281621	-0.204669
-0.234372	-0.194088
-0.249824	-0.197565
0.140337	0.352751
-0.275254	-0.203340
-0.149605	-0.190183
-0.190762	-0.185704
-0.284567	-0.205287
-0.219875	-0.190896
-0.260659	-0.200044
0.148015	0.398476
-0.267770	-0.201696
-0.130053	-0.224435
-0.207684	-0.188344
-0.285390	-0.205457
-0.203948	-0.187725
-0.134471	-0.207823
-0.269643	-0.202085
0.147009	0.392576
-0.258356	-0.199582
-0.223299	-0.191551
-0.284083	-0.205189
-0.186752	-0.185344
-0.154014	-0.188009
-0.276676	-0.203616
0.137478	0.334890
-0.247116	-0.197034
-0.237452	-0.194756
-0.280659	-0.204492
-0.168466	-0.184985
-0.172980	-0.184700
-0.281679	-0.204677
-0.234169	-0.194043
-0.249997	-0.197599
0.140510	0.353812
-0.275158	-0.203325
-0.149317	-0.190417
-0.191020	-0.185681
-0.284594	-0.205290
-0.219649	-0.190840
-0.260806	-0.200071
0.148065	0.398758
-0.267645	-0.201676
-0.129769	-0.226396
-0.207925	-0.188407
-0.285387	-0.205456
-0.203703	-0.187751
-0.134760	-0.207148
-0.269762	-0.202105
0.146928	0.392087
-0.258203	-0.199554
-0.223520	-0.191604
-0.284047	-0.205184
-0.186489	-0.185366
-0.154299	-0.187885
-0.276765	-0.203630
0.137279	0.333579
-0.246937	-0.196997
-0.237649	-0.194799
-0.280592	-0.204483
-0.168189	-0.185003
-0.173254	-0.184681
-0.281738	-0.204686
-0.233966	-0.193997
-0.250170	-0.197633
0.140681	0.354861
-0.275062	-0.203311
-0.149029	-0.190541
-0.191279	-0.185755
-0.284621	-0.205294
-0.219424	-0.190785
-0.260952	-0.200150
0.148113	0.399047
-0.267519	-0.201655
-0.129486	-0.228675
-0.208165	-0.188471
-0.285382	-0.205456
-0.203457	-0.187684
-0.135050	-0.206582
-0.269879	-0.202124
0.146845	0.391617
-0.258050	-0.199525
-0.223739	-0.191657
-0.284012	-0.205179
-0.186226	-0.185289
-0.154585	-0.187761
-0.276854	-0.203643
0.137078	0.332332
-0.246757	-0.196961
-0.237846	-0.194842
-0.280525	-0.204449
-0.167911	-0.185021
-0.173528	-0.184662
-0.281796	-0.204694
-0.233762	-0.193951
-0.250342	-0.197668
0.140850	0.355900
-0.274965	-0.203296
-0.148741	-0.190665
-0.191537	-0.185829
-0.284648	-0.205298
-0.219198	-0.190729
-0.261098	-0.200176
0.148159	0.399308
-0.267393	-0.201634
-0.129204	-0.231268
-0.208405	-0.188445
-0.285378	-0.205455
-0.203211	-0.187618
-0.135339	-0.205906
-0.269997	-0.202143
0.146760	0.391105
-0.257896	-0.199497
-0.223959	-0.191710
-0.283975	-0.205175
-0.185963	-0.185311
-0.154870	-0.187746
-0.276942	-0.203688
0.136875	0.330999
-0.246577	-0.196924
-0.238043	-0.194885
-0.280458	-0.204440
-0.167633	-0.185038
-0.173801	-0.184643
-0.281853	-0.204723
-0.233558	-0.193905
-0.250514	-0.197764
0.141017	0.356867
-0.274867	-0.203246
-0.148453	-0.190899
-0.191795	-0.185806
-0.284674	-0.205302
-0.218971	-0.190673
-0.261243	-0.200202
0.148203	0.399573
-0.267266	-0.201612
-0.128923	-0.234703
-0.208645	-0.188508
-0.285372	-0.205455
-0.202965	-0.187551
-0.135629	-0.205340
-0.270114	-0.202205
0.146673	0.390613
-0.257741	-0.199469
-0.224178	-0.191763
-0.283939	-0.205170
-0.185700	-0.185233
-0.155156	-0.187622
-0.277029	-0.203701
0.136671	0.329655
-0.246397	-0.196822
-0.238239	-0.194928
-0.280391	-0.204430
-0.167355	-0.185162
-0.174074	-0.184624
-0.281910	-0.204731
-0.233353	-0.193859
-0.250686	-0.197798
0.141183	0.357885
-0.274769	-0.203231
-0.148165	-0.191023
-0.192053	-0.185880
-0.284700	-0.205314
-0.218745	-0.190616
-0.261388	-0.200228
0.148245	0.399827
-0.267139	-0.201591
-0.128644	-0.239913
-0.208885	-0.188571
-0.285367	-0.205452
-0.202719	-0.187576
-0.135919	-0.204774
-0.270231	-0.202224
0.146585	0.390078
-0.257587	-0.199440
-0.224397	-0.191815
-0.283902	-0.205151
-0.185436	-0.185255
-0.155441	-0.187498
-0.277116	-0.203714
0.136465	0.328299
-0.246216	-0.196785
-0.238435	-0.194971
-0.280322	-0.204420
-0.167077	-0.185180
-0.174348	-0.184605
-0.281967	-0.204739
-0.233148	-0.193813
-0.250857	-0.197832
0.141347	0.358891
-0.274671	-0.203216
-0.147877	-0.191257
-0.192311	-0.185857
-0.284726	-0.205318
-0.218518	-0.190560
-0.261532	-0.200254
0.148285	0.400055
-0.267012	-0.201524
-0.209124	-0.188634
-0.285361	-0.205451
-0.202472	-0.187509
-0.136208	-0.204208
-0.270347	-0.202243
0.146495	0.389564
-0.257432	-0.199412
-0.224616	-0.191868
-0.283864	-0.205146
-0.185172	-0.185177
-0.155726	-0.187375
-0.277203	-0.203727
0.136258	0.326932
-0.246035	-0.196748
-0.238631	-0.195013
-0.280254	-0.204410
-0.166799	-0.185197
-0.174621	-0.184689
-0.282023	-0.204747
-0.232943	-0.193767
-0.251028	-0.197866
0.141509	0.359887
-0.274572	-0.203201
-0.147588	-0.191381
-0.192568	-0.185931
-0.284751	-0.205321
-0.218291	-0.190588
-0.261676	-0.200280
0.148324	0.400285
-0.266884	-0.201502
-0.209363	-0.188697
-0.285354	-0.205450
-0.202225	-0.187442
-0.136498	-0.203641
-0.270463	-0.202262
0.146402	0.389007
-0.257276	-0.199326
-0.224834	-0.191839
-0.283826	-0.205141
-0.184908	-0.185199
-0.156011	-0.187251
-0.277289	-0.203740
0.136049	0.325553
-0.245854	-0.196710
-0.238826	-0.195056
-0.280185	-0.204401
-0.166520	-0.185215
-0.174893	-0.184669
-0.282079	-0.204755
-0.232738	-0.193720
-0.251198	-0.197899
0.141669	0.360872
-0.274473	-0.203186
-0.147300	-0.191615
-0.192825	-0.185908
-0.284775	-0.205325
-0.218063	-0.190531
-0.261820	-0.200305
0.148360	0.400491
-0.266756	-0.201481
-0.209602	-0.188760
-0.285347	-0.205450
-0.201978	-0.187467
-0.136788	-0.203075
-0.270578	-0.202280
0.146308	0.388472
-0.257120	-0.199297
-0.225052	-0.191891
-0.283788	-0.205136
-0.184643	-0.185120
-0.156296	-0.187235
-0.277375	-0.203753
0.135838	0.324084
-0.245672	-0.196673
-0.239021	-0.195098
-0.280115	-0.204366
-0.166242	-0.185233
-0.175166	-0.184650
-0.282134	-0.204782
-0.232532	-0.193673
-0.251368	-0.197932
0.141828	0.361787
-0.274373	-0.203170
-0.147011	-0.191850
-0.193082	-0.185981
-0.284799	-0.205328
-0.217835	-0.190474
-0.261963	-0.200383
0.148394	0.400698
-0.266627	-0.201459
-0.209840	-0.188733
-0.285339	-0.205449
-0.201730	-0.187400
-0.137078	-0.202619
-0.270693	-0.202299
0.146212	0.387891
-0.256964	-0.199268
-0.225269	-0.191943
-0.283749	-0.205131
-0.184378	-0.185142
-0.156580	-0.187111
-0.277460	-0.203797
0.135625	0.322682
-0.245490	-0.196636
-0.239216	-0.195140
-0.280045	-0.204356
-0.165963	-0.185250
-0.175438	-0.184630
-0.282189	-0.204790
-0.232326	-0.193627
-0.251538	-0.197966
0.141985	0.362750
-0.274273	-0.203119
-0.146722	-0.191973
-0.193338	-0.186054
-0.284822	-0.205340
-0.217607	-0.190417
-0.262106	-0.200408
0.148427	0.400893
-0.266498	-0.201437
-0.210078	-0.188796
-0.285331	-0.205445
-0.201483	-0.187332
-0.137368	-0.202163
-0.270808	-0.202318
0.146114	0.387335
-0.256807	-0.199239
-0.225487	-0.191995
-0.283709	-0.205125
-0.184114	-0.185164
-0.156865	-0.186988
-0.277545	-0.203809
0.135412	0.321190
-0.245307	-0.196598
-0.239410	-0.195182
-0.279975	-0.204346
-0.165684	-0.185268
-0.175710	-0.184611
-0.282243	-0.204798
-0.232119	-0.193580
-0.251707	-0.197999
0.142141	0.363703
-0.274173	-0.203103
-0.146434	-0.192208
-0.193595	-0.186031
-0.284845	-0.205343
-0.217379	-0.190360
-0.262249	-0.200433
0.148457	0.401066
-0.266368	-0.201416
-0.210316	-0.188858
-0.285323	-0.205444
-0.201235	-0.187264
-0.137658	-0.201596
-0.270922	-0.202377
0.146015	0.386732
-0.256650	-0.199210
-0.225704	-0.192047
-0.283669	-0.205106
-0.183848	-0.185085
-0.157149	-0.186972
-0.277630	-0.203822
0.135196	0.319765
-0.245124	-0.196561
-0.239604	-0.195224
-0.279904	-0.204336
-0.165405	-0.185285
-0.175982	-0.184694
-0.282297	-0.204805
-0.231912	-0.193533
-0.251876	-0.198032
0.142295	0.364587
-0.274072	-0.203088
-0.146145	-0.192442
-0.193851	-0.186103
-0.284868	-0.205346
-0.217150	-0.190303
-0.262391	-0.200459
0.148486	0.401238
-0.266239	-0.201347
-0.210553	-0.188920
-0.285314	-0.205443
-0.200986	-0.187289
-0.137948	-0.201140
-0.271035	-0.202396
0.145913	0.386155
-0.256493	-0.199181
-0.225920	-0.192099
-0.283629	-0.205100
-0.183583	-0.185106
-0.157433	-0.186848
-0.277714	-0.203834
0.134979	0.318247
-0.244941	-0.196523
-0.239798	-0.195266
-0.279833	-0.204325
-0.165125	-0.185409
-0.176254	-0.184675
-0.282350	-0.204813
-0.231705	-0.193485
-0.252044	-0.198065
0.142447	0.365518
-0.273970	-0.203072
-0.145856	-0.192676
-0.194106	-0.186080
-0.284890	-0.205349
-0.216921	-0.190245
-0.262532	-0.200484
0.148512	0.401389
-0.266108	-0.201325
-0.210791	-0.188982
-0.285304	-0.205441
-0.200738	-0.187221
-0.138238	-0.200684
-0.271149	-0.202414
0.145810	0.385529
-0.256335	-0.199151
-0.226137	-0.192150
-0.283588	-0.205095
-0.183317	-0.185027
-0.157717	-0.186724
-0.277797	-0.203847
0.134760	0.316718
-0.244757	-0.196485
-0.239991	-0.195307
0.128652	0.256008
-0.279761	-0.204289
-0.164846	-0.185426
-0.176525	-0.184655
-0.282403	-0.204839
-0.231497	-0.193438
-0.252212	-0.198098
0.142597	0.366437
-0.273868	-0.203056
-0.145567	-0.192911
-0.194362	-0.186152
-0.284912	-0.205352
-0.216692	-0.190188
-0.262674	-0.200509
0.148537	0.401538
-0.265977	-0.201302
-0.211028	-0.188955
-0.285295	-0.205440
-0.200489	-0.187152
-0.138528	-0.200339
-0.271261	-0.202432
0.145705	0.384892
-0.256177	-0.199122
-0.226353	-0.192201
-0.283547	-0.205089
-0.183052	-0.185049
-0.158001	-0.186709
-0.277880	-0.203859
0.134539	0.315176
-0.244573	-0.196447
-0.240184	-0.195349
0.128919	0.262155
-0.279689	-0.204279
-0.164566	-0.185443
-0.176796	-0.184635
-0.282455	-0.204847
-0.231289	-0.193390
-0.252380	-0.198192
0.142745	0.367291
-0.273766	-0.203040
-0.145278	-0.193145
-0.194617	-0.186225
-0.284933	-0.205363
-0.216462	-0.190215
-0.262814	-0.200534
0.148560	0.401675
-0.265846	-0.201280
-0.211264	-0.189017
-0.285284	-0.205435
-0.200240	-0.187177
-0.138818	-0.199883
-0.271374	-0.202450
0.145598	0.384282
-0.256018	-0.199034
-0.226568	-0.192253
-0.283505	-0.205084
-0.182785	-0.185070
-0.158285	-0.186585
-0.277963	-0.203901
0.134317	0.313622
-0.244389	-0.196409
-0.240376	-0.195390
0.129182	0.266523
-0.279616	-0.204268
-0.164286	-0.185460
-0.177067	-0.184718
-0.282507	-0.204854
-0.231081	-0.193343
-0.252548	-0.198224
0.142892	0.368189
-0.273664	-0.202988
-0.144989	-0.193379
-0.194872	-0.186201
-0.284954	-0.205365
-0.216232	-0.190157
-0.262955	-0.200609
0.148580	0.401792
-0.265715	-0.201258
-0.211501	-0.189078
-0.285273	-0.205434
-0.199990	-0.187109
-0.139108	-0.199427
-0.271486	-0.202468
0.145489	0.383622
-0.255859	-0.199004
-0.226784	-0.192304
-0.283463	-0.205063
-0.182519	-0.184991
-0.158568	-0.186569
-0.278045	-0.203914
0.134094	0.311972
-0.244204	-0.196370
-0.240568	-0.195431
0.129443	0.270250
-0.279543	-0.204258
-0.164006	-0.185477
-0.177338	-0.184698
-0.282559	-0.204861
-0.230873	-0.193295
-0.252714	-0.198256
0.143037	0.369075
-0.273560	-0.202971
-0.144699	-0.193614
-0.195127	-0.186273
-0.284974	-0.205368
-0.216002	-0.190099
-0.263095	-0.200634
0.148599	0.401906
-0.265583	-0.201235
-0.211737	-0.189139
-0.285262	-0.205432
-0.199741	-0.187040
-0.139399	-0.199081
-0.271597	-0.202526
0.145378	0.382991
-0.255700	-0.198975
-0.226999	-0.192354
-0.283420	-0.205057
-0.182253	-0.185012
-0.158852	-0.186445
-0.278127	-0.203926
0.133868	0.310393
-0.244019	-0.196332
-0.240760	-0.195472
0.129701	0.273549
-0.279470	-0.204247
-0.163725	-0.185601
-0.177609	-0.184678
-0.282610	-0.204869
-0.230664	-0.193247
-0.252881	-0.198289
0.143181	0.369898
-0.273457	-0.202955
-0.144410	-0.193848
-0.195382	-0.186345
-0.284994	-0.205371
-0.215771	-0.190041
-0.263234	-0.200658
0.148616	0.402007
-0.265450	-0.201213
-0.211972	-0.189200
-0.285250	-0.205431
-0.199491	-0.187065
-0.139689	-0.198736
-0.271708	-0.202544
0.145266	0.382309
-0.255540	-0.198944
-0.227213	-0.192405
-0.283377	-0.205051
-0.181986	-0.184932
-0.159135	-0.186429
-0.278208	-0.203938
0.133641	0.308717
-0.243833	-0.196293
-0.240951	-0.195513
0.129957	0.276527
-0.279396	-0.204237
-0.163445	-0.185618
-0.177879	-0.184658
-0.282661	-0.204894
-0.230454	-0.193199
-0.253047	-0.198321
0.143322	0.370763
-0.273353	-0.202939
-0.144120	-0.194083
-0.195636	-0.186321
-0.285013	-0.205374
-0.215540	-0.189983
-0.263374	-0.200683
0.148631	0.402092
-0.265317	-0.201142
-0.212208	-0.189261
-0.285238	-0.205429
-0.199240	-0.186995
-0.139979	-0.198280
-0.271819	-0.202562
0.145152	0.381657
-0.255379	-0.198914
-0.227428	-0.192455
-0.283334	-0.205045
-0.181719	-0.184953
-0.159418	-0.186306
-0.278289	-0.203950
0.133412	0.307028
-0.243647	-0.196187
-0.241143	-0.195554
0.130211	0.279287
-0.279321	-0.204199
-0.163164	-0.185635
-0.178149	-0.184740
-0.282711	-0.204901
-0.230245	-0.193151
-0.253213	-0.198353
0.143462	0.371616
-0.273248	-0.202923
