0.114695	0.066748
-0.091526	0.019666
0.177096	0.498324
0.024029	-0.048941
-0.164992	0.262985
0.132596	0.115962
-0.071133	-0.010484
0.160385	0.683467
0.045661	-0.036395
-0.151787	0.188867
0.148749	0.175342
-0.050044	-0.032686
-0.150790	0.738736
0.066869	-0.015787
-0.136049	0.127433
0.162552	0.246533
-0.028482	-0.046947
-0.175782	0.529711
0.087425	0.012687
-0.118465	0.076387
0.172950	0.333408
-0.006654	-0.053333
-0.176734	0.397210
0.107086	0.049562
-0.099490	0.034249
0.177758	0.443877
0.015233	-0.051815
-0.169352	0.297325
0.125566	0.094952
-0.079449	0.000682
0.170989	0.596943
0.036981	-0.042416
-0.157461	0.217092
0.142490	0.149970
-0.058611	-0.024782
-0.099842	0.913309
0.103465	0.904747
0.058386	-0.025119
-0.142635	0.151035
0.157324	0.216252
-0.037212	-0.042200
-0.170761	0.599161
0.079233	0.000229
-0.125737	0.095906
0.169272	0.296100
-0.015468	-0.051725
-0.177729	0.445490
0.099287	0.033689
-0.107283	0.050163
0.176738	0.395601
0.006418	-0.053371
-0.173013	0.334652
0.118284	0.075483
-0.087636	0.013185
0.175908	0.527776
0.028249	-0.047112
-0.162654	0.247719
0.135880	0.126690
-0.067090	-0.015402
0.151483	0.735262
0.049816	-0.032975
-0.148901	0.176145
0.151640	0.188052
-0.045890	-0.036130
-0.159959	0.686187
0.070913	-0.010891
-0.132770	0.116689
0.164897	0.261785
-0.024263	-0.048800
-0.176989	0.500272
0.091317	0.019148
-0.114886	0.067387
0.174407	0.352774
-0.002406	-0.053654
-0.175773	0.375916
0.110776	0.057555
-0.095678	0.027021
0.177705	0.469060
0.019469	-0.050605
-0.167337	0.280401
0.128980	0.104930
-0.075462	-0.004803
0.166858	0.635783
0.041165	-0.039697
-0.154778	0.203343
0.145547	0.161947
-0.054499	-0.028706
-0.134561	0.810048
0.062480	-0.020812
-0.139501	0.139544
0.159905	0.230492
-0.033016	-0.044655
-0.173644	0.564332
0.083192	0.006133
-0.122273	0.086147
0.171121	0.313835
-0.011227	-0.052663
-0.177417	0.421681
0.103063	0.041159
0.010408	-1.018581
-0.103554	0.042398
0.177386	0.418337
0.010664	-0.052775
-0.171334	0.316422
0.121817	0.084706
-0.083713	0.006970
0.174050	0.559369
0.032459	-0.044990
-0.160222	0.232627
0.139102	0.137642
-0.063022	-0.020041
0.137272	0.799594
0.053950	-0.029374
-0.145925	0.163924
0.154436	0.201267
-0.041722	-0.039184
-0.166141	0.641531
0.074932	-0.005721
-0.129420	0.106445
0.167062	0.278192
-0.020035	-0.050359
-0.177585	0.473093
0.095172	0.026072
-0.111253	0.058878
0.175653	0.372935
0.001843	-0.053676
-0.174547	0.355741
0.114415	0.066025
-0.091826	0.020256
0.177144	0.496255
0.023698	-0.049098
-0.165160	0.264301
0.132338	0.115140
-0.071446	-0.010173
0.160963	0.679684
0.045339	-0.036595
-0.151994	0.190098
0.148534	0.174134
-0.050364	-0.032464
-0.149916	0.743189
0.066552	-0.016221
-0.136302	0.128276
0.162375	0.245234
-0.028808	-0.046819
-0.175659	0.532107
0.087121	0.012126
-0.118748	0.076886
0.172817	0.332046
-0.006982	-0.053302
-0.176795	0.398939
0.106798	0.048883
-0.099784	0.034886
0.177768	0.441797
0.014905	-0.051881
-0.169502	0.298667
0.125299	0.094168
-0.079758	0.001198
0.171221	0.594273
0.036657	-0.042578
-0.157653	0.218359
0.142246	0.149095
-0.058931	-0.024397
-0.093819	0.926653
0.107729	0.894086
0.058068	-0.025374
-0.142878	0.151912
0.157131	0.214986
-0.037541	-0.041954
-0.170465	0.602157
0.078924	-0.000282
-0.126014	0.096432
0.169121	0.294760
-0.015800	-0.051622
-0.177716	0.447570
0.098993	0.033055
-0.107570	0.050846
0.176637	0.394219
0.006090	-0.053398
-0.173110	0.336356
0.118001	0.074985
-0.087939	0.013750
0.176028	0.525377
0.027918	-0.047297
-0.162855	0.248695
0.135626	0.125850
-0.067405	-0.015108
0.152272	0.731068
0.049492	-0.033300
-0.149133	0.177054
0.151413	0.187131
-0.046215	-0.035827
-0.159373	0.689949
0.070599	-0.011351
-0.133027	0.117514
0.164701	0.260800
-0.024589	-0.048691
-0.176888	0.502685
0.091014	0.018756
-0.115165	0.068113
0.174319	0.351061
-0.002739	-0.053636
-0.175846	0.377639
0.110486	0.057086
-0.095975	0.027635
0.177686	0.467329
0.019142	-0.050690
-0.167496	0.281731
0.128717	0.104127
-0.075773	-0.004474
0.167250	0.632517
0.040842	-0.039878
-0.154998	0.204281
0.145309	0.161057
-0.054818	-0.028465
-0.132926	0.816177
0.062164	-0.021085
-0.139749	0.140406
0.159719	0.229210
-0.033345	-0.044436
-0.173494	0.566700
0.082886	0.005597
-0.122544	0.086914
0.171009	0.312145
-0.011560	-0.052587
-0.177462	0.423414
0.102772	0.040503
0.023552	-1.014130
-0.103849	0.042840
0.177379	0.416258
0.010331	-0.052844
-0.171475	0.317776
0.121545	0.083943
-0.084019	0.007511
0.174194	0.556995
0.032129	-0.045203
-0.160406	0.233913
0.138853	0.136785
-0.063338	-0.019764
0.138630	0.794110
0.053630	-0.029611
-0.146161	0.164819
0.154214	0.200331
-0.042046	-0.038999
-0.165740	0.644777
0.074620	-0.006206
-0.129682	0.107252
0.166901	0.276865
-0.020362	-0.050269
-0.177553	0.475169
0.094874	0.025463
-0.111536	0.059583
0.175577	0.371214
0.001509	-0.053687
-0.174668	0.357113
0.114135	0.065304
-0.092126	0.020847
0.177190	0.494185
0.023371	-0.049202
-0.165327	0.265617
0.132080	0.114319
-0.071760	-0.009707
0.161469	0.676205
0.045013	-0.036892
-0.152220	0.191022
0.148302	0.173228
-0.050688	-0.032132
-0.148961	0.747912
0.066235	-0.016654
-0.136554	0.129120
0.162197	0.243936
-0.029138	-0.046627
-0.175534	0.534501
0.086816	0.011750
-0.119023	0.077634
0.172683	0.330685
-0.007315	-0.053255
-0.176854	0.400669
0.106511	0.048206
-0.100082	0.035314
0.177734	0.440064
0.014573	-0.051979
-0.169652	0.300010
0.125031	0.093386
-0.080067	0.001545
0.171510	0.591265
0.036328	-0.042818
-0.157867	0.219312
0.142003	0.148222
-0.059249	-0.024138
-0.085543	0.943236
0.111408	0.884368
0.057747	-0.025752
-0.143120	0.152791
0.156915	0.214038
-0.037865	-0.041787
-0.170165	0.605149
0.078614	-0.000624
-0.126280	0.097220
0.168968	0.293421
-0.016127	-0.051550
-0.177746	0.449303
0.098698	0.032424
-0.107862	0.051304
0.176574	0.392491
0.005757	-0.053437
-0.173241	0.337720
0.117725	0.074243
-0.088244	0.014131
0.176146	0.522978
0.027593	-0.047420
-0.163031	0.249998
0.135372	0.125011
-0.067721	-0.014667
0.153127	0.726553
0.049171	-0.033517
-0.149346	0.178266
0.151205	0.185904
-0.046537	-0.035622
-0.158713	0.694010
0.070286	-0.011658
-0.133284	0.118341
0.164531	0.259488
-0.024920	-0.048527
-0.176836	0.504751
0.090713	0.018172
-0.115444	0.068841
0.174195	0.349692
-0.003068	-0.053623
-0.175956	0.379018
0.110202	0.056387
-0.096272	0.028251
0.177712	0.465252
0.018810	-0.050815
-0.167655	0.283062
0.128454	0.103325
-0.076084	-0.003981
0.167576	0.629572
0.040515	-0.040145
-0.155197	0.205533
0.145070	0.160167
-0.055140	-0.028105
-0.131195	0.822498
0.061845	-0.021490
-0.139996	0.141268
0.159510	0.228249
-0.033670	-0.044287
-0.173286	0.569403
0.082579	0.005063
-0.122815	0.087684
0.170866	0.310795
-0.011887	-0.052535
-0.177507	0.425147
0.102481	0.039849
0.040035	-1.003578
-0.104139	0.043503
0.177329	0.414526
0.010003	-0.052889
-0.171615	0.319131
0.121273	0.083181
-0.084325	0.008055
0.174392	0.554278
0.031804	-0.045344
-0.160613	0.234879
0.138604	0.135929
-0.063657	-0.019349
0.139977	0.788576
0.053308	-0.029961
-0.146398	0.165714
0.154013	0.199087
-0.042372	-0.038721
-0.165335	0.648016
0.074309	-0.006530
-0.129943	0.108061
0.166739	0.275539
-0.020694	-0.050132
-0.177519	0.477245
0.094576	0.024856
-0.111819	0.060290
0.175501	0.369493
0.001181	-0.053692
-0.174753	0.358828
0.113848	0.064822
-0.092429	0.021244
0.177284	0.491769
0.023040	-0.049356
-0.165494	0.266935
