-0.239423	0.491798
0.168871	0.175641
-0.123336	0.088196
0.243918	0.760440
0.034564	0.008012
-0.231934	0.426025
0.182692	0.212190
-0.107382	0.066317
0.232810	0.891742
0.051591	0.015971
-0.222660	0.368009
0.195745	0.252869
-0.091091	0.047503
0.202632	1.075608
0.068466	0.027015
-0.212033	0.315623
0.207928	0.297621
-0.074513	0.032018
-0.178169	1.173267
0.085132	0.041381
-0.200233	0.268910
0.218995	0.348043
-0.057710	0.019704
-0.225197	0.949829
0.101536	0.058904
-0.187490	0.226658
0.228815	0.403692
-0.040732	0.010591
-0.241060	0.804560
0.117618	0.079741
-0.173923	0.188884
0.236986	0.466685
-0.023634	0.004674
-0.246336	0.691852
0.133316	0.103862
-0.159671	0.154872
0.243127	0.537810
-0.006467	0.001895
-0.245861	0.599176
0.148558	0.131504
-0.144819	0.124648
0.246461	0.620008
0.010719	0.002264
-0.241763	0.519928
0.163271	0.162644
-0.129458	0.097916
0.245794	0.716822
0.027875	0.005785
-0.235082	0.450916
0.177364	0.197574
-0.113666	0.074447
0.238583	0.835872
0.044947	0.012529
-0.226455	0.390065
0.190752	0.236252
-0.097498	0.054511
0.218300	0.993922
0.061887	0.022395
-0.216351	0.335260
0.203263	0.279795
-0.081026	0.037681
-0.088652	1.378791
0.146546	1.267367
0.078642	0.035441
-0.204973	0.286550
0.214798	0.327806
-0.064304	0.024178
-0.213283	1.022266
0.095157	0.051628
-0.192575	0.242686
0.225119	0.381485
-0.047388	0.013842
-0.236647	0.855994
0.111374	0.071114
-0.179310	0.203288
0.234001	0.441211
-0.030331	0.006613
-0.245168	0.732814
0.127232	0.093888
-0.165324	0.167646
0.240980	0.509122
-0.013185	0.002604
-0.246598	0.633277
0.142660	0.120190
-0.150688	0.136122
0.245549	0.586390
0.004000	0.001748
-0.243713	0.549600
0.157587	0.150016
-0.135528	0.107781
0.246599	0.677202
0.021173	0.004035
-0.237946	0.476926
0.171940	0.183314
-0.119888	0.083246
0.242435	0.786002
0.038285	0.009469
-0.230047	0.412809
0.185604	0.220734
-0.103858	0.061967
0.228599	0.925597
0.055283	0.018106
-0.220459	0.356030
0.198478	0.262274
-0.087502	0.043793
0.189705	1.130682
0.072116	0.029956
-0.209560	0.304900
0.210429	0.308278
-0.070868	0.029126
-0.194512	1.111161
0.088729	0.044993
-0.197524	0.259435
0.221263	0.359531
-0.054023	0.017468
-0.230062	0.914126
0.105070	0.063156
-0.184600	0.218040
0.230739	0.416856
-0.037015	0.009029
-0.242890	0.777709
0.121077	0.084601
-0.170873	0.181130
0.238507	0.481517
-0.019898	0.003795
-0.246632	0.670191
0.136679	0.109575
-0.156482	0.147985
0.244120	0.554719
-0.002722	0.001715
-0.245245	0.580789
0.151821	0.137777
-0.141521	0.118328
0.246695	0.639827
0.014462	0.002766
-0.240507	0.504040
0.166406	0.169771
-0.126053	0.092471
0.244878	0.740711
0.031604	0.006976
-0.233341	0.437126
0.180352	0.205558
-0.110171	0.069860
0.235604	0.866375
0.048652	0.014404
-0.224380	0.377504
0.193548	0.245471
-0.093933	0.050546
0.210492	1.037191
0.065557	0.024933
-0.213955	0.324377
0.205894	0.289467
-0.077400	0.034539
-0.158653	1.234739
0.082264	0.038622
-0.202359	0.276502
0.217181	0.338716
-0.060632	0.021681
-0.220538	0.980280
0.098717	0.055632
-0.189744	0.233880
0.227216	0.393630
-0.043681	0.012009
-0.239303	0.826768
0.114856	0.075979
-0.176333	0.194976
0.235679	0.455473
-0.026601	0.005466
-0.245896	0.709839
0.130631	0.099367
-0.162180	0.160551
0.242212	0.525025
-0.009442	0.002147
-0.246270	0.613928
0.145951	0.126550
0.037372	-1.428037
-0.147431	0.129573
0.246137	0.604783
0.007745	0.001978
-0.242696	0.532702
0.160768	0.156937
-0.132158	0.102108
0.246266	0.698850
0.024909	0.004959
-0.236405	0.462113
0.174981	0.191100
-0.116431	0.078176
0.240470	0.813260
0.042000	0.011075
-0.228065	0.400111
0.188483	0.229386
-0.100320	0.057753
0.223348	0.962405
0.058968	0.020383
-0.218177	0.344567
0.201174	0.271777
-0.083896	0.040408
0.170896	1.197618
0.075758	0.032888
-0.207016	0.294683
0.212888	0.319030
-0.067215	0.026228
-0.206095	1.059097
0.092318	0.048554
-0.194780	0.250059
0.223449	0.371534
-0.050328	0.015376
-0.234004	0.881007
0.108589	0.067542
-0.181679	0.209530
0.232566	0.430543
-0.033293	0.007615
-0.244321	0.752103
0.124510	0.089845
-0.167796	0.173490
0.239913	0.496866
-0.016158	0.003067
-0.246681	0.649445
0.140022	0.115413
-0.153268	0.141218
0.244977	0.572130
0.001024	0.001674
-0.244428	0.563363
0.155047	0.144481
-0.138188	0.112428
0.246763	0.660110
0.018203	0.003419
-0.239132	0.488665
0.169497	0.177353
-0.122629	0.087160
0.243670	0.765439
0.035329	0.008317
-0.231541	0.423405
0.183289	0.214015
-0.106659	0.065404
0.232046	0.898342
0.052350	0.016425
-0.222218	0.365460
0.196309	0.254796
-0.090355	0.046722
0.200284	1.086279
0.069217	0.027612
-0.211516	0.313580
0.208427	0.300048
-0.073766	0.031375
-0.182032	1.159561
0.085872	0.042118
-0.199679	0.266952
0.219486	0.350135
-0.056951	0.019326
-0.226230	0.942505
0.102263	0.059774
-0.186904	0.224799
0.229183	0.406735
-0.039968	0.010323
-0.241515	0.798679
0.118330	0.080738
-0.173306	0.187135
0.237297	0.469800
-0.022867	0.004469
-0.246426	0.687272
0.134011	0.104978
-0.159012	0.153570
0.243319	0.541437
-0.005697	0.001854
-0.245725	0.595528
0.149232	0.132731
-0.144138	0.123451
0.246511	0.624128
0.011489	0.002361
-0.241497	0.516777
0.163924	0.163973
-0.128759	0.096832
0.245599	0.721856
0.028641	0.006033
-0.234755	0.447819
0.177992	0.198996
-0.112949	0.073486
0.237992	0.842149
0.045710	0.012828
-0.226032	0.387487
0.191330	0.238140
-0.096766	0.053677
0.216877	1.002309
0.062642	0.022938
-0.215849	0.333188
0.203807	0.281778
-0.080283	0.036983
-0.120166	1.326428
0.136883	1.290791
0.079386	0.036125
-0.204433	0.284558
0.215305	0.329870
-0.063550	0.023621
-0.214848	1.013569
0.095890	0.052446
-0.192001	0.240787
0.225585	0.383617
-0.046627	0.013429
-0.237259	0.849745
0.112092	0.072062
-0.178705	0.201494
0.234335	0.444300
-0.029565	0.006414
-0.245304	0.728256
0.127925	0.095224
-0.164674	0.166306
0.241252	0.512268
-0.012416	0.002518
-0.246495	0.629627
0.143343	0.121375
-0.150029	0.134573
0.245635	0.590506
0.004769	0.001785
-0.243528	0.545968
0.158248	0.151307
-0.134835	0.106653
0.246589	0.681315
0.021941	0.004224
-0.237642	0.473805
0.172560	0.185051
-0.119178	0.082235
0.242077	0.791437
0.039049	0.009807
-0.229643	0.410203
0.186193	0.222583
-0.103133	0.061082
0.227596	0.932983
0.056040	0.018591
-0.220008	0.353500
0.199035	0.264222
-0.086759	0.043227
0.186409	1.143394
0.072864	0.030584
-0.209035	0.302876
0.210950	0.310312
-0.070118	0.028513
-0.197148	1.099958
0.089467	0.045760
-0.196964	0.257498
0.221710	0.362071
-0.053264	0.016999
-0.230941	0.907122
0.105794	0.064054
-0.184007	0.216203
0.231137	0.419469
-0.036250	0.008785
-0.243230	0.772257
0.121786	0.085623
-0.170251	0.179406
0.238804	0.484644
-0.019129	0.003664
-0.246630	0.666075
0.137370	0.110716
-0.155818	0.146705
0.244295	0.558355
-0.001952	0.001693
-0.245091	0.577145
0.152477	0.139341
-0.140836	0.117155
0.246724	0.643947
0.015231	0.002895
-0.240228	0.500898
0.167036	0.171462
-0.125350	0.091413
0.244653	0.745727
0.032370	0.007257
-0.233000	0.434045
0.180954	0.207364
-0.109451	0.068925
0.234967	0.872588
0.049414	0.014727
-0.223947	0.374942
0.194118	0.247381
-0.093199	0.049741
0.208563	1.046976
0.066309	0.025506
-0.213444	0.322321
0.206400	0.291876
-0.076654	0.033871
-0.164582	1.217309
0.083007	0.039334
-0.201811	0.274529
