0.047883	0.138403
-0.303513	-0.183193
0.104780	0.321242
-0.245104	-0.160388
-0.099367	-0.073718
-0.062561	-0.047742
-0.266898	-0.169788
0.126066	0.400605
-0.295987	-0.180756
-0.166260	-0.117862
-0.192239	-0.132959
0.041412	0.119021
-0.302573	-0.182899
0.109342	0.337410
-0.249263	-0.162237
-0.092938	-0.069243
-0.069149	-0.052464
-0.263353	-0.168261
0.123175	0.389160
-0.297708	-0.181313
0.017260	0.046046
-0.171992	-0.121267
-0.186806	-0.129891
0.034869	0.099329
-0.301464	-0.182528
0.113596	0.352963
-0.253295	-0.164079
-0.086470	-0.064707
-0.075708	-0.057141
-0.259670	-0.166722
0.119873	0.376402
-0.299262	-0.181840
0.023936	0.066607
-0.177646	-0.124699
-0.181288	-0.126729
0.028266	0.079664
-0.300186	-0.182123
0.117514	0.367489
-0.257198	-0.165754
-0.079965	-0.060115
-0.082235	-0.061767
-0.255854	-0.165100
0.116189	0.362433
-0.300650	-0.182280
0.030572	0.086699
-0.183220	-0.127920
-0.175686	-0.123357
0.021615	0.059504
-0.298740	-0.181633
0.121068	0.381064
-0.260968	-0.167344
-0.073426	-0.055328
-0.088727	-0.066340
-0.251905	-0.163313
0.112151	0.347576
-0.301870	-0.182687
0.037156	0.106421
-0.188708	-0.131161
-0.170004	-0.120009
0.014927	0.038164
-0.297127	-0.181080
0.124230	0.393370
-0.264603	-0.168922
-0.066857	-0.050634
-0.095182	-0.070855
-0.247828	-0.161517
0.107787	0.331744
-0.302920	-0.183014
0.043675	0.125868
-0.194110	-0.134193
-0.164245	-0.116450
-0.295350	-0.180499
0.126972	0.404301
-0.268100	-0.170345
-0.060260	-0.045895
-0.101597	-0.075446
-0.243626	-0.159549
0.103124	0.315254
-0.303800	-0.183304
0.050117	0.145405
-0.199421	-0.137130
-0.158413	-0.112798
-0.293409	-0.179819
0.129269	0.413629
-0.271456	-0.171688
-0.053638	-0.041260
-0.107968	-0.079834
-0.239301	-0.157576
0.098188	0.298263
-0.304509	-0.183522
0.056467	0.164692
-0.204638	-0.139972
-0.152509	-0.109181
-0.291306	-0.179073
0.131096	0.421161
-0.274668	-0.172953
-0.046993	-0.036446
-0.114294	-0.084153
-0.234856	-0.155423
0.093005	0.280697
-0.305046	-0.183696
0.062712	0.183808
-0.209758	-0.142718
-0.146538	-0.105353
-0.011955	-0.016144
-0.289043	-0.178305
0.132435	0.426764
-0.277734	-0.174140
-0.040329	-0.031744
-0.120570	-0.088401
-0.230295	-0.153176
0.087598	0.262664
-0.305412	-0.183807
0.068834	0.202815
-0.214778	-0.145470
-0.140502	-0.101438
-0.018670	-0.017708
-0.286622	-0.177425
0.133269	0.430292
-0.280651	-0.175251
-0.033648	-0.027015
-0.126794	-0.092574
-0.225620	-0.150833
0.081990	0.244390
-0.305605	-0.183869
0.074818	0.221638
-0.219695	-0.147922
-0.134405	-0.097440
-0.025378	-0.021750
-0.284045	-0.176475
0.133588	0.431645
-0.283418	-0.176289
-0.026953	-0.022556
-0.132964	-0.096670
-0.220835	-0.148494
0.076202	0.225864
-0.305625	-0.183874
0.080646	0.240197
-0.224505	-0.150380
-0.128249	-0.093362
-0.032076	-0.026213
-0.281315	-0.175452
0.133390	0.430796
-0.286031	-0.177254
-0.020247	-0.018371
-0.139075	-0.100685
-0.215943	-0.145962
0.070253	0.207053
-0.305473	-0.183823
0.086298	0.258527
-0.229206	-0.152742
-0.122037	-0.089204
-0.038760	-0.030801
-0.278433	-0.174355
0.132676	0.427768
-0.288488	-0.178147
-0.013533	-0.015784
-0.145126	-0.104617
-0.210947	-0.143334
0.064162	0.188169
-0.305148	-0.183722
0.091754	0.276640
-0.233795	-0.155009
-0.115773	-0.084972
-0.045429	-0.035509
-0.275401	-0.173183
0.131455	0.422628
-0.290788	-0.178928
-0.151112	-0.108337
-0.205850	-0.140610
0.057944	0.169030
-0.304651	-0.183558
0.096991	0.294207
-0.238267	-0.157181
-0.109459	-0.080667
-0.052078	-0.040187
-0.272223	-0.171934
0.129741	0.415526
-0.292929	-0.179687
-0.157032	-0.112098
-0.200655	-0.137682
0.051618	0.149701
-0.303982	-0.183350
0.101987	0.311436
-0.242621	-0.159172
-0.103098	-0.076294
-0.058706	-0.044974
-0.268901	-0.170607
0.127553	0.406595
-0.294908	-0.180379
-0.162881	-0.115768
-0.195366	-0.134765
0.045196	0.130385
-0.303142	-0.183071
0.106717	0.328087
-0.246852	-0.161159
-0.096693	-0.071855
-0.065309	-0.049721
-0.265437	-0.169130
0.124913	0.396027
-0.296724	-0.181005
0.013352	0.032974
-0.168658	-0.119227
-0.189986	-0.131753
0.038694	0.110868
-0.302132	-0.182754
0.111154	0.344025
-0.250959	-0.162972
-0.090247	-0.067353
-0.071886	-0.054425
-0.261835	-0.167639
0.121847	0.383983
-0.298376	-0.181536
0.020046	0.054783
-0.174358	-0.122714
-0.184517	-0.128532
0.032124	0.091205
-0.300952	-0.182359
0.115271	0.359110
-0.254938	-0.164778
-0.083763	-0.062794
-0.078432	-0.059081
-0.258096	-0.166066
0.118383	0.370767
-0.299861	-0.182038
0.026707	0.074985
-0.179979	-0.125990
-0.178963	-0.125331
0.025499	0.071304
-0.299603	-0.181930
0.119041	0.373270
-0.258786	-0.166417
-0.077244	-0.058179
-0.084945	-0.063686
-0.254224	-0.164409
0.114548	0.356337
-0.301179	-0.182454
0.033323	0.094846
-0.185517	-0.129288
-0.173328	-0.121918
0.018832	0.050781
-0.298088	-0.181414
0.122435	0.386332
-0.262500	-0.168046
-0.070692	-0.053372
-0.091422	-0.068235
-0.250222	-0.162585
0.110370	0.341086
-0.302328	-0.182836
0.039881	0.114602
-0.190970	-0.132375
-0.167614	-0.118532
0.012133	0.028071
-0.296406	-0.180835
0.125425	0.398117
-0.266077	-0.169517
-0.064111	-0.048658
-0.097860	-0.072725
-0.246092	-0.160754
0.105878	0.325009
-0.303307	-0.183140
0.046370	0.134058
-0.196334	-0.135479
-0.161824	-0.114934
-0.294561	-0.180228
0.127985	0.408395
-0.269515	-0.170906
-0.057503	-0.044046
-0.104257	-0.077289
-0.241838	-0.158748
0.101098	0.308245
-0.304116	-0.183405
0.052775	0.153440
-0.201606	-0.138376
-0.155961	-0.111368
-0.292552	-0.179522
0.130088	0.417004
-0.272812	-0.172217
-0.050871	-0.039252
-0.110610	-0.081648
-0.237463	-0.156649
0.096057	0.290930
-0.304754	-0.183600
0.059083	0.172687
-0.206783	-0.141176
-0.150029	-0.107591
-0.290382	-0.178748
0.131714	0.423755
-0.275963	-0.173449
-0.044218	-0.034423
-0.116915	-0.085938
-0.232969	-0.154548
0.090778	0.273190
-0.305220	-0.183751
0.065279	0.191733
-0.211862	-0.143881
-0.144031	-0.103726
-0.014754	-0.016157
-0.288053	-0.177906
0.132844	0.428496
-0.278968	-0.174605
-0.037547	-0.029710
-0.123170	-0.090155
-0.228360	-0.152263
0.085285	0.255148
-0.305513	-0.183839
0.071346	0.210642
-0.216840	-0.146490
-0.137969	-0.099777
-0.021467	-0.019327
-0.285567	-0.177044
0.133465	0.431119
-0.281823	-0.175686
-0.030860	-0.025117
-0.129372	-0.094296
-0.223639	-0.149881
0.079599	0.236679
-0.305634	-0.183877
0.077267	0.229335
-0.221713	-0.149003
-0.131847	-0.095745
-0.028171	-0.023509
-0.282926	-0.176064
0.133569	0.431560
-0.284525	-0.176693
-0.024160	-0.020795
-0.135518	-0.098358
-0.218809	-0.147405
0.073742	0.218117
-0.305583	-0.183860
0.083024	0.247852
-0.226478	-0.151420
-0.125667	-0.091633
-0.034863	-0.028110
-0.280132	-0.175010
0.133155	0.429801
-0.287074	-0.177629
-0.017450	-0.017044
-0.141604	-0.102339
-0.213873	-0.144832
0.067731	0.199181
-0.305358	-0.183785
0.088597	0.266096
-0.231132	-0.153741
-0.119433	-0.087444
-0.041541	-0.032688
-0.277187	-0.173883
0.132228	0.425892
-0.289466	-0.178493
-0.010734	-0.018699
-0.147628	-0.106109
-0.208835	-0.142163
0.061585	0.180204
-0.304962	-0.183662
0.093964	0.283967
-0.235672	-0.155877
-0.113148	-0.083181
-0.048202	-0.037529
-0.274095	-0.172679
0.130800	0.419903
-0.291700	-0.179247
-0.153587	-0.109921
-0.203697	-0.139398
0.055320	0.161000
-0.304393	-0.183474
0.099104	0.301463
-0.240096	-0.158011
-0.106814	-0.078847
-0.054843	-0.042192
-0.270856	-0.171399
0.128886	0.412038
-0.293773	-0.179978
-0.159478	-0.113644
-0.198462	-0.136537
0.048952	0.141634
-0.303653	-0.183243
0.103992	0.318458
-0.244399	-0.160051
-0.100434	-0.074446
-0.061461	-0.046963
-0.267475	-0.169970
0.126506	0.402407
-0.295685	-0.180643
-0.165298	-0.117276
-0.193135	-0.133470
0.042496	0.122309
-0.302742	-0.182940
0.108603	0.334821
-0.248579	-0.161915
-0.094012	-0.069980
-0.068053	-0.051693
-0.263953	-0.168527
0.123686	0.391203
-0.297433	-0.181243
0.016145	0.042473
-0.171043	-0.120697
-0.187717	-0.130418
0.035964	0.102665
-0.301660	-0.182600
0.112910	0.350414
-0.252633	-0.163773
-0.087550	-0.065454
-0.074617	-0.056378
-0.260293	-0.167003
0.120451	0.378657
-0.299015	-0.181750
0.022827	0.063349
-0.176710	-0.124144
-0.182213	-0.127272
0.029370	0.082897
-0.300410	-0.182179
0.116886	0.365172
-0.256557	-0.165462
-0.081051	-0.060871
-0.081150	-0.061013
-0.256499	-0.165395
0.116828	0.364871
-0.300430	-0.182226
0.029470	0.083330
-0.182297	-0.127381
-0.176625	-0.123915
0.022726	0.062767
-0.298992	-0.181726
0.120503	0.378927
-0.260350	-0.167067
-0.074518	-0.056235
-0.087648	-0.065594
-0.252572	-0.163623
0.112847	0.350083
-0.301678	-0.182618
0.036063	0.103093
-0.187800	-0.130638
-0.170956	-0.120583
0.016043	0.041887
-0.297407	-0.181184
0.123732	0.391440
-0.264007	-0.168660
-0.067953	-0.051407
-0.094110	-0.070119
-0.248516	-0.161843
0.108535	0.334462
-0.302757	-0.182975
0.042594	0.122730
-0.193216	-0.133686
-0.165210	-0.117039
-0.295657	-0.180579
0.126546	0.402609
-0.267527	-0.170097
-0.061361	-0.046819
-0.100531	-0.074583
-0.244334	-0.159890
0.103920	0.318073
-0.303665	-0.183256
0.049050	0.142186
-0.198543	-0.136639
-0.159389	-0.113402
-0.293743	-0.179947
0.128918	0.412204
-0.270906	-0.171454
-0.054742	-0.042047
-0.106910	-0.079119
-0.240029	-0.157933
0.099028	0.301054
-0.304403	-0.183496
0.055416	0.161406
-0.203775	-0.139497
-0.153497	-0.109800
-0.291667	-0.179213
0.130825	0.420032
-0.274143	-0.172732
-0.048101	-0.037238
-0.113244	-0.083450
-0.235604	-0.155796
0.093884	0.283644
-0.304969	-0.183669
0.061679	0.180600
-0.208912	-0.142363
-0.147537	-0.105986
-0.010836	-0.017970
-0.289431	-0.178411
0.132246	0.425982
-0.277233	-0.173933
-0.041440	-0.032541
-0.119528	-0.087710
-0.231062	-0.153564
0.088513	0.265757
-0.305363	-0.183796
0.067823	0.199696
-0.213949	-0.145027
-0.141512	-0.102085
-0.017552	-0.017193
-0.287036	-0.177540
0.133165	0.429852
-0.280176	-0.175057
-0.034762	-0.027816
-0.125761	-0.091896
-0.226406	-0.151238
0.082938	0.247498
-0.305585	-0.183862
0.073832	0.218492
-0.218883	-0.147595
-0.135425	-0.098101
-0.024262	-0.020944
-0.284485	-0.176651
0.133571	0.431572
-0.282967	-0.176108
-0.028069	-0.023360
-0.131940	-0.096004
-0.221639	-0.148914
0.077178	0.228968
-0.305634	-0.183876
0.079687	0.237162
-0.223712	-0.149969
-0.129278	-0.094035
-0.030961	-0.025411
-0.281780	-0.175641
0.133459	0.431091
-0.285606	-0.177085
-0.021365	-0.019032
-0.138061	-0.100033
-0.216765	-0.146399
0.071254	0.210262
-0.305510	-0.183836
0.085369	0.255496
-0.228431	-0.152348
-0.123076	-0.089891
-0.037648	-0.030003
-0.278923	-0.174557
0.132831	0.428428
-0.288090	-0.177992
-0.014652	-0.015861
-0.144122	-0.103979
-0.211786	-0.143787
0.065185	0.191342
-0.305214	-0.183738
0.090860	0.273634
-0.233038	-0.154631
-0.116820	-0.085671
-0.044319	-0.034715
-0.275917	-0.173398
0.131693	0.423648
-0.290416	-0.178828
-0.150120	-0.107713
-0.206706	-0.140974
0.058988	0.172152
-0.304745	-0.183592
0.096135	0.291352
-0.237530	-0.156819
-0.110514	-0.081378
-0.050972	-0.039398
-0.272763	-0.172163
0.130060	0.416860
-0.292584	-0.179555
-0.156051	-0.111488
-0.201527	-0.138168
0.052679	0.153031
-0.304105	-0.183380
0.101173	0.308645
-0.241904	-0.158825
-0.104161	-0.077015
-0.057604	-0.044191
-0.269464	-0.170783
0.127949	0.408214
-0.294590	-0.180259
-0.161912	-0.115174
-0.196253	-0.135267
0.046272	0.133640
-0.303294	-0.183126
0.105949	0.325288
-0.246156	-0.160828
-0.097763	-0.072587
-0.064211	-0.048946
-0.266024	-0.169388
0.125383	0.397901
-0.296433	-0.180897
0.012235	0.028659
-0.167701	-0.118647
-0.190888	-0.132271
0.039782	0.114177
-0.302312	-0.182799
0.110436	0.341345
-0.250284	-0.162738
-0.091324	-0.068095
-0.070792	-0.053657
-0.262444	-0.167911
0.122387	0.386081
-0.298112	-0.181470
0.018933	0.051220
-0.173414	-0.122150
-0.185434	-0.129066
0.033223	0.094416
-0.301160	-0.182435
0.114609	0.356656
-0.254284	-0.164477
-0.084846	-0.063545
-0.077343	-0.058321
-0.258728	-0.166352
0.118987	0.373059
-0.299625	-0.181952
0.025600	0.071740
-0.179048	-0.125441
-0.179894	-0.125880
0.026606	0.074551
-0.299840	-0.181989
0.118439	0.370982
-0.258154	-0.166131
-0.078332	-0.058939
-0.083862	-0.062935
-0.254878	-0.164632
0.115211	0.358796
-0.300971	-0.182403
0.032224	0.091636
-0.184601	-0.128755
-0.174272	-0.122602
0.019945	0.054345
-0.298352	-0.181512
0.121897	0.384305
-0.261890	-0.167775
-0.071786	-0.054282
-0.090346	-0.067493
-0.250897	-0.162902
0.111089	0.343682
-0.302148	-0.182771
0.038793	0.111294
-0.190068	-0.131859
-0.168571	-0.119112
0.013250	0.032387
-0.296698	-0.180944
0.124956	0.396250
-0.265491	-0.169260
-0.065209	-0.049577
-0.096791	-0.071993
-0.246789	-0.161002
0.106647	0.327717
-0.303156	-0.183104
0.045294	0.130804
-0.195447	-0.134979
-0.162793	-0.115529
-0.294879	-0.180312
0.127589	0.406782
-0.268953	-0.170664
-0.058606	-0.044829
-0.103195	-0.076430
-0.242555	-0.159096
0.101913	0.311040
-0.303993	-0.183361
0.051714	0.150249
-0.200735	-0.137891
-0.156943	-0.111978
-0.292898	-0.179654
0.129771	0.415677
-0.272273	-0.171988
-0.051977	-0.040041
-0.109555	-0.080938
-0.238200	-0.157013
0.096914	0.293893
-0.304660	-0.183578
0.058040	0.169432
-0.205928	-0.140708
-0.151022	-0.108216
-0.290755	-0.178892
0.131477	0.422770
-0.275448	-0.173234
-0.045328	-0.035217
-0.115868	-0.085240
-0.233726	-0.154927
0.091673	0.276199
-0.305154	-0.183728
0.064255	0.188561
-0.211023	-0.143429
-0.145034	-0.104365
-0.013635	-0.015933
-0.288452	-0.178062
0.132691	0.427843
-0.278478	-0.174403
-0.038659	-0.030508
-0.122132	-0.089469
-0.229136	-0.152658
0.086214	0.258182
-0.305476	-0.183831
0.070345	0.207562
-0.216018	-0.146054
-0.138983	-0.100429
-0.020349	-0.018666
-0.285992	-0.177163
0.133397	0.430831
-0.281357	-0.175497
-0.031974	-0.025919
-0.128343	-0.093623
-0.224433	-0.150293
0.080559	0.239838
-0.305626	-0.183875
0.076291	0.226233
-0.220908	-0.148583
-0.132871	-0.096411
-0.027055	-0.022704
-0.283377	-0.176192
0.133587	0.431638
-0.284086	-0.176518
-0.025277	-0.021455
-0.134498	-0.097698
-0.219621	-0.147832
0.074728	0.221141
-0.305603	-0.183865
0.082077	0.244866
-0.225692	-0.151016
-0.126700	-0.092312
-0.033749	-0.027309
-0.280608	-0.175205
0.133260	0.430236
-0.286660	-0.177466
-0.018568	-0.017559
-0.140595	-0.101693
-0.214703	-0.145275
0.068742	0.202431
-0.305408	-0.183803
0.087682	0.263121
-0.230365	-0.153354
-0.120475	-0.088135
-0.040430	-0.031891
-0.277688	-0.174091
0.132418	0.426680
-0.289079	-0.178343
-0.011853	-0.016141
-0.146629	-0.105476
-0.209681	-0.142622
0.062618	0.183413
-0.305040	-0.183689
0.093085	0.281022
-0.234924	-0.155596
-0.114198	-0.083885
-0.047094	-0.036737
-0.274620	-0.172901
0.131072	0.421039
-0.291339	-0.179151
-0.152599	-0.109302
-0.204559	-0.139874
0.056372	0.164153
-0.304500	-0.183512
0.098265	0.298572
-0.239367	-0.157655
-0.107872	-0.079562
-0.053738	-0.041406
-0.271406	-0.171568
0.129237	0.413470
-0.293439	-0.179851
-0.158502	-0.113040
-0.199341	-0.137029
0.050020	0.144854
-0.303788	-0.183291
0.103196	0.315643
-0.243691	-0.159710
-0.101500	-0.075172
-0.060360	-0.046184
-0.268048	-0.170220
0.126934	0.404105
-0.295378	-0.180528
-0.164333	-0.116688
-0.194029	-0.133978
0.043577	0.125447
-0.302905	-0.182999
0.107855	0.332107
-0.247891	-0.161590
-0.095085	-0.070717
-0.066957	-0.050921
-0.264549	-0.168791
0.124185	0.393139
-0.297153	-0.181139
0.015029	0.038750
-0.170091	-0.120123
-0.188626	-0.130942
0.037056	0.105994
-0.301852	-0.182669
0.112215	0.347826
-0.251966	-0.163463
-0.088629	-0.066200
-0.073526	-0.055613
-0.260912	-0.167281
0.121017	0.380799
-0.298763	-0.181657
0.021716	0.059942
-0.175772	-0.123587
-0.183136	-0.127812
0.030472	0.086267
-0.300630	-0.182260
0.116248	0.362739
-0.255912	-0.165167
-0.082136	-0.061626
-0.080064	-0.060256
-0.257140	-0.165611
0.117457	0.367268
-0.300206	-0.182144
0.028367	0.080098
-0.181372	-0.126839
-0.177561	-0.124471
0.023835	0.066170
-0.299240	-0.181789
0.119926	0.376677
-0.259727	-0.166861
-0.075608	-0.056999
-0.086568	-0.064847
-0.253235	-0.163931
0.113534	0.352638
-0.301482	-0.182570
0.034969	0.099901
-0.186889	-0.130112
-0.171906	-0.121154
0.017159	0.045461
-0.297683	-0.181287
0.123222	0.389464
-0.263407	-0.168395
-0.069049	-0.052321
-0.093036	-0.069381
-0.249201	-0.162166
0.109275	0.337146
-0.302589	-0.182915
0.041511	0.119444
-0.192320	-0.133176
-0.166172	-0.117625
-0.295960	-0.180693
0.126107	0.400866
-0.266950	-0.169846
-0.062461	-0.047597
-0.099465	-0.073856
-0.245040	-0.160229
0.104709	0.320861
-0.303526	-0.183222
0.047980	0.138957
-0.197662	-0.136145
-0.160364	-0.114003
-0.294073	-0.180034
0.128555	0.410725
-0.270353	-0.171217
-0.055846	-0.042832
-0.105851	-0.078266
-0.240755	-0.158199
0.099861	0.303921
-0.304292	-0.183457
0.054363	0.158243
-0.202910	-0.139018
-0.154484	-0.110416
-0.292024	-0.179350
0.130541	0.418880
-0.273614	-0.172509
-0.049209	-0.038029
-0.112192	-0.082745
-0.236350	-0.156166
0.094758	0.286566
-0.304886	-0.183650
0.060644	0.177379
-0.208063	-0.141902
-0.148535	-0.106616
-0.289815	-0.178560
0.132044	0.425143
-0.276729	-0.173783
-0.042551	-0.033337
-0.118485	-0.087017
-0.231827	-0.153950
0.089423	0.268713
-0.305309	-0.183777
0.066809	0.196433
-0.213117	-0.144582
-0.142520	-0.102730
-0.016434	-0.016677
-0.287446	-0.177702
0.133047	0.429350
-0.279696	-0.174918
-0.035875	-0.028617
-0.124727	-0.091215
-0.227190	-0.151640
0.083880	0.250585
-0.305560	-0.183856
0.072841	0.215327
-0.218069	-0.147166
-0.136443	-0.098759
-0.023145	-0.020284
-0.284921	-0.176773
0.133539	0.431437
-0.282513	-0.175925
-0.029185	-0.024019
-0.130915	-0.095337
-0.222441	-0.149234
0.078149	0.232053
-0.305637	-0.183878
0.078723	0.233985
-0.222915	-0.149654
-0.130306	-0.094707
-0.029846	-0.024608
-0.282241	-0.175773
0.133514	0.431324
-0.285177	-0.176915
-0.022482	-0.019693
-0.137046	-0.099378
-0.217584	-0.146732
0.072252	0.213327
-0.305543	-0.183848
0.084436	0.252443
-0.227653	-0.151950
-0.124113	-0.090575
-0.036535	-0.029204
-0.279410	-0.174699
0.132971	0.429011
-0.287687	-0.177834
-0.015771	-0.016231
-0.143117	-0.103210
-0.212622	-0.144134
0.066206	0.194501
-0.305275	-0.183760
0.089959	0.270604
-0.232279	-0.154249
-0.117866	-0.086367
-0.043209	-0.033921
-0.276428	-0.173551
0.131918	0.424582
-0.290040	-0.178682
-0.149125	-0.107087
-0.207559	-0.141440
0.060029	0.175395
-0.304835	-0.183624
0.095272	0.288365
-0.236790	-0.156453
-0.111568	-0.082086
-0.049865	-0.038609
-0.273298	-0.172326
0.130366	0.418101
-0.292234	-0.179462
-0.155067	-0.110876
-0.202396	-0.138650
0.053737	0.156212
-0.304224	-0.183423
0.100351	0.305723
-0.241184	-0.158563
-0.105222	-0.077735
-0.056501	-0.043408
-0.270024	-0.171024
0.128333	0.409779
-0.294267	-0.180137
-0.160941	-0.114577
-0.197138	-0.135765
0.047345	0.136886
-0.303441	-0.183179
0.105172	0.322551
-0.245456	-0.160494
-0.098832	-0.073317
-0.063112	-0.048169
-0.266607	-0.169643
0.125841	0.399724
-0.296137	-0.180786
0.011116	0.023462
-0.166742	-0.118065
-0.191788	-0.132785
0.040868	0.117337
-0.302487	-0.182862
0.109710	0.338717
-0.249605	-0.162419
-0.092399	-0.068836
-0.069698	-0.052888
-0.263050	-0.168181
0.122914	0.388197
-0.297844	-0.181371
0.017819	0.047798
-0.172468	-0.121583
-0.186348	-0.129596
0.034320	0.097763
-0.301363	-0.182509
0.113937	0.354163
-0.253626	-0.164174
-0.085928	-0.064295
-0.076254	-0.057560
-0.259356	-0.166636
0.119580	0.375309
-0.299385	-0.181864
0.024493	0.068345
-0.178115	-0.124890
-0.180823	-0.126426
0.027712	0.077936
-0.300071	-0.182074
0.117826	0.368726
-0.257518	-0.165919
-0.079420	-0.059698
-0.082779	-0.062182
-0.255529	-0.164931
0.115865	0.361295
-0.300758	-0.182326
0.031124	0.088276
-0.183682	-0.128220
-0.175214	-0.123164
0.021057	0.057760
-0.298611	-0.181578
0.121348	0.382167
-0.261277	-0.167501
-0.072879	-0.055049
-0.089268	-0.066750
-0.251569	-0.163216
0.111799	0.346244
-0.301964	-0.182726
0.037703	0.107978
-0.189163	-0.131339
-0.169526	-0.119689
0.014367	0.036408
-0.296985	-0.181051
0.124476	0.394391
-0.264901	-0.169001
-0.066307	-0.050352
-0.095720	-0.071259
-0.247482	-0.161331
0.107408	0.330393
-0.303000	-0.183048
0.044217	0.127541
-0.194557	-0.134475
-0.163761	-0.116122
-0.295194	-0.180430
0.127182	0.405166
-0.268386	-0.170419
-0.059707	-0.045610
-0.102131	-0.075708
-0.243269	-0.159441
0.102721	0.313906
-0.303866	-0.183331
0.050651	0.146909
-0.199860	-0.137404
-0.157922	-0.112586
-0.293239	-0.179744
0.129440	0.414332
-0.271729	-0.171822
-0.053083	-0.040828
-0.108499	-0.080091
-0.238934	-0.157373
0.097764	0.296725
-0.304560	-0.183543
0.056993	0.166299
-0.205069	-0.140237
-0.152013	-0.108838
-0.291123	-0.179034
0.131227	0.421728
-0.274930	-0.173078
-0.046437	-0.036011
-0.114820	-0.084540
-0.234479	-0.155212
0.092561	0.279184
-0.305084	-0.183712
0.063228	0.185375
-0.210181	-0.142974
-0.146036	-0.105002
-0.012516	-0.016002
-0.288847	-0.178217
0.132524	0.427149
-0.277983	-0.174258
-0.039771	-0.031306
-0.121092	-0.088781
-0.229908	-0.153050
0.087137	0.261194
-0.305435	-0.183817
0.069340	0.204339
-0.215193	-0.145615
-0.139995	-0.101080
-0.019231	-0.018005
-0.286413	-0.177330
0.133315	0.430492
-0.280888	-0.175362
-0.033089	-0.026721
-0.127312	-0.092948
-0.225224	-0.150701
0.081513	0.242856
-0.305613	-0.183870
0.075311	0.223113
-0.220101	-0.148161
-0.133893	-0.097075
-0.025938	-0.022045
-0.283823	-0.176372
0.133592	0.431658
-0.283642	-0.176392
-0.026393	-0.022260
-0.133477	-0.097036
-0.220430	-0.148256
0.075711	0.224272
-0.305619	-0.183871
0.081125	0.241740
-0.224902	-0.150610
-0.127732	-0.092989
-0.032635	-0.026507
-0.281080	-0.175341
0.133350	0.430623
-0.286242	-0.177300
-0.019686	-0.018075
-0.139583	-0.100915
-0.215529	-0.145716
0.069749	0.205536
-0.305452	-0.183819
0.086762	0.260123
-0.229594	-0.152963
-0.121516	-0.088825
-0.039318	-0.031239
-0.278185	-0.174237
0.132593	0.427410
-0.288687	-0.178190
-0.012972	-0.015779
-0.145629	-0.104841
-0.210525	-0.143079
0.063647	0.186476
-0.305113	-0.183707
0.092200	0.278053
-0.234173	-0.155222
-0.115247	-0.084586
-0.045985	-0.035944
-0.275141	-0.173058
0.131331	0.422118
-0.290973	-0.179010
-0.151610	-0.108682
-0.205419	-0.140347
0.057420	0.167428
-0.304601	-0.183549
0.097418	0.295652
-0.238635	-0.157296
-0.108929	-0.080275
-0.052633	-0.040619
-0.271951	-0.171801
0.129576	0.414847
-0.293101	-0.179762
-0.157523	-0.112435
-0.200217	-0.137518
0.051084	0.148201
-0.303918	-0.183323
0.102393	0.312797
-0.242979	-0.159368
-0.102564	-0.075896
-0.059259	-0.045403
-0.268617	-0.170467
0.127349	0.405802
-0.295066	-0.180411
-0.163367	-0.116097
-0.194920	-0.134484
0.044656	0.128717
-0.303064	-0.183057
0.107099	0.329451
-0.247200	-0.161346
-0.096156	-0.071451
-0.065860	-0.050147
-0.265141	-0.169052
0.124673	0.395086
-0.296869	-0.181034
0.013913	0.034878
-0.169137	-0.119548
-0.189532	-0.131463
0.038147	0.109173
-0.302039	-0.182715
0.111511	0.345287
-0.251296	-0.163151
-0.089707	-0.066945
-0.072434	-0.054847
-0.261527	-0.167556
0.121573	0.382965
-0.298506	-0.181592
0.020604	0.056530
-0.174831	-0.123027
-0.184056	-0.128349
0.031573	0.089487
-0.300845	-0.182338
0.115600	0.360344
-0.255264	-0.164870
-0.083220	-0.062380
-0.078977	-0.059498
-0.257777	-0.165901
0.118076	0.369549
-0.299977	-0.182061
0.027262	0.076717
-0.180445	-0.126294
-0.178495	-0.125024
0.024944	0.069569
-0.299483	-0.181878
0.119340	0.374453
-0.259101	-0.166579
-0.076698	-0.057761
-0.085487	-0.064098
-0.253895	-0.164236
0.114212	0.355153
-0.301281	-0.182497
0.033873	0.096558
-0.185976	-0.129583
-0.172853	-0.121722
0.018273	0.049031
-0.297954	-0.181356
0.122701	0.387378
-0.262804	-0.168127
-0.070144	-0.053091
-0.091961	-0.068642
-0.249882	-0.162404
0.110007	0.339706
-0.302416	-0.182853
0.040426	0.116149
-0.191422	-0.132663
-0.167133	-0.118209
0.011572	0.025726
-0.296258	-0.180805
0.125656	0.399020
-0.266370	-0.169593
-0.063560	-0.048375
-0.098397	-0.073127
-0.245741	-0.160565
0.105490	0.323617
-0.303381	-0.183171
0.046908	0.135718
-0.196778	-0.135648
-0.161336	-0.114725
-0.294399	-0.180157
0.128178	0.409193
-0.269796	-0.171044
-0.056950	-0.043616
-0.104790	-0.077548
-0.241477	-0.158550
0.100687	0.306861
-0.304176	-0.183416
0.053306	0.155068
-0.202043	-0.138646
-0.155468	-0.111029
-0.292377	-0.179444
0.130243	0.417638
-0.273081	-0.172347
-0.050316	-0.038819
-0.111139	-0.081903
-0.237092	-0.156533
0.095624	0.289462
-0.304799	-0.183619
0.059605	0.174278
-0.207212	-0.141438
-0.149530	-0.107244
-0.290194	-0.178708
0.131828	0.424219
-0.276220	-0.173572
-0.043661	-0.034132
-0.117440	-0.086322
-0.232588	-0.154333
0.090327	0.271758
-0.305251	-0.183757
0.065791	0.193283
-0.212282	-0.144134
-0.143527	-0.103372
-0.015315	-0.016307
-0.287852	-0.177862
0.132916	0.428804
-0.279212	-0.174720
-0.036988	-0.029417
-0.123691	-0.090533
-0.227970	-0.152039
0.084817	0.253651
-0.305530	-0.183846
0.071846	0.212273
-0.217251	-0.146734
-0.137460	-0.099415
-0.022027	-0.019624
-0.285353	-0.176946
0.133493	0.431242
-0.282054	-0.175794
-0.030300	-0.024822
-0.129888	-0.094667
-0.223240	-0.149649
0.079116	0.235242
-0.305636	-0.183878
0.077754	0.230912
-0.222115	-0.149238
-0.131332	-0.095376
-0.028730	-0.023950
-0.282698	-0.175958
0.133554	0.431496
-0.284744	-0.176794
-0.023599	-0.020353
-0.136029	-0.098592
-0.218401	-0.147163
0.073245	0.216503
-0.305570	-0.183855
0.083497	0.249488
-0.226871	-0.151646
-0.125148	-0.091257
-0.035422	-0.028404
-0.279892	-0.174897
0.133097	0.429551
-0.287280	-0.177674
-0.016889	-0.016747
-0.142110	-0.102567
-0.213456	-0.144582
0.067222	0.197645
-0.305332	-0.183780
0.089053	0.267663
-0.231516	-0.153866
-0.118910	-0.087062
-0.042099	-0.033125
-0.276935	-0.173762
0.132128	0.425458
-0.289659	-0.178535
-0.148129	-0.106458
-0.208409	-0.141904
0.061066	0.178625
-0.304921	-0.183644
0.094403	0.285459
-0.236047	-0.156086
-0.112620	-0.082792
-0.048758	-0.037818
-0.273830	-0.172551
0.130658	0.419322
-0.291879	-0.179327
-0.154082	-0.110262
-0.203263	-0.139130
0.054792	0.159383
-0.304338	-0.183463
0.099522	0.302874
-0.240460	-0.158211
-0.106282	-0.078453
-0.055397	-0.042623
-0.270579	-0.171263
0.128704	0.411291
-0.293939	-0.180051
-0.159967	-0.113977
-0.198021	-0.136261
0.048416	0.140121
-0.303583	-0.183214
0.104388	0.319783
-0.244753	-0.160157
-0.099899	-0.074046
-0.062013	-0.047391
-0.267186	-0.169895
0.126287	0.401499
-0.295837	-0.180674
-0.165781	-0.117480
-0.192686	-0.133297
0.041952	0.120629
-0.302658	-0.182924
0.108975	0.336144
-0.248922	-0.162098
-0.093473	-0.069575
-0.068603	-0.052117
-0.263652	-0.168448
0.123431	0.390202
-0.297571	-0.181270
0.016705	0.044226
-0.171519	-0.121014
-0.187261	-0.130125
0.035415	0.101103
-0.301562	-0.182558
0.113255	0.351632
-0.252965	-0.163868
-0.087008	-0.065043
-0.075164	-0.056797
-0.259981	-0.166843
0.120162	0.377516
-0.299140	-0.181803
0.023383	0.064945
-0.177180	-0.124336
-0.181749	-0.126970
0.028816	0.081315
-0.300298	-0.182158
0.117203	0.366356
-0.256879	-0.165628
-0.080506	-0.060455
-0.081694	-0.061428
-0.256175	-0.165227
0.116509	0.363676
-0.300541	-0.182247
0.030023	0.085054
-0.182760	-0.127682
-0.176154	-0.123723
0.022168	0.061170
-0.298866	-0.181672
0.120788	0.379984
-0.260660	-0.167225
-0.073970	-0.055815
-0.088190	-0.066005
-0.252238	-0.163527
0.112499	0.348769
-0.301775	-0.182659
0.036612	0.104796
-0.188256	-0.130817
-0.170479	-0.120264
0.015484	0.040133
-0.297267	-0.181124
0.123983	0.392427
-0.264307	-0.168739
-0.067404	-0.051125
-0.094648	-0.070524
-0.248172	-0.161658
0.108161	0.333129
-0.302839	-0.182990
0.043137	0.124268
-0.193665	-0.133969
-0.164726	-0.116712
-0.295503	-0.180547
0.126761	0.403449
-0.267815	-0.170240
-0.060809	-0.046390
-0.101066	-0.074983
-0.243979	-0.159783
0.103521	0.316641
-0.303733	-0.183284
0.049585	0.143696
-0.198983	-0.136914
-0.158900	-0.113191
-0.293576	-0.179873
0.129096	0.412934
-0.271182	-0.171589
-0.054188	-0.041615
-0.107441	-0.079377
-0.239664	-0.157731
0.098607	0.299634
-0.304457	-0.183506
0.055944	0.163019
-0.204208	-0.139763
-0.153002	-0.109457
-0.291486	-0.179132
0.130963	0.420628
-0.274407	-0.172859
-0.047545	-0.036803
-0.113771	-0.083703
-0.235229	-0.155586
0.093444	0.282144
-0.305008	-0.183685
0.062198	0.182175
-0.209337	-0.142516
-0.147036	-0.105636
-0.011397	-0.016657
-0.289237	-0.178369
0.132342	0.426375
-0.277485	-0.174052
-0.040883	-0.032104
-0.120051	-0.088091
-0.230678	-0.153439
0.088055	0.264183
-0.305388	-0.183800
0.068331	0.201228
-0.214365	-0.145174
-0.141006	-0.101728
-0.018113	-0.017490
-0.286829	-0.177494
0.133219	0.430083
-0.280415	-0.175170
-0.034203	-0.027523
-0.126280	-0.092270
-0.226012	-0.151107
0.082463	0.245975
-0.305595	-0.183866
0.074327	0.220101
-0.219291	-0.147735
-0.134913	-0.097736
-0.024822	-0.021386
-0.284265	-0.176549
0.133582	0.431616
-0.283194	-0.176213
-0.027509	-0.022919
-0.132454	-0.096241
-0.221236	-0.148678
0.076689	0.227385
-0.305630	-0.183875
0.080169	0.238714
-0.224110	-0.150201
-0.128762	-0.093795
-0.031520	-0.025705
-0.281547	-0.175532
0.133426	0.430949
-0.285820	-0.177183
-0.020804	-0.018736
-0.138570	-0.100264
-0.216353	-0.146154
0.070753	0.208626
-0.305492	-0.183829
0.085836	0.257104
-0.228820	-0.152570
-0.122555	-0.089646
-0.038206	-0.030441
-0.278678	-0.174441
0.132755	0.428101
-0.288290	-0.178082
-0.014091	-0.015857
-0.144626	-0.104204
-0.211365	-0.143533
0.064672	0.189657
-0.305181	-0.183732
0.091309	0.275170
-0.233418	-0.154845
-0.116295	-0.085286
-0.044876	-0.035151
-0.275659	-0.173275
0.131576	0.423138
-0.290604	-0.178868
-0.150618	-0.108059
-0.206277	-0.140817
0.058465	0.170557
-0.304699	-0.183572
0.096565	0.292811
-0.237900	-0.156934
-0.109985	-0.080987
-0.051527	-0.039831
-0.272493	-0.172032
0.129902	0.416209
-0.292757	-0.179632
-0.156543	-0.111827
-0.201090	-0.138005
0.052147	0.151399
-0.304044	-0.183368
0.101582	0.310020
-0.242264	-0.159022
-0.103628	-0.076618
-0.058157	-0.044621
-0.269182	-0.170711
0.127752	0.407399
-0.294750	-0.180329
-0.162399	-0.115504
-0.195809	-0.134987
0.045732	0.131977
-0.303218	-0.183094
0.106335	0.326670
-0.246506	-0.161016
-0.097226	-0.072184
-0.064762	-0.049372
-0.265730	-0.169311
0.125149	0.396984
-0.296580	-0.180926
0.012795	0.030856
-0.168181	-0.118969
-0.190436	-0.131982
0.039236	0.112486
-0.302222	-0.182782
0.110797	0.342713
-0.250623	-0.162836
-0.090784	-0.067687
-0.071341	-0.054079
-0.262139	-0.167756
0.122118	0.385086
-0.298245	-0.181496
0.019492	0.052968
-0.173888	-0.122464
-0.184974	-0.128883
0.032672	0.092844
-0.301056	-0.182391
0.114942	0.357909
-0.254612	-0.164649
-0.084303	-0.063132
-0.077889	-0.058739
-0.258411	-0.166189
0.118685	0.371863
-0.299744	-0.182003
0.026156	0.073330
-0.179515	-0.125747
-0.179428	-0.125574
0.026051	0.072962
-0.299722	-0.181966
0.118742	0.372187
-0.258471	-0.166295
-0.077787	-0.058522
-0.084405	-0.063348
-0.254550	-0.164539
0.114880	0.357550
-0.301076	-0.182423
0.032776	0.093209
-0.185061	-0.129052
-0.173799	-0.122288
0.019387	0.052597
-0.298220	-0.181455
0.122168	0.385309
-0.262196	-0.167857
-0.071237	-0.053860
-0.090886	-0.067901
-0.250559	-0.162722
0.110730	0.342321
-0.302239	-0.182809
0.039339	0.112987
-0.190521	-0.132147
-0.168091	-0.118790
0.012690	0.030337
-0.296552	-0.180915
0.125193	0.397177
-0.265786	-0.169407
-0.064659	-0.049151
-0.097327	-0.072396
-0.246440	-0.160898
0.106262	0.326342
-0.303232	-0.183118
0.045834	0.132469
-0.195892	-0.135148
-0.162307	-0.115322
-0.294720	-0.180279
0.127789	0.407608
-0.269235	-0.170803
-0.058053	-0.044399
-0.103728	-0.076828
-0.242196	-0.158899
0.101505	0.309670
-0.304056	-0.183387
0.052247	0.151746
-0.201172	-0.138162
-0.156450	-0.111641
-0.292725	-0.179577
0.129932	0.416339
-0.272544	-0.172120
-0.051423	-0.039608
-0.110085	-0.081194
-0.237831	-0.156897
0.096485	0.292440
-0.304707	-0.183587
0.058563	0.171030
-0.206357	-0.140971
-0.150524	-0.107870
-0.290568	-0.178809
0.131598	0.423263
-0.275707	-0.173358
-0.044771	-0.034927
-0.116394	-0.085490
-0.233347	-0.154714
0.091224	0.274668
-0.305188	-0.183742
0.064769	0.190119
-0.211444	-0.143683
-0.144531	-0.104012
-0.014196	-0.015938
-0.288253	-0.178019
0.132770	0.428182
-0.278724	-0.174520
-0.038101	-0.030216
-0.122653	-0.089715
-0.228747	-0.152435
0.085748	0.256695
-0.305495	-0.183834
0.070847	0.209074
-0.216430	-0.146299
-0.138474	-0.100069
-0.020910	-0.018963
-0.285780	-0.177115
0.133433	0.430985
-0.281591	-0.175606
-0.031415	-0.025479
-0.128859	-0.093863
-0.224035	-0.150062
0.080078	0.238289
-0.305631	-0.183876
0.076781	0.227819
-0.221312	-0.148820
-0.132357	-0.096174
-0.027615	-0.023146
-0.283151	-0.176141
0.133580	0.431607
-0.284307	-0.176619
-0.024716	-0.021159
-0.135010	-0.097933
-0.219214	-0.147592
0.074234	0.219660
-0.305593	-0.183863
0.082552	0.246393
-0.226086	-0.151244
-0.126182	-0.092070
-0.034308	-0.027603
-0.280370	-0.175093
0.133209	0.430029
-0.286868	-0.177560
-0.018007	-0.017262
-0.141101	-0.101922
-0.214287	-0.145027
0.068235	0.200773
-0.305383	-0.183793
0.088141	0.264585
-0.230750	-0.153479
-0.119953	-0.087888
-0.040988	-0.032329
-0.277438	-0.173971
0.132325	0.426276
-0.289274	-0.178430
-0.011291	-0.016722
-0.147131	-0.105827
-0.209257	-0.142365
0.062100	0.181708
-0.305001	-0.183673
0.093527	0.282527
-0.235300	-0.155715
-0.113671	-0.083497
-0.047650	-0.037027
-0.274357	-0.172774
0.130937	0.420486
-0.291521	-0.179189
-0.153095	-0.109645
-0.204127	-0.139608
0.055845	0.162541
-0.304447	-0.183490
0.098687	0.299996
-0.239733	-0.157856
-0.107341	-0.079169
-0.054292	-0.041838
-0.271131	-0.171499
0.129062	0.412749
-0.293608	-0.179925
-0.158992	-0.113375
-0.198900	-0.136755
0.049485	0.143346
-0.303721	-0.183263
0.103597	0.317081
-0.244046	-0.159904
-0.100965	-0.074772
-0.060912	-0.046612
-0.267761	-0.170146
0.126721	0.403274
-0.295532	-0.180595
-0.164817	-0.116893
-0.193581	-0.133806
0.043035	0.123912
-0.302824	-0.182965
0.108231	0.333447
-0.248237	-0.161775
-0.094547	-0.070312
-0.067507	-0.051345
-0.264250	-0.168641
0.123936	0.392161
-0.297294	-0.181167
0.015589	0.040651
-0.170569	-0.120442
-0.188170	-0.130650
0.036508	0.104293
-0.301757	-0.182629
0.112565	0.349147
-0.252301	-0.163639
-0.088088	-0.065790
-0.074073	-0.056033
-0.260602	-0.167122
0.120734	0.379681
-0.298890	-0.181711
0.022273	0.061540
-0.176243	-0.123779
-0.182673	-0.127511
0.029919	0.084544
-0.300520	-0.182213
0.116569	0.363943
-0.256236	-0.165335
-0.081592	-0.061211
-0.080609	-0.060672
-0.256819	-0.165521
0.117143	0.366017
-0.300319	-0.182192
0.028920	0.081681
-0.181836	-0.127141
-0.177092	-0.124280
0.023279	0.064575
-0.299116	-0.181764
0.120217	0.377826
-0.260040	-0.166947
-0.075061	-0.056579
-0.087110	-0.065258
-0.252903	-0.163756
0.113191	0.351343
-0.301581	-0.182589
0.035518	0.101465
-0.187347	-0.130292
-0.171430	-0.120837
0.016599	0.043708
-0.297545	-0.181227
0.123479	0.390413
-0.263709	-0.168547
-0.068499	-0.051897
-0.093575	-0.069788
-0.248858	-0.161983
0.108905	0.335739
-0.302674	-0.182950
0.042055	0.121126
-0.192770	-0.133461
-0.165690	-0.117300
-0.295809	-0.180662
0.126329	0.401731
-0.267240	-0.169990
-0.061909	-0.047170
-0.100000	-0.074256
-0.244686	-0.160037
0.104314	0.319445
-0.303596	-0.183235
0.048517	0.140472
-0.198104	-0.136421
-0.159875	-0.113793
-0.293908	-0.179999
0.128739	0.411483
-0.270631	-0.171353
-0.055293	-0.042401
-0.106382	-0.078661
-0.240391	-0.158087
0.099444	0.302515
-0.304348	-0.183480
0.054892	0.159862
-0.203345	-0.139286
-0.153989	-0.110075
-0.291846	-0.179271
0.130685	0.419472
-0.273880	-0.172637
-0.048653	-0.037595
-0.112720	-0.082999
-0.235976	-0.155957
0.094320	0.285079
-0.304928	-0.183657
0.061164	0.178961
-0.208489	-0.142056
-0.148035	-0.106267
-0.289623	-0.178474
0.132147	0.425564
-0.276982	-0.173844
-0.041994	-0.032900
-0.119008	-0.087265
-0.231444	-0.153733
0.088967	0.267264
-0.305337	-0.183788
0.067318	0.198101
-0.213535	-0.144730
-0.142015	-0.102374
-0.016995	-0.016974
-0.287241	-0.177657
0.133108	0.429612
-0.279937	-0.174975
-0.035317	-0.028178
-0.125246	-0.091458
-0.226797	-0.151510
0.083408	0.249072
-0.305573	-0.183859
0.073339	0.216945
-0.218478	-0.147307
-0.135933	-0.098526
-0.023705	-0.020580
-0.284703	-0.176724
0.133557	0.431513
-0.282741	-0.176031
-0.028625	-0.023723
-0.131429	-0.095574
-0.222039	-0.149097
0.077663	0.230480
-0.305636	-0.183877
0.079207	0.235548
-0.223315	-0.149789
-0.129791	-0.094468
-0.030405	-0.025048
-0.282011	-0.175720
0.133488	0.431214
-0.285393	-0.177014
-0.021922	-0.019397
-0.137556	-0.099611
-0.217174	-0.146589
0.071752	0.211826
-0.305527	-0.183841
0.084905	0.254063
-0.228043	-0.152175
-0.123593	-0.090331
-0.037093	-0.029642
-0.279166	-0.174642
0.132902	0.428731
-0.287890	-0.177925
-0.015209	-0.016080
-0.143622	-0.103565
-0.212203	-0.143985
0.065694	0.192823
-0.305245	-0.183747
0.090412	0.272152
-0.232660	-0.154465
-0.117341	-0.086118
-0.043766	-0.034357
-0.276172	-0.173489
0.131807	0.424102
-0.290229	-0.178767
-0.149624	-0.107434
-0.207131	-0.141285
0.059507	0.173806
-0.304791	-0.183605
0.095706	0.289837
-0.237162	-0.156660
-0.111039	-0.081832
-0.050421	-0.039042
-0.273030	-0.172260
0.130214	0.417477
-0.292410	-0.179499
-0.155561	-0.111216
-0.201961	-0.138489
0.053206	0.154586
-0.304165	-0.183412
0.100764	0.307215
-0.241545	-0.158674
-0.104690	-0.077339
-0.057054	-0.043838
-0.269744	-0.170953
0.128142	0.408991
-0.294429	-0.180208
-0.161428	-0.114786
-0.196695	-0.135487
0.046807	0.135227
-0.303368	-0.183148
0.105563	0.323949
-0.245808	-0.160684
-0.098296	-0.072915
-0.063664	-0.048596
-0.266315	-0.169497
0.125613	0.398832
-0.296286	-0.180851
0.011677	0.026246
-0.167223	-0.118389
-0.191337	-0.132498
0.040324	0.115791
-0.302400	-0.182846
0.110075	0.340103
-0.249946	-0.162519
-0.091860	-0.068429
-0.070247	-0.053311
-0.262747	-0.168027
0.122651	0.387160
-0.297979	-0.181398
0.018378	0.049548
-0.172943	-0.121899
-0.185890	-0.129415
0.033770	0.096052
-0.301262	-0.182466
0.114275	0.355436
-0.253957	-0.164347
-0.085385	-0.063883
-0.076801	-0.057979
-0.259042	-0.166475
0.119284	0.374135
-0.299506	-0.181916
0.025048	0.070082
-0.178584	-0.125197
-0.180357	-0.126122
0.027157	0.076205
-0.299956	-0.182025
0.118134	0.369879
-0.257838	-0.166007
-0.078874	-0.059281
-0.083322	-0.062596
-0.255203	-0.164839
0.115538	0.360070
-0.300865	-0.182371
0.031676	0.089995
-0.184143	-0.128518
-0.174742	-0.122851
0.020499	0.056014
-0.298482	-0.181552
0.121625	0.383193
-0.261585	-0.167658
-0.072331	-0.054628
-0.089809	-0.067159
-0.251233	-0.163038
0.111444	0.344988
-0.302057	-0.182744
0.038250	0.109675
-0.189617	-0.131629
-0.169047	-0.119369
0.013807	0.034359
-0.296841	-0.180989
0.124718	0.395342
-0.265197	-0.169149
-0.065756	-0.049926
-0.096257	-0.071663
-0.247135	-0.161228
0.107027	0.329034
-0.303079	-0.183081
0.044758	0.129211
-0.195004	-0.134646
-0.163276	-0.115915
-0.295037	-0.180398
0.127388	0.405969
-0.268671	-0.170560
-0.059155	-0.045181
-0.102665	-0.076106
-0.242911	-0.159246
0.102317	0.312450
-0.303930	-0.183343
0.051185	0.148549
-0.200299	-0.137677
-0.157431	-0.112249
-0.293068	-0.179709
0.129607	0.415022
-0.272002	-0.171890
-0.052529	-0.040396
-0.109029	-0.080483
-0.238566	-0.157170
0.097338	0.295284
-0.304611	-0.183564
0.057519	0.167903
-0.205500	-0.140501
-0.151516	-0.108493
-0.290939	-0.178952
0.131354	0.422249
-0.275190	-0.173142
-0.045880	-0.035720
-0.115346	-0.084791
-0.234102	-0.155091
0.092116	0.277665
-0.305120	-0.183718
0.063744	0.186940
-0.210604	-0.143230
-0.145534	-0.104650
-0.013078	-0.015860
-0.288649	-0.178128
0.132609	0.427498
-0.278232	-0.174317
-0.039213	-0.031014
-0.121614	-0.089028
-0.229521	-0.152829
0.086674	0.259718
-0.305456	-0.183825
0.069844	0.205987
-0.215607	-0.145862
-0.139488	-0.100850
-0.019792	-0.018302
-0.286202	-0.177233
0.133358	0.430666
-0.281124	-0.175417
-0.032530	-0.026281
-0.127829	-0.093189
-0.224828	-0.150471
0.081035	0.241317
-0.305620	-0.183873
0.075804	0.224709
-0.220506	-0.148399
-0.133380	-0.096839
-0.026498	-0.022341
-0.283600	-0.176321
0.133591	0.431656
-0.283865	-0.176443
-0.025833	-0.021819
-0.133989	-0.097272
-0.220025	-0.148018
0.075219	0.222800
-0.305612	-0.183870
0.081603	0.243278
-0.225299	-0.150839
-0.127215	-0.092747
-0.033194	-0.026947
-0.280844	-0.175286
0.133307	0.430445
-0.286452	-0.177396
-0.019126	-0.017778
-0.140091	-0.101274
-0.215115	-0.145469
0.069245	0.203887
-0.305430	-0.183810
0.087224	0.261598
-0.229981	-0.153184
-0.120994	-0.088578
-0.039876	-0.031532
-0.277936	-0.174178
0.132507	0.427057
-0.288884	-0.178279
-0.012410	-0.015775
-0.146131	-0.105193
-0.210102	-0.142823
0.063131	0.184911
-0.305077	-0.183700
0.092645	0.279570
-0.234550	-0.155342
-0.114721	-0.084334
-0.046541	-0.036235
-0.274880	-0.172994
0.131203	0.421593
-0.291157	-0.179092
-0.152106	-0.109026
-0.204988	-0.140082
0.056894	0.165823
-0.304551	-0.183527
0.097844	0.297196
-0.239003	-0.157499
-0.108399	-0.080019
-0.053187	-0.041051
-0.271678	-0.171733
0.129408	0.414154
-0.293271	-0.179798
-0.158014	-0.112771
-0.199778	-0.137245
0.050551	0.146561
-0.303853	-0.183311
0.102797	0.314250
-0.243336	-0.159562
-0.102031	-0.075497
-0.059811	-0.045832
-0.268332	-0.170325
0.127142	0.404947
-0.295223	-0.180479
-0.163852	-0.116304
-0.194473	-0.134313
0.044115	0.127046
-0.302985	-0.183023
0.107480	0.330808
-0.247547	-0.161448
-0.095619	-0.071047
-0.066410	-0.050572
-0.264845	-0.168903
0.124430	0.394132
-0.297012	-0.181095
0.014473	0.036780
-0.169616	-0.119868
-0.189078	-0.131173
0.037600	0.107617
-0.301946	-0.182698
0.111865	0.346541
-0.251633	-0.163329
-0.089166	-0.066535
-0.072982	-0.055268
-0.261219	-0.167399
0.121295	0.381870
-0.298635	-0.181618
0.021162	0.058130
-0.175303	-0.123220
-0.183595	-0.128050
0.031020	0.087911
-0.300738	-0.182293
0.115926	0.361567
-0.255590	-0.165039
-0.082676	-0.061966
-0.079522	-0.059915
-0.257458	-0.165813
0.117767	0.368393
-0.300093	-0.182110
0.027816	0.078447
-0.180910	-0.126598
-0.178027	-0.124834
0.024388	0.067831
-0.299362	-0.181826
0.119635	0.375554
-0.259416	-0.166665
-0.076151	-0.057342
-0.086030	-0.064510
-0.253564	-0.164063
0.113873	0.353878
-0.301382	-0.182540
0.034423	0.098268
-0.186435	-0.129764
-0.172378	-0.121407
0.017714	0.047280
-0.297818	-0.181329
0.122964	0.388412
-0.263107	-0.168280
-0.069595	-0.052668
-0.092501	-0.069049
-0.249540	-0.162304
0.109641	0.338406
-0.302503	-0.182889
0.040971	0.117835
-0.191873	-0.132949
-0.166651	-0.117885
0.011011	0.022649
-0.296109	-0.180740
0.125884	0.399964
-0.266662	-0.169738
-0.063009	-0.047948
-0.098933	-0.073528
-0.245390	-0.160374
0.105099	0.322218
-0.303454	-0.183201
0.047446	0.137238
-0.197222	-0.135926
-0.160849	-0.114393
-0.294236	-0.180124
0.128369	0.409978
-0.270076	-0.171115
-0.056396	-0.043186
-0.105322	-0.077944
-0.241115	-0.158439
0.100273	0.305367
-0.304235	-0.183440
0.053836	0.156557
-0.202478	-0.138807
-0.154974	-0.110690
-0.292200	-0.179407
0.130394	0.418258
-0.273349	-0.172413
-0.049761	-0.038385
-0.111667	-0.082293
-0.236720	-0.156326
0.095190	0.287989
-0.304844	-0.183637
0.060127	0.175866
-0.207639	-0.141593
-0.149031	-0.106897
-0.290004	-0.178622
0.131938	0.424695
-0.276476	-0.173633
-0.043104	-0.033696
-0.117964	-0.086571
-0.232207	-0.154117
0.089874	0.270208
-0.305281	-0.183769
0.066302	0.194959
-0.212701	-0.144283
-0.143022	-0.103017
-0.015876	-0.016458
-0.287649	-0.177769
0.132984	0.429081
-0.279455	-0.174777
-0.036430	-0.028978
-0.124211	-0.090777
-0.227579	-0.151814
0.084347	0.252030
-0.305545	-0.183849
0.072346	0.213773
-0.217661	-0.146876
-0.136950	-0.099183
-0.022588	-0.019920
-0.285137	-0.176846
0.133518	0.431349
-0.282285	-0.175846
-0.029741	-0.024381
-0.130403	-0.094906
-0.222839	-0.149514
0.078632	0.233679
-0.305638	-0.183878
0.078241	0.232484
-0.222517	-0.149374
-0.130818	-0.095138
-0.029290	-0.024245
-0.282470	-0.175905
0.133536	0.431417
-0.284962	-0.176842
-0.023039	-0.020057
-0.136539	-0.098955
-0.217991	-0.147022
0.072747	0.214883
-0.305557	-0.183852
0.083968	0.251000
-0.227263	-0.151776
-0.124629	-0.091014
-0.035980	-0.028843
-0.279650	-0.174841
0.133036	0.429285
-0.287485	-0.177767
-0.016328	-0.016450
-0.142615	-0.102923
-0.213038	-0.144434
0.066713	0.196105
-0.305304	-0.183769
0.089508	0.269110
-0.231899	-0.154083
-0.118386	-0.086813
-0.042656	-0.033562
-0.276681	-0.173701
0.132024	0.425033
-0.289851	-0.178621
-0.148629	-0.106806
-0.207983	-0.141750
0.060546	0.177043
-0.304878	-0.183637
0.094840	0.286944
-0.236420	-0.156294
-0.112092	-0.082539
-0.049313	-0.038252
-0.273564	-0.172486
0.130513	0.418727
-0.292058	-0.179406
-0.154577	-0.110603
-0.202829	-0.138862
0.054263	0.157763
-0.304281	-0.183440
0.099939	0.304381
-0.240823	-0.158323
-0.105751	-0.078194
-0.055951	-0.043054
-0.270301	-0.171126
0.128520	0.410530
-0.294104	-0.180085
-0.160456	-0.114187
-0.197578	-0.135984
0.047879	0.138468
-0.303512	-0.183200
0.104783	0.321197
-0.245106	-0.160348
-0.099364	-0.073645
-0.062565	-0.047818
-0.266896	-0.169751
0.126065	0.400630
-0.295988	-0.180740
-0.166263	-0.117805
-0.192236	-0.133012
0.041409	0.118946
-0.302573	-0.182888
0.109345	0.337458
-0.249265	-0.162281
-0.092935	-0.069168
-0.069152	-0.052541
-0.263351	-0.168295
0.123173	0.389189
-0.297708	-0.181329
0.017264	0.045978
-0.171995	-0.121331
-0.186803	-0.129945
0.034866	0.099396
-0.301463	-0.182539
0.113598	0.352925
-0.253298	-0.164042
-0.086466	-0.064632
-0.075711	-0.057217
-0.259668	-0.166758
0.119871	0.376435
-0.299263	-0.181827
0.023940	0.066684
-0.177650	-0.124644
-0.181285	-0.126668
0.028262	0.079587
-0.300185	-0.182109
0.117516	0.367529
-0.257200	-0.165718
-0.079961	-0.060039
-0.082238	-0.061843
-0.255851	-0.165059
0.116187	0.362470
-0.300651	-0.182293
0.030576	0.086632
-0.183223	-0.127982
-0.175683	-0.123412
0.021611	0.059426
-0.298739	-0.181647
0.121070	0.381100
-0.260970	-0.167383
-0.073423	-0.055394
-0.088731	-0.066415
-0.251903	-0.163350
0.112149	0.347531
-0.301870	-0.182677
0.037160	0.106355
-0.188711	-0.131108
-0.170001	-0.119945
0.014924	0.038231
-0.297126	-0.181095
0.124232	0.393401
-0.264605	-0.168889
-0.066853	-0.050700
-0.095186	-0.070929
-0.247826	-0.161473
0.107784	0.331787
-0.302920	-0.183024
0.043679	0.125943
-0.194113	-0.134141
-0.164242	-0.116507
-0.295349	-0.180480
0.126974	0.404328
-0.268102	-0.170313
-0.060256	-0.045962
-0.101600	-0.075382
-0.243623	-0.159589
0.103121	0.315300
-0.303800	-0.183296
0.050120	0.145341
-0.199424	-0.137188
-0.158409	-0.112856
-0.293408	-0.179838
0.129270	0.413651
-0.271457	-0.171658
-0.053634	-0.041183
-0.107972	-0.079770
-0.239298	-0.157529
0.098185	0.298207
-0.304509	-0.183528
0.056471	0.164630
-0.204641	-0.140029
-0.152506	-0.109114
-0.291305	-0.179093
0.131097	0.421178
-0.274669	-0.172923
-0.046989	-0.036513
-0.114297	-0.084090
-0.234853	-0.155466
0.093002	0.280638
-0.305047	-0.183692
0.062715	0.183746
-0.209761	-0.142773
-0.146535	-0.105285
-0.011959	-0.016222
-0.289042	-0.178281
0.132435	0.426775
-0.277735	-0.174171
-0.040325	-0.031666
-0.120574	-0.088339
-0.230292	-0.153220
0.087595	0.262718
-0.305412	-0.183810
0.068837	0.202755
-0.214781	-0.145422
-0.140499	-0.101499
-0.018674	-0.017787
-0.286621	-0.177399
0.133269	0.430287
-0.280653	-0.175281
-0.033644	-0.027083
-0.126798	-0.092512
-0.225617	-0.150878
0.081987	0.244446
-0.305605	-0.183868
0.074821	0.221580
-0.219698	-0.147975
-0.134402	-0.097501
-0.025382	-0.021682
-0.284044	-0.176447
0.133588	0.431644
-0.283419	-0.176264
-0.026949	-0.022624
-0.132967	-0.096609
-0.220832	-0.148441
0.076199	0.225922
-0.305625	-0.183873
0.080649	0.240262
-0.224508	-0.150431
-0.128246	-0.093423
-0.032080	-0.026145
-0.281313	-0.175422
0.133390	0.430791
-0.286032	-0.177230
-0.020243	-0.018439
-0.139079	-0.100624
-0.215940	-0.145908
0.070250	0.207113
-0.305473	-0.183825
0.086301	0.258589
-0.229209	-0.152792
-0.122034	-0.089267
-0.038764	-0.030734
-0.278431	-0.174324
0.132676	0.427758
-0.288490	-0.178125
-0.013529	-0.015706
-0.145129	-0.104557
-0.210944	-0.143279
0.064158	0.188099
-0.305148	-0.183717
0.091757	0.276589
-0.233797	-0.154966
-0.115770	-0.085035
-0.045432	-0.035442
-0.275400	-0.173150
0.131454	0.422642
-0.290790	-0.178951
-0.151116	-0.108404
-0.205847	-0.140554
0.057941	0.168958
-0.304650	-0.183563
0.096994	0.294263
-0.238269	-0.157139
-0.109455	-0.080731
-0.052082	-0.040264
-0.272221	-0.171900
0.129740	0.415544
-0.292930	-0.179708
-0.157035	-0.112164
-0.200652	-0.137733
0.051614	0.149765
-0.303981	-0.183342
0.101990	0.311389
-0.242623	-0.159218
-0.103094	-0.076358
-0.058710	-0.045051
-0.268899	-0.170571
0.127551	0.406618
-0.294909	-0.180361
-0.162885	-0.115711
-0.195363	-0.134817
0.045193	0.130311
-0.303141	-0.183080
0.106719	0.328043
-0.246854	-0.161120
-0.096690	-0.071781
-0.065313	-0.049798
-0.265435	-0.169163
0.124912	0.396054
-0.296725	-0.180989
0.013356	0.032906
-0.168661	-0.119291
-0.189983	-0.131693
0.038690	0.110793
-0.302131	-0.182743
0.111156	0.343984
-0.250961	-0.163015
-0.090244	-0.067279
-0.071889	-0.054501
-0.261833	-0.167674
0.121846	0.384014
-0.298376	-0.181552
0.020050	0.054716
-0.174361	-0.122659
-0.184514	-0.128586
0.032121	0.091128
-0.300951	-0.182371
0.115274	0.359153
-0.254940	-0.164741
-0.083760	-0.062719
-0.078435	-0.059157
-0.258094	-0.166026
0.118381	0.370728
-0.299862	-0.182025
0.026711	0.075063
-0.179982	-0.126052
-0.178960	-0.125385
0.025496	0.071227
-0.299603	-0.181915
0.119043	0.373308
-0.258788	-0.166457
-0.077241	-0.058104
-0.084948	-0.063761
-0.254222	-0.164367
0.114546	0.356375
-0.301179	-0.182467
0.033326	0.094923
-0.185520	-0.129234
-0.173325	-0.121974
0.018828	0.050848
-0.298087	-0.181429
0.122437	0.386366
-0.262502	-0.168012
-0.070689	-0.053438
-0.091425	-0.068309
-0.250220	-0.162623
0.110368	0.341039
-0.302328	-0.182826
0.039885	0.114536
-0.190973	-0.132435
-0.167610	-0.118468
0.012129	0.028139
-0.296405	-0.180851
0.125427	0.398147
-0.266079	-0.169484
-0.064108	-0.048725
-0.097864	-0.072798
-0.246090	-0.160709
0.105876	0.324958
-0.303308	-0.183149
0.046373	0.133993
-0.196337	-0.135428
-0.161820	-0.114991
-0.294559	-0.180208
0.127986	0.408420
-0.269517	-0.170875
-0.057500	-0.043969
-0.104261	-0.077225
-0.241836	-0.158789
0.101096	0.308192
-0.304117	-0.183398
0.052779	0.153377
-0.201609	-0.138325
-0.155958	-0.111302
-0.292551	-0.179541
0.130089	0.416987
-0.272813	-0.172251
-0.050868	-0.039175
-0.110614	-0.081585
-0.237460	-0.156691
0.096054	0.290980
-0.304754	-0.183606
0.059086	0.172624
-0.206786	-0.141127
-0.150026	-0.107524
-0.290381	-0.178769
0.131715	0.423742
-0.275965	-0.173481
-0.044214	-0.034491
-0.116919	-0.085875
-0.232967	-0.154499
0.090775	0.273242
-0.305220	-0.183748
0.065282	0.191672
-0.211865	-0.143936
-0.144027	-0.103786
-0.014758	-0.016089
-0.288052	-0.177928
0.132845	0.428505
-0.278969	-0.174636
-0.037543	-0.029777
-0.123174	-0.090093
-0.228358	-0.152212
0.085282	0.255086
-0.305513	-0.183842
0.071349	0.210710
-0.216842	-0.146544
-0.137966	-0.099837
-0.021470	-0.019259
-0.285566	-0.177017
0.133465	0.431123
-0.281824	-0.175715
-0.030856	-0.025184
-0.129376	-0.094235
-0.223636	-0.149927
0.079596	0.236735
-0.305634	-0.183877
0.077270	0.229401
-0.221715	-0.148957
-0.131843	-0.095806
-0.028174	-0.023441
-0.282925	-0.176035
0.133569	0.431559
-0.284527	-0.176720
-0.024156	-0.020717
-0.135521	-0.098298
-0.218806	-0.147451
0.073738	0.218050
-0.305582	-0.183858
0.083027	0.247915
-0.226480	-0.151375
-0.125664	-0.091695
-0.034867	-0.028042
-0.280131	-0.174981
0.133155	0.429794
-0.287075	-0.177606
-0.017446	-0.016965
-0.141608	-0.102279
-0.213871	-0.144880
0.067728	0.199241
-0.305358	-0.183788
0.088600	0.266157
-0.231135	-0.153697
-0.119430	-0.087506
-0.041545	-0.032766
-0.277186	-0.173851
0.132228	0.425879
-0.289467	-0.178472
-0.010730	-0.018768
-0.147632	-0.106176
-0.208832	-0.142212
0.061582	0.180133
-0.304961	-0.183657
0.093967	0.284025
-0.235675	-0.155925
-0.113144	-0.083244
-0.048206	-0.037461
-0.274093	-0.172646
0.130799	0.419919
-0.291701	-0.179269
-0.153591	-0.109987
-0.203694	-0.139341
0.055317	0.160927
-0.304392	-0.183480
0.099107	0.301518
-0.240098	-0.158057
-0.106810	-0.078911
-0.054847	-0.042269
-0.270854	-0.171364
0.128884	0.412016
-0.293775	-0.179999
-0.159481	-0.113586
-0.198459	-0.136479
0.048949	0.141698
-0.303652	-0.183235
0.103995	0.318413
-0.244401	-0.160011
-0.100431	-0.074510
-0.061465	-0.047040
-0.267473	-0.170003
0.126505	0.402379
-0.295686	-0.180626
-0.165301	-0.117220
-0.193132	-0.133522
0.042492	0.122234
-0.302741	-0.182949
0.108605	0.334778
-0.248581	-0.161959
-0.094008	-0.069906
-0.068057	-0.051627
-0.263951	-0.168561
0.123684	0.391171
-0.297433	-0.181228
0.016149	0.042405
-0.171046	-0.120760
-0.187714	-0.130471
0.035960	0.102732
-0.301660	-0.182588
0.112912	0.350375
-0.252635	-0.163735
-0.087546	-0.065379
-0.074621	-0.056453
-0.260291	-0.167038
0.120449	0.378620
-0.299016	-0.181765
0.022830	0.063282
-0.176713	-0.124089
-0.182210	-0.127210
0.029366	0.082964
-0.300409	-0.182192
0.116888	0.365136
-0.256559	-0.165503
-0.081047	-0.060796
-0.081153	-0.061088
-0.256496	-0.165354
0.116826	0.364831
-0.300431	-0.182214
0.029474	0.083407
-0.182300	-0.127442
-0.176622	-0.123970
0.022722	0.062834
-0.298991	-0.181711
0.120505	0.378894
-0.260352	-0.167106
-0.074514	-0.056159
-0.087652	-0.065669
-0.252570	-0.163661
0.112845	0.350038
-0.301679	-0.182630
0.036067	0.103169
-0.187803	-0.130585
-0.170953	-0.120519
0.016040	0.041955
-0.297406	-0.181200
0.123734	0.391412
-0.264009	-0.168626
-0.067950	-0.051473
-0.094113	-0.070193
-0.248514	-0.161799
0.108533	0.334414
-0.302757	-0.182966
0.042598	0.122665
-0.193219	-0.133633
-0.165207	-0.117095
-0.295656	-0.180595
0.126547	0.402584
-0.267529	-0.170065
-0.061357	-0.046742
-0.100535	-0.074657
-0.244332	-0.159930
0.103917	0.318021
-0.303666	-0.183264
0.049053	0.142122
-0.198545	-0.136697
-0.159386	-0.113459
-0.293742	-0.179926
0.128919	0.412184
-0.270908	-0.171489
-0.054739	-0.041970
-0.106914	-0.079056
-0.240027	-0.157886
0.099025	0.301102
-0.304403	-0.183490
0.055420	0.161478
-0.203778	-0.139553
-0.153494	-0.109733
-0.291666	-0.179233
0.130826	0.420050
-0.274144	-0.172765
-0.048097	-0.037305
-0.113247	-0.083387
-0.235602	-0.155748
0.093881	0.283586
-0.304969	-0.183674
0.061683	0.180671
-0.208915	-0.142314
-0.147534	-0.105918
-0.010839	-0.018049
-0.289430	-0.178432
0.132247	0.425971
-0.277235	-0.173964
-0.041436	-0.032463
-0.119532	-0.087648
-0.231060	-0.153608
0.088510	0.265696
-0.305363	-0.183793
0.067827	0.199636
-0.213952	-0.144979
-0.141509	-0.102145
-0.017556	-0.017125
-0.287035	-0.177563
0.133166	0.429859
-0.280177	-0.175087
-0.034758	-0.027884
-0.125765	-0.091834
-0.226404	-0.151283
0.082934	0.247435
-0.305585	-0.183863
0.073835	0.218559
-0.218886	-0.147548
-0.135422	-0.098162
-0.024265	-0.021022
-0.284484	-0.176623
0.133571	0.431570
-0.282969	-0.176136
-0.028065	-0.023282
-0.131943	-0.095943
-0.221637	-0.148862
0.077175	0.229025
-0.305634	-0.183876
0.079690	0.237105
-0.223714	-0.150021
-0.129275	-0.094097
-0.030965	-0.025343
-0.281779	-0.175612
0.133459	0.431087
-0.285608	-0.177112
-0.021361	-0.019100
-0.138065	-0.099972
-0.216762	-0.146345
0.071251	0.210194
-0.305510	-0.183834
0.085373	0.255559
-0.228434	-0.152398
-0.123072	-0.089953
-0.037652	-0.029935
-0.278922	-0.174526
0.132830	0.428419
-0.288091	-0.177969
-0.014648	-0.015929
-0.144126	-0.103919
-0.211783	-0.143732
0.065182	0.191272
-0.305214	-0.183741
0.090862	0.273582
-0.233041	-0.154680
-0.116817	-0.085733
-0.044323	-0.034648
-0.275915	-0.173366
0.131692	0.423634
-0.290418	-0.178807
-0.150123	-0.107781
-0.206703	-0.141023
0.058985	0.172214
-0.304745	-0.183586
0.096138	0.291303
-0.237533	-0.156776
-0.110511	-0.081441
-0.050976	-0.039475
-0.272761	-0.172129
0.130059	0.416840
-0.292585	-0.179576
-0.156054	-0.111555
-0.201524	-0.138218
0.052675	0.152958
-0.304105	-0.183386
0.101176	0.308598
-0.241906	-0.158871
-0.104157	-0.077079
-0.057607	-0.044268
-0.269462	-0.170815
0.127948	0.408189
-0.294591	-0.180278
-0.161915	-0.115117
-0.196251	-0.135318
0.046268	0.133566
-0.303293	-0.183117
0.105951	0.325339
-0.246158	-0.160873
-0.097759	-0.072651
-0.064215	-0.048879
-0.266022	-0.169420
0.125382	0.397871
-0.296434	-0.180880
0.012238	0.028737
-0.167704	-0.118712
-0.190885	-0.132211
0.039778	0.114102
-0.302311	-0.182809
0.110439	0.341392
-0.250286	-0.162699
-0.091320	-0.068021
-0.070796	-0.053591
-0.262442	-0.167945
0.122385	0.386112
-0.298113	-0.181455
0.018937	0.051298
-0.173417	-0.122094
-0.185431	-0.129119
0.033219	0.094482
-0.301159	-0.182422
0.114611	0.356699
-0.254286	-0.164440
-0.084842	-0.063470
-0.077347	-0.058397
-0.258726	-0.166312
0.118985	0.373021
-0.299626	-0.181967
0.025604	0.071673
-0.179051	-0.125503
-0.179891	-0.125934
0.026603	0.074618
-0.299839	-0.182002
0.118441	0.371021
-0.258156	-0.166172
-0.078329	-0.058864
-0.083866	-0.063010
-0.254876	-0.164669
0.115209	0.358834
-0.300972	-0.182391
0.032228	0.091570
-0.184604	-0.128701
-0.174269	-0.122539
0.019941	0.054267
-0.298351	-0.181496
0.121899	0.384274
-0.261892	-0.167740
-0.071782	-0.054206
-0.090349	-0.067568
-0.250895	-0.162859
0.111087	0.343636
-0.302149	-0.182782
0.038797	0.111370
-0.190071	-0.131919
-0.168568	-0.119048
0.013247	0.032455
-0.296697	-0.180960
0.124958	0.396280
-0.265493	-0.169227
-0.065206	-0.049501
-0.096794	-0.072067
-0.246787	-0.161041
0.106645	0.327667
-0.303156	-0.183095
0.045298	0.130879
-0.195450	-0.134927
-0.162790	-0.115586
-0.294878	-0.180329
0.127591	0.406808
-0.268954	-0.170699
-0.058602	-0.044752
-0.103198	-0.076504
-0.242553	-0.159050
0.101911	0.311087
-0.303994	-0.183369
0.051718	0.150185
-0.200738	-0.137840
-0.156939	-0.111912
-0.292897	-0.179633
0.129772	0.415697
-0.272274	-0.172022
-0.051974	-0.039963
-0.109559	-0.080875
-0.238197	-0.157055
0.096911	0.293837
-0.304660	-0.183573
0.058043	0.169504
-0.205931	-0.140658
-0.151019	-0.108148
-0.290754	-0.178913
0.131478	0.422756
-0.275450	-0.173266
-0.045324	-0.035285
-0.115872	-0.085177
-0.233723	-0.154878
0.091670	0.276251
-0.305154	-0.183732
0.064258	0.188500
-0.211026	-0.143484
-0.145031	-0.104425
-0.013639	-0.015865
-0.288451	-0.178084
0.132691	0.427853
-0.278479	-0.174434
-0.038655	-0.030576
-0.122135	-0.089407
-0.229133	-0.152607
0.086210	0.258120
-0.305476	-0.183829
0.070348	0.207503
-0.216020	-0.146108
-0.138980	-0.100490
-0.020353	-0.018598
-0.285991	-0.177186
0.133397	0.430836
-0.281359	-0.175526
-0.031971	-0.025987
-0.128346	-0.093561
-0.224431	-0.150241
0.080555	0.239773
-0.305626	-0.183875
0.076295	0.226299
-0.220911	-0.148636
-0.132867	-0.096472
-0.027058	-0.022782
-0.283375	-0.176217
0.133587	0.431639
-0.284087	-0.176545
-0.025273	-0.021523
-0.134501	-0.097638
-0.219618	-0.147879
0.074725	0.221199
-0.305603	-0.183866
0.082080	0.244810
-0.225694	-0.150971
-0.126697	-0.092374
-0.033753	-0.027241
-0.280606	-0.175175
0.133259	0.430241
-0.286662	-0.177491
-0.018565	-0.017481
-0.140598	-0.101633
-0.214700	-0.145323
0.068739	0.202362
-0.305407	-0.183800
0.087685	0.263067
-0.230367	-0.153310
-0.120472	-0.088198
-0.040434	-0.031969
-0.277687	-0.174059
0.132417	0.426668
-0.289080	-0.178321
-0.011849	-0.016063
-0.146633	-0.105544
-0.209678	-0.142567
0.062614	0.183342
-0.305039	-0.183685
0.093088	0.281081
-0.234927	-0.155553
-0.114195	-0.083947
-0.047098	-0.036670
-0.274618	-0.172868
0.131071	0.421022
-0.291340	-0.179131
-0.152603	-0.109369
-0.204556	-0.139817
0.056368	0.164215
-0.304499	-0.183518
0.098267	0.298627
-0.239370	-0.157702
-0.107869	-0.079626
-0.053742	-0.041483
-0.271404	-0.171599
0.129236	0.413448
-0.293440	-0.179872
-0.158505	-0.112983
-0.199338	-0.136971
0.050016	0.144918
-0.303787	-0.183283
0.103199	0.315696
-0.243693	-0.159670
-0.101496	-0.075236
-0.060364	-0.046117
-0.268046	-0.170252
0.126932	0.404078
-0.295379	-0.180547
-0.164337	-0.116631
-0.194026	-0.134031
0.043573	0.125512
-0.302905	-0.183008
0.107858	0.332156
-0.247893	-0.161634
-0.095081	-0.070781
-0.066961	-0.050854
-0.264547	-0.168824
0.124184	0.393167
-0.297154	-0.181124
0.015033	0.038682
-0.170094	-0.120187
-0.188623	-0.130995
0.037053	0.105918
-0.301852	-0.182658
0.112217	0.347872
-0.251968	-0.163425
-0.088625	-0.066126
-0.073529	-0.055547
-0.260910	-0.167242
0.121015	0.380764
-0.298764	-0.181672
0.021720	0.059874
-0.175775	-0.123532
-0.183133	-0.127750
0.030468	0.086190
-0.300629	-0.182246
0.116250	0.362781
-0.255915	-0.165208
-0.082132	-0.061551
-0.080067	-0.060332
-0.257138	-0.165647
0.117455	0.367228
-0.300207	-0.182158
0.028370	0.080031
-0.181375	-0.126901
-0.177558	-0.124526
0.023832	0.066238
-0.299239	-0.181802
0.119928	0.376714
-0.259729	-0.166826
-0.075605	-0.056923
-0.086572	-0.064922
-0.253233	-0.163968
0.113532	0.352593
-0.301483	-0.182559
0.034973	0.099834
-0.186892	-0.130059
-0.171903	-0.121090
0.017155	0.045529
-0.297682	-0.181270
0.123224	0.389435
-0.263409	-0.168361
-0.069045	-0.052245
-0.093040	-0.069456
-0.249198	-0.162122
0.109273	0.337098
-0.302589	-0.182925
0.041515	0.119379
-0.192323	-0.133123
-0.166169	-0.117682
-0.295959	-0.180709
0.126108	0.400841
-0.266952	-0.169883
-0.062457	-0.047521
-0.099468	-0.073929
-0.245037	-0.160269
0.104706	0.320810
-0.303526	-0.183214
0.047984	0.138893
-0.197665	-0.136203
-0.160361	-0.114061
-0.294072	-0.180052
0.128556	0.410705
-0.270355	-0.171252
-0.055843	-0.042755
-0.105854	-0.078339
-0.240753	-0.158240
0.099858	0.303969
-0.304292	-0.183464
0.054366	0.158180
-0.202913	-0.139076
-0.154480	-0.110349
-0.292023	-0.179328
0.130542	0.418864
-0.273615	-0.172542
-0.049205	-0.038096
-0.112195	-0.082682
-0.236347	-0.156118
0.094755	0.286508
-0.304887	-0.183645
0.060647	0.177450
-0.208066	-0.141853
-0.148532	-0.106675
-0.289813	-0.178537
0.132045	0.425131
-0.276730	-0.173755
-0.042547	-0.033259
-0.118488	-0.086955
-0.231824	-0.153994
0.089420	0.268766
-0.305309	-0.183781
0.066812	0.196502
-0.213120	-0.144534
-0.142517	-0.102790
-0.016437	-0.016609
-0.287445	-0.177725
0.133048	0.429358
-0.279698	-0.174891
-0.035872	-0.028684
-0.124730	-0.091153
-0.227187	-0.151685
0.083877	0.250522
-0.305560	-0.183855
0.072844	0.215395
-0.218071	-0.147119
-0.136440	-0.098820
-0.023148	-0.020362
-0.284920	-0.176798
0.133540	0.431440
-0.282514	-0.175953
-0.029181	-0.024086
-0.130918	-0.095275
-0.222438	-0.149280
0.078146	0.232110
-0.305637	-0.183878
0.078726	0.234051
-0.222917	-0.149608
-0.130303	-0.094768
-0.029850	-0.024686
-0.282240	-0.175799
0.133514	0.431321
-0.285179	-0.176942
-0.022479	-0.019761
-0.137049	-0.099318
-0.217582	-0.146779
0.072248	0.213386
-0.305542	-0.183846
0.084439	0.252506
-0.227655	-0.152001
-0.124109	-0.090637
-0.036539	-0.029281
-0.279408	-0.174726
0.132971	0.429019
-0.287688	-0.177859
-0.015767	-0.016299
-0.143120	-0.103278
-0.212620	-0.144182
0.066202	0.194431
-0.305275	-0.183763
0.089962	0.270664
-0.232281	-0.154299
-0.117862	-0.086430
-0.043213	-0.033853
-0.276426	-0.173580
0.131917	0.424568
-0.290041	-0.178706
-0.149128	-0.107154
-0.207556	-0.141490
0.060025	0.175324
-0.304835	-0.183619
0.095275	0.288422
-0.236792	-0.156411
-0.111564	-0.082149
-0.049869	-0.038686
-0.273296	-0.172356
0.130365	0.418118
-0.292235	-0.179443
-0.155071	-0.110943
-0.202393	-0.138701
0.053733	0.156139
-0.304223	-0.183429
0.100354	0.305777
-0.241186	-0.158522
-0.105219	-0.077799
-0.056504	-0.043485
-0.270022	-0.171055
0.128332	0.409755
-0.294268	-0.180157
-0.160944	-0.114519
-0.197135	-0.135817
0.047342	0.136811
-0.303440	-0.183170
0.105175	0.322602
-0.245458	-0.160539
-0.098828	-0.073381
-0.063116	-0.048102
-0.266605	-0.169675
0.125840	0.399696
-0.296138	-0.180805
0.011120	0.023540
-0.166745	-0.118130
-0.191785	-0.132726
0.040865	0.117402
-0.302486	-0.182872
0.109712	0.338764
-0.249607	-0.162381
-0.092396	-0.068761
-0.069702	-0.052821
-0.263048	-0.168142
0.122913	0.388163
-0.297845	-0.181356
0.017823	0.047730
-0.172471	-0.121528
-0.186345	-0.129650
0.034316	0.097687
-0.301363	-0.182497
0.113939	0.354207
-0.253629	-0.164216
-0.085924	-0.064220
-0.076258	-0.057494
-0.259354	-0.166597
0.119578	0.375271
-0.299385	-0.181879
0.024496	0.068422
-0.178118	-0.124952
-0.180820	-0.126481
0.027708	0.077858
-0.300070	-0.182087
0.117828	0.368691
-0.257520	-0.165883
-0.079416	-0.059623
-0.082782	-0.062257
-0.255526	-0.164967
0.115863	0.361254
-0.300759	-0.182314
0.031128	0.088353
-0.183685	-0.128166
-0.175211	-0.123101
0.021054	0.057682
-0.298610	-0.181592
0.121350	0.382136
-0.261279	-0.167467
-0.072875	-0.054973
-0.089272	-0.066824
-0.251567	-0.163173
0.111796	0.346284
-0.301964	-0.182716
0.037707	0.108054
-0.189166	-0.131399
-0.169523	-0.119625
0.014364	0.036329
-0.296984	-0.181034
0.124477	0.394364
-0.264903	-0.169038
-0.066303	-0.050275
-0.095723	-0.071333
-0.247480	-0.161371
0.107406	0.330437
-0.303000	-0.183058
0.044220	0.127615
-0.194560	-0.134423
-0.163758	-0.116179
-0.295193	-0.180448
0.127183	0.405143
-0.268388	-0.170455
-0.059704	-0.045533
-0.102135	-0.075781
-0.243267	-0.159395
0.102719	0.313853
-0.303866	-0.183324
0.050655	0.146983
-0.199863	-0.137353
-0.157919	-0.112520
-0.293238	-0.179763
0.129441	0.414354
-0.271731	-0.171791
-0.053079	-0.040751
-0.108502	-0.080163
-0.238931	-0.157415
0.097761	0.296774
-0.304561	-0.183549
0.056997	0.166237
-0.205072	-0.140293
-0.152010	-0.108771
-0.291122	-0.179012
0.131228	0.421714
-0.274931	-0.173049
-0.046433	-0.036078
-0.114824	-0.084477
-0.234477	-0.155255
0.092558	0.279125
-0.305084	-0.183708
0.063231	0.185446
-0.210184	-0.143029
-0.146033	-0.105061
-0.012520	-0.015934
-0.288845	-0.178192
0.132524	0.427139
-0.277985	-0.174230
-0.039767	-0.031374
-0.121096	-0.088719
-0.229906	-0.153000
0.087134	0.261247
-0.305435	-0.183814
0.069343	0.204407
-0.215196	-0.145670
-0.139992	-0.101140
-0.019235	-0.018083
-0.286411	-0.177353
0.133315	0.430487
-0.280890	-0.175336
-0.033085	-0.026643
-0.127316	-0.092886
-0.225222	-0.150650
0.081510	0.242912
-0.305613	-0.183871
0.075315	0.223180
-0.220104	-0.148213
-0.133889	-0.097135
-0.025942	-0.022124
-0.283822	-0.176397
0.133592	0.431658
-0.283643	-0.176367
-0.026389	-0.022182
-0.133480	-0.096975
-0.220427	-0.148204
0.075708	0.224330
-0.305619	-0.183872
0.081128	0.241804
-0.224905	-0.150661
-0.127729	-0.093050
-0.032639	-0.026585
-0.281078	-0.175368
0.133350	0.430628
-0.286243	-0.177326
-0.019683	-0.018143
-0.139587	-0.100984
-0.215526	-0.145662
0.069746	0.205468
-0.305452	-0.183816
0.086765	0.260069
-0.229597	-0.152919
-0.121512	-0.088887
-0.039322	-0.031172
-0.278183	-0.174265
0.132593	0.427420
-0.288688	-0.178215
-0.012968	-0.015701
-0.145632	-0.104909
-0.210522	-0.143024
0.063643	0.186537
-0.305113	-0.183711
0.092203	0.278112
-0.234175	-0.155179
-0.115244	-0.084649
-0.045989	-0.035877
-0.275140	-0.173087
0.131330	0.422102
-0.290975	-0.179033
-0.151613	-0.108749
-0.205416	-0.140290
0.057416	0.167356
-0.304601	-0.183542
0.097421	0.295708
-0.238638	-0.157343
-0.108926	-0.080339
-0.052637	-0.040696
-0.271949	-0.171832
0.129575	0.414866
-0.293102	-0.179743
-0.157527	-0.112377
-0.200214	-0.137461
0.051081	0.148127
-0.303918	-0.183330
0.102396	0.312850
-0.242981	-0.159327
-0.102561	-0.075960
-0.059262	-0.045336
-0.268615	-0.170498
0.127348	0.405776
-0.295067	-0.180430
-0.163370	-0.116040
-0.194917	-0.134536
0.044652	0.128782
-0.303063	-0.183047
0.107102	0.329408
-0.247202	-0.161307
-0.096153	-0.071516
-0.065864	-0.050080
-0.265140	-0.169015
0.124671	0.395055
-0.296870	-0.181051
0.013916	0.034956
-0.169140	-0.119612
-0.189529	-0.131516
0.038144	0.109239
-0.302039	-0.182726
0.111513	0.345333
-0.251298	-0.163194
-0.089703	-0.066870
-0.072437	-0.054781
-0.261525	-0.167517
0.121571	0.382930
-0.298507	-0.181578
0.020608	0.056462
-0.174834	-0.122971
-0.184053	-0.128288
0.031569	0.089554
-0.300845	-0.182325
0.115602	0.360386
-0.255266	-0.164911
-0.083216	-0.062305
-0.078981	-0.059433
-0.257775	-0.165937
0.118074	0.369583
-0.299978	-0.182075
0.027265	0.076794
-0.180448	-0.126356
-0.178492	-0.125079
0.024940	0.069636
-0.299482	-0.181892
0.119341	0.374420
-0.259103	-0.166544
-0.076694	-0.057685
-0.085491	-0.064173
-0.253892	-0.164194
0.114209	0.355110
-0.301282	-0.182486
0.033877	0.096635
-0.185979	-0.129530
-0.172850	-0.121659
0.018269	0.049099
-0.297953	-0.181371
0.122703	0.387412
-0.262806	-0.168166
-0.070140	-0.053015
-0.091965	-0.068717
-0.249879	-0.162442
0.110004	0.339748
-0.302417	-0.182863
0.040430	0.116224
-0.191425	-0.132610
-0.167129	-0.118265
0.011568	0.025648
-0.296257	-0.180786
0.125658	0.399049
-0.266372	-0.169630
-0.063556	-0.048298
-0.098400	-0.073200
-0.245739	-0.160520
0.105487	0.323566
-0.303382	-0.183163
0.046912	0.135654
-0.196781	-0.135706
-0.161333	-0.114660
-0.294398	-0.180175
0.128180	0.409172
-0.269798	-0.171013
-0.056946	-0.043539
-0.104794	-0.077621
-0.241475	-0.158592
0.100684	0.306807
-0.304176	-0.183423
0.053310	0.155005
-0.202046	-0.138595
-0.155465	-0.110963
-0.292376	-0.179463
0.130244	0.417657
-0.273082	-0.172317
-0.050312	-0.038886
-0.111142	-0.081975
-0.237089	-0.156485
0.095621	0.289513
-0.304800	-0.183614
0.059609	0.174216
-0.207214	-0.141388
-0.149527	-0.107303
-0.290192	-0.178684
0.131829	0.424233
-0.276222	-0.173543
-0.043658	-0.034055
-0.117443	-0.086259
-0.232586	-0.154284
0.090324	0.271698
-0.305251	-0.183760
0.065794	0.193353
-0.212285	-0.144086
-0.143523	-0.103432
-0.015319	-0.016239
-0.287850	-0.177837
0.132916	0.428796
-0.279214	-0.174693
-0.036985	-0.029339
-0.123694	-0.090471
-0.227967	-0.152084
0.084814	0.253588
-0.305530	-0.183844
0.071849	0.212214
-0.217254	-0.146687
-0.137456	-0.099476
-0.022031	-0.019556
-0.285351	-0.176969
0.133493	0.431245
-0.282056	-0.175768
-0.030296	-0.024744
-0.129891	-0.094605
-0.223237	-0.149695
0.079113	0.235177
-0.305636	-0.183878
0.077758	0.230977
-0.222118	-0.149192
-0.131329	-0.095437
-0.028734	-0.023882
-0.282697	-0.175983
0.133554	0.431494
-0.284746	-0.176769
-0.023596	-0.020421
-0.136032	-0.098661
-0.218398	-0.147210
0.073242	0.216435
-0.305570	-0.183856
0.083500	0.249433
-0.226874	-0.151601
-0.125145	-0.091319
-0.035426	-0.028481
-0.279890	-0.174924
0.133097	0.429543
-0.287281	-0.177699
-0.016885	-0.016668
-0.142113	-0.102636
-0.213453	-0.144630
0.067219	0.197576
-0.305331	-0.183777
0.089056	0.267610
-0.231518	-0.153915
-0.118906	-0.087124
-0.042102	-0.033203
-0.276933	-0.173791
0.132127	0.425445
-0.289660	-0.178558
-0.148132	-0.106525
-0.208406	-0.141953
0.061063	0.178554
-0.304920	-0.183649
0.094406	0.285517
-0.236049	-0.156134
-0.112617	-0.082856
-0.048761	-0.037896
-0.273828	-0.172581
0.130657	0.419304
-0.291881	-0.179349
-0.154086	-0.110204
-0.203260	-0.139181
0.054789	0.159446
-0.304337	-0.183457
0.099525	0.302929
-0.240462	-0.158170
-0.106279	-0.078516
-0.055400	-0.042557
-0.270577	-0.171294
0.128703	0.411268
-0.293941	-0.180033
-0.159970	-0.113920
-0.198018	-0.136313
0.048413	0.140047
-0.303583	-0.183221
0.104391	0.319834
-0.244755	-0.160202
-0.099896	-0.074110
-0.062016	-0.047324
-0.267184	-0.169859
0.126286	0.401523
-0.295838	-0.180692
-0.165784	-0.117545
-0.192683	-0.133238
0.041949	0.120553
-0.302657	-0.182914
0.108977	0.336101
-0.248925	-0.162060
-0.093470	-0.069639
-0.068607	-0.052051
-0.263650	-0.168410
0.123429	0.390169
-0.297572	-0.181287
0.016708	0.044158
-0.171522	-0.120958
-0.187258	-0.130178
0.035411	0.101026
-0.301562	-0.182569
0.113258	0.351677
-0.252968	-0.163910
-0.087005	-0.064968
-0.075168	-0.056731
-0.259979	-0.166878
0.120161	0.377479
-0.299140	-0.181789
0.023387	0.065022
-0.177183	-0.124399
-0.181746	-0.127024
0.028812	0.081238
-0.300297	-0.182144
0.117205	0.366320
-0.256881	-0.165592
-0.080503	-0.060380
-0.081698	-0.061362
-0.256173	-0.165264
0.116507	0.363634
-0.300542	-0.182261
0.030027	0.084987
-0.182763	-0.127628
-0.176151	-0.123660
0.022165	0.061092
-0.298865	-0.181686
0.120790	0.380021
-0.260663	-0.167265
-0.073967	-0.055739
-0.088193	-0.066079
-0.252236	-0.163485
0.112497	0.348809
-0.301775	-0.182648
0.036615	0.104730
-0.188259	-0.130877
-0.170476	-0.120201
0.015480	0.040054
-0.297266	-0.181139
0.123985	0.392399
-0.264309	-0.168777
-0.067400	-0.051049
-0.094651	-0.070598
-0.248169	-0.161697
0.108158	0.333080
-0.302840	-0.183000
0.043140	0.124343
-0.193668	-0.133917
-0.164723	-0.116769
-0.295502	-0.180528
0.126763	0.403476
-0.267817	-0.170207
-0.060805	-0.046314
-0.101070	-0.075056
-0.243977	-0.159737
0.103519	0.316687
-0.303734	-0.183277
0.049589	0.143769
-0.198986	-0.136863
-0.158896	-0.113125
-0.293575	-0.179891
0.129097	0.412915
-0.271184	-0.171558
-0.054185	-0.041538
-0.107445	-0.079450
-0.239662	-0.157684
0.098605	0.299682
-0.304457	-0.183513
0.055947	0.163092
-0.204211	-0.139820
-0.152999	-0.109391
-0.291485	-0.179152
0.130964	0.420613
-0.274408	-0.172830
-0.047542	-0.036870
-0.113774	-0.083775
-0.235227	-0.155629
0.093441	0.282086
-0.305009	-0.183681
0.062201	0.182246
-0.209340	-0.142572
-0.147033	-0.105695
-0.011401	-0.016589
-0.289236	-0.178345
0.132343	0.426387
-0.277487	-0.174024
-0.040879	-0.032171
-0.120054	-0.088029
-0.230675	-0.153390
0.088052	0.264237
-0.305388	-0.183803
0.068334	0.201168
-0.214368	-0.145228
-0.141003	-0.101788
-0.018117	-0.017422
-0.286828	-0.177469
0.133219	0.430077
-0.280416	-0.175143
-0.034199	-0.027445
-0.126283	-0.092209
-0.226010	-0.151055
0.082460	0.245911
-0.305595	-0.183865
0.074330	0.220042
-0.219293	-0.147788
-0.134910	-0.097797
-0.024826	-0.021318
-0.284264	-0.176522
0.133582	0.431615
-0.283195	-0.176188
-0.027506	-0.022987
-0.132457	-0.096311
-0.221234	-0.148626
0.076686	0.227443
-0.305630	-0.183875
0.080172	0.238658
-0.224113	-0.150252
-0.128759	-0.093725
-0.031524	-0.025783
-0.281546	-0.175558
0.133426	0.430953
-0.285821	-0.177159
-0.020801	-0.018804
-0.138574	-0.100333
-0.216350	-0.146100
0.070749	0.208685
-0.305492	-0.183831
0.085839	0.257049
-0.228823	-0.152526
-0.122552	-0.089574
-0.038210	-0.030373
-0.278676	-0.174468
0.132754	0.428092
-0.288292	-0.178060
-0.014087	-0.015778
-0.144629	-0.104272
-0.211362	-0.143478
0.064669	0.189718
-0.305181	-0.183728
0.091312	0.275118
-0.233420	-0.154801
-0.116292	-0.085348
-0.044880	-0.035084
-0.275657	-0.173303
0.131575	0.423152
-0.290605	-0.178891
-0.150621	-0.108126
-0.206274	-0.140761
0.058461	0.170619
-0.304698	-0.183577
0.096568	0.292761
-0.237903	-0.156982
-0.109981	-0.081050
-0.051531	-0.039908
-0.272491	-0.171998
0.129901	0.416189
-0.292759	-0.179653
-0.156546	-0.111768
-0.201087	-0.137947
0.052143	0.151326
-0.304044	-0.183361
0.101585	0.310074
-0.242266	-0.159068
-0.103624	-0.076682
-0.058160	-0.044554
-0.269180	-0.170675
0.127751	0.407421
-0.294751	-0.180311
-0.162402	-0.115447
-0.195806	-0.135039
0.045729	0.131902
-0.303218	-0.183103
0.106338	0.326720
-0.246508	-0.160976
-0.097223	-0.072248
-0.064766	-0.049305
-0.265728	-0.169273
0.125147	0.396954
-0.296581	-0.180944
0.012799	0.030934
-0.168184	-0.119034
-0.190433	-0.132035
0.039233	0.112410
-0.302221	-0.182771
0.110800	0.342672
-0.250625	-0.162879
-0.090780	-0.067752
-0.071344	-0.054013
-0.262137	-0.167790
0.122116	0.385051
-0.298246	-0.181512
0.019495	0.053046
-0.173891	-0.122409
-0.184971	-0.128822
0.032668	0.092768
-0.301055	-0.182402
0.114945	0.357872
-0.254614	-0.164612
-0.084299	-0.063057
-0.077893	-0.058674
-0.258409	-0.166225
0.118683	0.371897
-0.299745	-0.181990
0.026159	0.073407
-0.179518	-0.125809
-0.179424	-0.125629
0.026048	0.072884
-0.299721	-0.181952
0.118744	0.372153
-0.258473	-0.166335
-0.077783	-0.058446
-0.084409	-0.063283
-0.254548	-0.164497
0.114878	0.357588
-0.301076	-0.182436
0.032779	0.093285
-0.185064	-0.128998
-0.173796	-0.122225
0.019383	0.052519
-0.298219	-0.181470
0.122170	0.385343
-0.262198	-0.167896
-0.071234	-0.053784
-0.090889	-0.067976
-0.250557	-0.162760
0.110727	0.342362
-0.302239	-0.182799
0.039343	0.112921
-0.190524	-0.132207
-0.168088	-0.118847
0.012686	0.030258
-0.296551	-0.180897
0.125195	0.397206
-0.265787	-0.169374
-0.064655	-0.049075
-0.097331	-0.072470
-0.246437	-0.160853
0.106260	0.326291
-0.303233	-0.183127
0.045838	0.132405
-0.195895	-0.135207
-0.162304	-0.115256
-0.294719	-0.180259
0.127791	0.407633
-0.269237	-0.170772
-0.058049	-0.044322
-0.103732	-0.076901
-0.242194	-0.158940
0.101503	0.309616
-0.304056	-0.183380
0.052250	0.151819
-0.201175	-0.138112
-0.156447	-0.111574
-0.292724	-0.179597
0.129933	0.416359
-0.272545	-0.172089
-0.051419	-0.039675
-0.110088	-0.081266
-0.237828	-0.156850
0.096482	0.292383
-0.304708	-0.183592
0.058567	0.171102
-0.206360	-0.140921
-0.150521	-0.107929
-0.290567	-0.178830
0.131599	0.423278
-0.275709	-0.173329
-0.044767	-0.034849
-0.116397	-0.085562
-0.233344	-0.154665
0.091221	0.274720
-0.305188	-0.183738
0.064772	0.190189
-0.211447	-0.143635
-0.144528	-0.104072
-0.014200	-0.016016
-0.288251	-0.177994
0.132770	0.428191
-0.278726	-0.174550
-0.038097	-0.030138
-0.122657	-0.089786
-0.228745	-0.152480
0.085745	0.256633
-0.305495	-0.183837
0.070851	0.209142
-0.216433	-0.146252
-0.138471	-0.100129
-0.020913	-0.018895
-0.285778	-0.177089
0.133433	0.430989
-0.281593	-0.175580
-0.031411	-0.025547
-0.128863	-0.093933
-0.224033	-0.150107
0.080075	0.238224
-0.305631	-0.183876
0.076784	0.227885
-0.221315	-0.148773
-0.132354	-0.096104
-0.027618	-0.023078
-0.283150	-0.176113
0.133580	0.431606
-0.284308	-0.176595
-0.024713	-0.021081
-0.135013	-0.098003
-0.219211	-0.147639
0.074231	0.219593
-0.305593	-0.183862
0.082556	0.246338
-0.226089	-0.151199
-0.126179	-0.091999
-0.034312	-0.027681
-0.280368	-0.175063
0.133209	0.430022
-0.286870	-0.177537
-0.018004	-0.017184
-0.141105	-0.101990
-0.214284	-0.145074
0.068232	0.200834
-0.305383	-0.183795
0.088144	0.264646
-0.230753	-0.153529
-0.119949	-0.087817
-0.040991	-0.032406
-0.277436	-0.173940
0.132324	0.426286
-0.289275	-0.178409
-0.011288	-0.016644
-0.147134	-0.105894
-0.209254	-0.142414
0.062097	0.181770
-0.305001	-0.183669
0.093530	0.282585
-0.235302	-0.155763
-0.113668	-0.083560
-0.047654	-0.037104
-0.274355	-0.172741
0.130936	0.420469
-0.291522	-0.179211
-0.153099	-0.109587
-0.204124	-0.139658
0.055841	0.162604
-0.304446	-0.183496
0.098689	0.300052
-0.239735	-0.157815
-0.107338	-0.079232
-0.054296	-0.041771
-0.271129	-0.171465
0.129061	0.412727
-0.293609	-0.179946
-0.158995	-0.113318
-0.198898	-0.136697
0.049481	0.143272
-0.303720	-0.183255
0.103599	0.317035
-0.244049	-0.159863
-0.100962	-0.074836
-0.060916	-0.046545
-0.267759	-0.170109
0.126719	0.403247
-0.295533	-0.180578
-0.164821	-0.116958
-0.193578	-0.133747
0.043031	0.123837
-0.302823	-0.182974
0.108234	0.333496
-0.248239	-0.161819
-0.094543	-0.070376
-0.067511	-0.051279
-0.264248	-0.168674
0.123934	0.392189
-0.297295	-0.181184
0.015593	0.040583
-0.170572	-0.120386
-0.188167	-0.130703
0.036505	0.104359
-0.301756	-0.182617
0.112567	0.349108
-0.252303	-0.163602
-0.088084	-0.065855
-0.074077	-0.055967
-0.260600	-0.167157
0.120732	0.379713
-0.298891	-0.181727
0.022277	0.061617
-0.176246	-0.123842
-0.182670	-0.127450
0.029915	0.084611
-0.300520	-0.182225
0.116571	0.363984
-0.256238	-0.165299
-0.081588	-0.061136
-0.080612	-0.060607
-0.256816	-0.165481
0.117141	0.366052
-0.300320	-0.182180
0.028924	0.081758
-0.181839	-0.127087
-0.177089	-0.124217
0.023275	0.064498
-0.299115	-0.181749
0.120219	0.377793
-0.260042	-0.166986
-0.075058	-0.056503
-0.087114	-0.065193
-0.252901	-0.163794
0.113188	0.351298
-0.301582	-0.182601
0.035522	0.101541
-0.187350	-0.130352
-0.171426	-0.120893
0.016596	0.043776
-0.297544	-0.181243
0.123481	0.390445
-0.263711	-0.168513
-0.068496	-0.051821
-0.093578	-0.069862
-0.248856	-0.161939
0.108903	0.335782
-0.302674	-0.182941
0.042058	0.121061
-0.192773	-0.133408
-0.165687	-0.117356
-0.295808	-0.180643
0.126330	0.401759
-0.267242	-0.169958
-0.061905	-0.047093
-0.100003	-0.074330
-0.244684	-0.160077
0.104311	0.319491
-0.303597	-0.183244
0.048521	0.140546
-0.198107	-0.136370
-0.159872	-0.113728
-0.293907	-0.179979
0.128740	0.411463
-0.270633	-0.171322
-0.055289	-0.042468
-0.106386	-0.078734
-0.240389	-0.158040
0.099441	0.302563
-0.304348	-0.183474
0.054895	0.159799
-0.203348	-0.139343
-0.153986	-0.110133
-0.291845	-0.179290
0.130686	0.419456
-0.273881	-0.172671
-0.048650	-0.037662
-0.112723	-0.083071
-0.235974	-0.156000
0.094317	0.285130
-0.304929	-0.183662
0.061167	0.179032
-0.208492	-0.142112
-0.148031	-0.106327
-0.289621	-0.178495
0.132148	0.425577
-0.276984	-0.173876
-0.041990	-0.032968
-0.119012	-0.087337
-0.231441	-0.153777
0.088964	0.267204
-0.305337	-0.183785
0.067322	0.198041
-0.213537	-0.144784
-0.142011	-0.102434
-0.016998	-0.016906
-0.287240	-0.177631
0.133109	0.429620
-0.279939	-0.175005
-0.035313	-0.028245
-0.125249	-0.091529
-0.226794	-0.151459
0.083405	0.249009
-0.305573	-0.183860
0.073342	0.216887
-0.218480	-0.147360
-0.135929	-0.098456
-0.023709	-0.020658
-0.284702	-0.176697
0.133557	0.431512
-0.282743	-0.176059
-0.028621	-0.023645
-0.131433	-0.095644
-0.222037	-0.149045
0.077659	0.230537
-0.305636	-0.183877
0.079210	0.235613
-0.223318	-0.149841
-0.129787	-0.094397
-0.030409	-0.024980
-0.282009	-0.175691
0.133488	0.431210
-0.285394	-0.176990
-0.021918	-0.019465
-0.137559	-0.099680
-0.217171	-0.146536
0.071749	0.211759
-0.305527	-0.183839
0.084908	0.254008
-0.228046	-0.152225
-0.123589	-0.090260
-0.037097	-0.029575
-0.279164	-0.174611
0.132902	0.428722
-0.287891	-0.177903
-0.015206	-0.016148
-0.143625	-0.103633
-0.212200	-0.143930
0.065691	0.192884
-0.305245	-0.183751
0.090415	0.272100
-0.232663	-0.154421
-0.117338	-0.086046
-0.043770	-0.034289
-0.276170	-0.173457
0.131806	0.424114
-0.290231	-0.178746
-0.149628	-0.107501
-0.207128	-0.141229
0.059504	0.173735
-0.304791	-0.183610
0.095709	0.289894
-0.237164	-0.156618
-0.111036	-0.081759
-0.050424	-0.039119
-0.273028	-0.172226
0.130213	0.417495
-0.292411	-0.179521
-0.155564	-0.111158
-0.201958	-0.138431
0.053203	0.154513
-0.304164	-0.183404
0.100767	0.307167
-0.241548	-0.158720
-0.104686	-0.077402
-0.057058	-0.043771
-0.269742	-0.170918
0.128141	0.408967
-0.294430	-0.180228
-0.161431	-0.114851
-0.196692	-0.135539
0.046803	0.135153
-0.303367	-0.183156
0.105565	0.324000
-0.245810	-0.160644
-0.098292	-0.072979
-0.063667	-0.048529
-0.266313	-0.169530
0.125611	0.398803
-0.296287	-0.180834
0.011681	0.026324
-0.167226	-0.118453
-0.191334	-0.132551
0.040320	0.115715
-0.302399	-0.182835
0.110078	0.340062
-0.249948	-0.162562
-0.091856	-0.068493
-0.070251	-0.053244
-0.262745	-0.168061
0.122649	0.387126
-0.297980	-0.181414
0.018382	0.049626
-0.172946	-0.121843
-0.185887	-0.129354
0.033766	0.096118
-0.301261	-0.182477
0.114277	0.355398
-0.253959	-0.164309
-0.085382	-0.063948
-0.076804	-0.057913
-0.259040	-0.166435
0.119282	0.374168
-0.299507	-0.181903
0.025052	0.070015
-0.178587	-0.125259
-0.180354	-0.126177
0.027154	0.076272
-0.299955	-0.182038
0.118136	0.369844
-0.257840	-0.166048
-0.078871	-0.059206
-0.083326	-0.062531
-0.255201	-0.164798
0.115536	0.360027
-0.300866	-0.182360
0.031680	0.089929
-0.184146	-0.128464
-0.174739	-0.122788
0.020496	0.055936
-0.298481	-0.181536
0.121627	0.383228
-0.261587	-0.167623
-0.072327	-0.054552
-0.089812	-0.067094
-0.251231	-0.163076
0.111441	0.344942
-0.302057	-0.182755
0.038254	0.109609
-0.189620	-0.131689
-0.169044	-0.119425
0.013803	0.034427
-0.296841	-0.181005
0.124720	0.395315
-0.265199	-0.169116
-0.065753	-0.049850
-0.096261	-0.071737
-0.247132	-0.161184
0.107025	0.329078
-0.303079	-0.183072
0.044761	0.129146
-0.195007	-0.134705
-0.163272	-0.115850
-0.295036	-0.180379
0.127389	0.405995
-0.268672	-0.170528
-0.059151	-0.045104
-0.102668	-0.076179
-0.242909	-0.159286
0.102314	0.312497
-0.303931	-0.183351
0.051188	0.148622
-0.200302	-0.137626
-0.157428	-0.112183
-0.293067	-0.179688
0.129608	0.415042
-0.272004	-0.171924
-0.052525	-0.040463
-0.109032	-0.080556
-0.238564	-0.157212
0.097335	0.295333
-0.304611	-0.183558
0.057522	0.167841
-0.205503	-0.140451
-0.151513	-0.108552
-0.290938	-0.178973
0.131355	0.422265
-0.275192	-0.173174
-0.045877	-0.035643
-0.115350	-0.084863
-0.234099	-0.155043
0.092113	0.277717
-0.305120	-0.183722
0.063747	0.187010
-0.210607	-0.143181
-0.145531	-0.104709
-0.013081	-0.015939
-0.288648	-0.178150
0.132610	0.427509
-0.278233	-0.174348
-0.039210	-0.030936
-0.121617	-0.089099
-0.229519	-0.152779
0.086671	0.259656
-0.305456	-0.183823
0.069848	0.205927
-0.215610	-0.145815
-0.139484	-0.100781
-0.019796	-0.018380
-0.286201	-0.177257
0.133358	0.430672
-0.281126	-0.175446
-0.032526	-0.026349
-0.127833	-0.093259
-0.224825	-0.150517
0.081032	0.241373
-0.305620	-0.183874
0.075807	0.224775
-0.220509	-0.148352
-0.133377	-0.096769
-0.026502	-0.022419
-0.283598	-0.176293
0.133591	0.431656
-0.283867	-0.176470
-0.025829	-0.021887
-0.133993	-0.097342
-0.220022	-0.148065
0.075215	0.222733
-0.305612	-0.183869
0.081606	0.243342
-0.225301	-0.150794
-0.127211	-0.092677
-0.033198	-0.026880
-0.280842	-0.175257
0.133306	0.430440
-0.286454	-0.177422
-0.019122	-0.017846
-0.140094	-0.101343
-0.215112	-0.145516
0.069241	0.203947
-0.305430	-0.183812
0.087227	0.261659
-0.229984	-0.153140
-0.120991	-0.088507
-0.039880	-0.031609
-0.277935	-0.174147
0.132507	0.427046
-0.288885	-0.178257
-0.012407	-0.015843
-0.146134	-0.105261
-0.210099	-0.142872
0.063127	0.184972
-0.305076	-0.183696
0.092648	0.279629
-0.234553	-0.155390
-0.114718	-0.084262
-0.046545	-0.036312
-0.274879	-0.172961
0.131202	0.421576
-0.291159	-0.179072
-0.152110	-0.108967
-0.204985	-0.140132
0.056891	0.165751
-0.304551	-0.183533
0.097847	0.297147
-0.239005	-0.157546
-0.108396	-0.079946
-0.053191	-0.040984
-0.271676	-0.171699
0.129407	0.414173
-0.293272	-0.179818
-0.158018	-0.112713
-0.199775	-0.137187
0.050547	0.146487
-0.303853	-0.183303
0.102800	0.314303
-0.243339	-0.159522
-0.102027	-0.075561
-0.059815	-0.045765
-0.268330	-0.170357
0.127141	0.404921
-0.295224	-0.180498
-0.163855	-0.116369
-0.194470	-0.134254
0.044111	0.127111
-0.302984	-0.183032
0.107482	0.330765
-0.247550	-0.161493
-0.095615	-0.071112
-0.066414	-0.050506
-0.264843	-0.168936
0.124428	0.394101
-0.297013	-0.181080
0.014476	0.036859
-0.169619	-0.119812
-0.189075	-0.131226
0.037597	0.107542
-0.301945	-0.182686
0.111867	0.346587
-0.251635	-0.163291
-0.089163	-0.066600
-0.072985	-0.055202
-0.261217	-0.167360
0.121294	0.381902
-0.298636	-0.181633
0.021166	0.058208
-0.175306	-0.123283
-0.183592	-0.127989
0.031017	0.087834
-0.300737	-0.182305
0.115928	0.361609
-0.255592	-0.165081
-0.082673	-0.062031
-0.079526	-0.059850
-0.257456	-0.165772
0.117765	0.368428
-0.300094	-0.182097
0.027820	0.078380
-0.180913	-0.126543
-0.178024	-0.124771
0.024384	0.067899
-0.299361	-0.181840
0.119637	0.375591
-0.259418	-0.166705
-0.076148	-0.057266
-0.086033	-0.064445
-0.253562	-0.164100
0.113871	0.353835
-0.301383	-0.182529
0.034427	0.098202
-0.186438	-0.129825
-0.172375	-0.121462
0.017710	0.047348
-0.297817	-0.181312
0.122965	0.388446
-0.263109	-0.168246
-0.069591	-0.052592
-0.092504	-0.068984
-0.249538	-0.162261
0.109638	0.338448
-0.302504	-0.182900
0.040974	0.117770
-0.191876	-0.132897
-0.166648	-0.117941
0.011007	0.022717
-0.296108	-0.180756
0.125885	0.399939
-0.266664	-0.169775
-0.063005	-0.047871
-0.098936	-0.073602
-0.245388	-0.160414
0.105096	0.322263
-0.303455	-0.183193
0.047450	0.137312
-0.197225	-0.135874
-0.160846	-0.114328
-0.294235	-0.180104
0.128370	0.409957
-0.270078	-0.171150
-0.056393	-0.043252
-0.105326	-0.078017
-0.241113	-0.158393
0.100271	0.305415
-0.304235	-0.183447
0.053840	0.156630
-0.202481	-0.138864
-0.154971	-0.110748
-0.292199	-0.179385
0.130395	0.418277
-0.273350	-0.172447
