0.189832	-0.723548
-0.203528	-1.068857
0.063825	-0.801189
0.016002	-1.386235
-0.081315	-0.793740
0.218922	-1.007364
-0.201969	-0.715769
0.241986	-0.718464
-0.251224	-0.791417
0.154107	-0.749045
-0.148603	-1.228339
0.017264	-0.812312
0.096502	-1.322725
-0.124729	-0.769225
0.244489	-0.866901
-0.228294	-0.708088
0.222023	-0.708426
-0.239753	-0.899965
0.113368	-0.776763
-0.076014	-1.347768
-0.029837	-0.810508
0.165109	-1.188070
-0.164272	-0.741196
0.251387	-0.771195
-0.245695	-0.725833
0.193640	-0.721043
-0.208625	-1.049611
0.069147	-0.799208
0.006178	-1.387735
-0.075962	-0.796263
0.214495	-1.026155
-0.198370	-0.717902
0.243673	-0.721706
-0.251439	-0.782004
0.158587	-0.745795
-0.156079	-1.210785
0.022779	-0.811660
0.087589	-1.334392
-0.119793	-0.772449
0.242514	-0.881384
-0.225690	-0.707461
0.224860	-0.708096
-0.241981	-0.885145
0.118427	-0.773428
-0.085181	-1.337336
-0.024332	-0.811399
0.157946	-1.206255
-0.159854	-0.744545
0.251381	-0.780114
-0.244186	-0.722063
0.197388	-0.718512
-0.213353	-1.030828
0.074449	-0.797078
-0.003653	-1.387905
-0.070667	-0.798446
0.209807	-1.045031
-0.194709	-0.720019
0.245204	-0.725471
-0.251472	-0.773086
0.163018	-0.742474
-0.163282	-1.192792
0.028286	-0.810829
0.078311	-1.345306
-0.114821	-0.775557
0.240231	-0.896720
-0.222872	-0.707792
0.227554	-0.708250
-0.244078	-0.870202
0.123373	-0.770240
-0.094253	-1.325753
-0.018819	-0.812111
0.150510	-1.224010
-0.155388	-0.747823
0.251193	-0.789528
-0.242521	-0.718815
0.201004	-0.716384
-0.217821	-1.012123
0.079808	-0.794613
-0.013480	-1.386744
-0.065270	-0.800638
0.204857	-1.063952
-0.190917	-0.722536
0.246577	-0.729760
-0.251326	-0.764670
0.167325	-0.739454
-0.170328	-1.174060
0.033785	-0.809820
0.069080	-1.354858
-0.109815	-0.778549
0.237813	-0.911919
-0.219985	-0.708136
0.230104	-0.708897
-0.245784	-0.856622
0.128205	-0.767232
-0.103221	-1.313040
-0.013301	-0.812645
0.142801	-1.241268
-0.150875	-0.751029
0.250819	-0.799430
-0.240702	-0.716087
0.204487	-0.714676
-0.222031	-0.993536
0.085063	-0.792178
-0.023291	-1.384254
-0.059933	-0.802514
0.199532	-1.083294
-0.187067	-0.725026
0.247790	-0.734573
-0.250927	-0.757265
0.171582	-0.736379
-0.176982	-1.155363
0.039274	-0.808632
0.059635	-1.363363
-0.104697	-0.781668
0.234984	-0.928396
-0.216957	-0.708953
0.232581	-0.709566
-0.247366	-0.842957
0.133075	-0.763825
-0.111944	-1.299466
-0.007778	-0.812999
0.134949	-1.257666
-0.146242	-0.754494
0.250177	-0.810310
-0.238802	-0.713389
0.207907	-0.712963
-0.225888	-0.975560
0.090292	-0.789598
-0.032936	-1.380516
-0.054499	-0.804371
0.193937	-1.102578
-0.183087	-0.727891
0.248841	-0.739910
-0.250357	-0.750373
0.175787	-0.733250
-0.183360	-1.136410
0.044751	-0.807268
0.050122	-1.370629
-0.099626	-0.784412
0.231920	-0.945160
-0.213791	-0.710229
0.234912	-0.710735
-0.248574	-0.830704
0.137828	-0.760620
-0.120416	-1.285110
-0.002172	-0.813180
0.126834	-1.273459
-0.141564	-0.757869
0.249340	-0.821655
-0.236680	-0.711694
0.211191	-0.711690
-0.229400	-0.958246
0.095495	-0.786875
-0.042682	-1.375410
-0.049047	-0.806052
0.188070	-1.121756
-0.179052	-0.730717
0.249728	-0.745769
-0.249617	-0.743999
0.179866	-0.730462
-0.189464	-1.117256
0.050214	-0.805727
0.040414	-1.376734
-0.094446	-0.787259
0.228617	-0.962186
-0.210558	-0.711506
0.237095	-0.712413
-0.249581	-0.818895
0.142540	-0.757322
-0.128762	-1.269764
0.003354	-0.813161
0.118458	-1.288575
-0.136843	-0.761151
0.248224	-0.833949
-0.234480	-0.710024
0.214410	-0.710418
-0.232765	-0.940699
0.100668	-0.784008
-0.052241	-1.369116
-0.043661	-0.807453
0.181929	-1.140779
-0.174962	-0.733503
0.250447	-0.752148
-0.248711	-0.738146
0.183890	-0.727634
-0.195295	-1.097953
0.055582	-0.804142
0.030797	-1.381461
-0.089238	-0.789964
0.224974	-0.979904
-0.207260	-0.712785
0.239128	-0.714603
-0.250392	-0.807540
0.147209	-0.753933
-0.136846	-1.253750
0.008878	-0.812964
0.109827	-1.302939
-0.132081	-0.764342
0.246905	-0.846680
-0.232133	-0.708863
0.217562	-0.709147
-0.235703	-0.924359
0.105733	-0.781246
-0.061876	-1.361433
-0.038182	-0.808795
0.175399	-1.159966
-0.170746	-0.736629
0.250920	-0.759545
-0.247639	-0.732815
0.187857	-0.724767
-0.200852	-1.078552
0.061013	-0.802263
0.021006	-1.384962
-0.084003	-0.792524
0.220983	-0.998266
-0.203826	-0.714504
0.241082	-0.716821
-0.251010	-0.796654
0.151758	-0.750795
-0.144665	-1.237141
0.014400	-0.812586
0.101077	-1.316248
-0.127279	-0.767439
0.245380	-0.859832
-0.229640	-0.708203
0.220504	-0.708798
-0.238408	-0.908319
0.110843	-0.778108
-0.071168	-1.352793
-0.032691	-0.809959
0.168710	-1.178503
-0.166478	-0.739700
0.251296	-0.766952
-0.246407	-0.728010
0.191695	-0.722275
-0.206032	-1.059526
0.066426	-0.800209
0.011190	-1.387138
-0.078743	-0.794938
0.216838	-1.016330
-0.200259	-0.716647
0.242811	-0.720048
-0.251359	-0.786747
0.156261	-0.747585
-0.152217	-1.220007
0.019918	-0.812030
0.092217	-1.328482
-0.122363	-0.770725
0.243558	-0.873879
-0.227073	-0.707565
0.223447	-0.707997
-0.240885	-0.892604
0.115843	-0.775099
-0.080515	-1.342794
-0.027190	-0.810946
0.161627	-1.197065
-0.162160	-0.742718
0.251420	-0.775369
-0.244941	-0.724226
0.195475	-0.719757
-0.210947	-1.040510
0.071739	-0.798153
0.001361	-1.387985
-0.073380	-0.797382
0.212232	-1.035394
-0.196629	-0.718775
0.244458	-0.723305
-0.251445	-0.777832
0.160717	-0.744304
-0.159619	-1.202071
0.025429	-0.811294
0.083123	-1.339805
-0.117409	-0.773895
0.241432	-0.888793
-0.224293	-0.707888
0.226178	-0.708142
-0.243049	-0.877721
0.120807	-0.771973
-0.089637	-1.331795
-0.021681	-0.811754
0.154389	-1.214883
-0.157719	-0.746035
0.251286	-0.784787
-0.243392	-0.720468
0.199122	-0.717639
-0.215598	-1.021546
0.077030	-0.795949
-0.008469	-1.387501
-0.068073	-0.799491
0.207468	-1.054087
-0.192868	-0.721305
0.245875	-0.727579
-0.251428	-0.768913
0.165125	-0.740950
-0.166747	-1.183713
0.030933	-0.810380
0.073801	-1.350140
-0.112420	-0.776950
0.239083	-0.904064
-0.221512	-0.707760
0.228837	-0.708304
-0.244908	-0.863702
0.125736	-0.768733
-0.098659	-1.319655
-0.016165	-0.812383
0.146880	-1.232253
-0.153230	-0.749280
0.251046	-0.794196
-0.241687	-0.717235
0.202708	-0.715505
-0.219888	-1.003122
0.082377	-0.793404
-0.018151	-1.385728
-0.062667	-0.801602
0.202334	-1.073235
-0.189048	-0.723808
0.247207	-0.731881
-0.251157	-0.761001
0.169408	-0.737902
-0.173599	-1.164997
0.036427	-0.809288
0.064530	-1.359114
-0.107320	-0.780138
0.236417	-0.920148
-0.218520	-0.708572
0.231353	-0.708960
-0.246555	-0.850080
0.130549	-0.765677
-0.107441	-1.306634
-0.010563	-0.812859
0.139102	-1.249108
-0.148620	-0.752790
0.250541	-0.804589
-0.239828	-0.714522
0.206161	-0.713794
-0.223923	-0.984839
0.087620	-0.790896
-0.027951	-1.382611
-0.057321	-0.803402
0.196823	-1.092769
-0.185170	-0.726284
0.248304	-0.737205
-0.250711	-0.753601
0.173640	-0.734800
-0.180060	-1.146365
0.041910	-0.808018
0.055051	-1.367024
-0.102265	-0.782947
0.233519	-0.936536
-0.215459	-0.709391
0.233722	-0.710117
-0.247992	-0.836872
0.135400	-0.762218
-0.115977	-1.292809
-0.005039	-0.813116
0.131058	-1.265379
-0.144040	-0.755883
0.249763	-0.815953
-0.237818	-0.712327
0.209549	-0.712077
-0.227610	-0.967194
0.092836	-0.788243
-0.037717	-1.378173
-0.051878	-0.805177
0.191149	-1.111811
-0.181163	-0.729132
0.249311	-0.742552
-0.250020	-0.747218
0.177819	-0.731643
-0.186361	-1.127122
0.047381	-0.806570
0.045372	-1.373790
-0.097101	-0.785865
0.230385	-0.953203
-0.212260	-0.710670
0.236016	-0.711298
-0.249142	-0.824591
0.140133	-0.758966
-0.124518	-1.277708
0.000486	-0.813193
0.122750	-1.280993
-0.139341	-0.759221
0.248871	-0.827277
-0.235658	-0.710645
0.212802	-0.710802
-0.231051	-0.949765
0.098024	-0.785447
-0.047302	-1.372531
-0.046419	-0.806777
0.185092	-1.131123
-0.177101	-0.731941
0.250078	-0.748922
-0.249235	-0.740854
0.181871	-0.728831
-0.192275	-1.108096
0.052837	-0.804947
0.035777	-1.379172
-0.091907	-0.788640
0.226819	-0.971047
-0.208996	-0.711950
0.238090	-0.713473
-0.250011	-0.813257
0.144824	-0.755622
-0.132672	-1.262175
0.006011	-0.813091
0.114312	-1.295624
-0.134524	-0.762774
0.247614	-0.840041
-0.233350	-0.709471
0.215989	-0.709528
-0.234250	-0.932583
0.103105	-0.782750
-0.056970	-1.365504
-0.040946	-0.808200
0.178759	-1.150243
-0.172912	-0.735094
0.250676	-0.755810
-0.248210	-0.735511
0.185795	-0.726385
-0.198026	-1.088544
0.058197	-0.803287
0.026003	-1.383345
-0.086686	-0.791272
0.223103	-0.988638
-0.205595	-0.713671
0.240085	-0.715677
-0.250686	-0.802385
0.149396	-0.752524
-0.140689	-1.245721
0.011535	-0.812810
0.105623	-1.309483
-0.129743	-0.765917
0.246237	-0.852740
-0.230967	-0.708322
0.219037	-0.708712
-0.237027	-0.916631
0.108232	-0.779681
-0.066435	-1.357341
-0.035461	-0.809446
0.172150	-1.169115
-0.168671	-0.738192
0.251103	-0.763213
-0.247022	-0.730692
0.189735	-0.723501
-0.203397	-1.069329
0.063619	-0.801326
0.016198	-1.386196
-0.081438	-0.793759
0.219038	-1.006860
-0.202131	-0.715387
0.241928	-0.718398
-0.251171	-0.791988
0.153998	-0.749008
-0.148438	-1.228691
0.017055	-0.812349
0.096818	-1.322277
-0.124845	-0.769255
0.244480	-0.866834
-0.228438	-0.707674
0.221945	-0.708368
-0.239665	-0.900512
0.113249	-0.776736
-0.075690	-1.348121
-0.029965	-0.810515
0.165266	-1.187681
-0.164378	-0.741236
0.251354	-0.771125
-0.245747	-0.725900
0.193545	-0.720995
-0.208499	-1.050093
0.069022	-0.799191
0.006514	-1.387705
-0.076166	-0.796100
0.214615	-1.025660
-0.198534	-0.717524
0.243617	-0.721640
-0.251390	-0.782576
0.158479	-0.745757
-0.155917	-1.211154
0.022570	-0.811709
0.087775	-1.334181
-0.119988	-0.772200
0.242596	-0.880831
-0.225765	-0.707520
0.224784	-0.708038
-0.241986	-0.885210
0.118232	-0.773674
-0.084994	-1.337541
-0.024460	-0.811405
0.158107	-1.205882
-0.159962	-0.744584
0.251351	-0.780044
-0.244241	-0.722129
0.197223	-0.718887
-0.213232	-1.031320
0.074325	-0.797061
-0.003317	-1.387921
-0.070791	-0.798463
0.209932	-1.044546
-0.194803	-0.720067
0.245151	-0.725405
-0.251427	-0.773658
0.162837	-0.742798
-0.163124	-1.193177
0.028078	-0.810890
0.078634	-1.344940
-0.115017	-0.775317
0.240317	-0.896172
-0.222950	-0.707850
0.227480	-0.708191
-0.243998	-0.870757
0.123179	-0.770495
-0.094069	-1.325979
-0.018947	-0.812116
0.150796	-1.223327
-0.155497	-0.747860
0.251244	-0.788957
-0.242578	-0.718881
0.200841	-0.716764
-0.217704	-1.012625
0.079605	-0.794783
-0.013144	-1.386806
-0.065475	-0.800498
0.204986	-1.063477
-0.191085	-0.722169
0.246527	-0.729693
-0.251284	-0.765242
0.167220	-0.739413
-0.170057	-1.174823
0.033577	-0.809893
0.069406	-1.354535
-0.109934	-0.778575
0.237813	-0.911855
-0.220064	-0.708193
0.230033	-0.708837
-0.245795	-0.856689
0.128089	-0.767201
-0.102907	-1.313516
-0.013429	-0.812648
0.143093	-1.240618
-0.150985	-0.751065
0.250795	-0.799360
-0.240762	-0.716152
0.204398	-0.714625
-0.221918	-0.994046
0.084861	-0.792359
-0.022956	-1.384363
-0.060059	-0.802528
0.199666	-1.082831
-0.187165	-0.725072
0.247742	-0.734505
-0.250965	-0.757334
0.171479	-0.736337
-0.176716	-1.156153
0.039066	-0.808717
0.059963	-1.363084
-0.104895	-0.781447
0.235080	-0.927859
-0.217039	-0.709008
0.232512	-0.709504
-0.247296	-0.843519
0.132884	-0.764098
-0.111634	-1.299981
-0.007906	-0.813001
0.135246	-1.257049
-0.146428	-0.754197
0.250236	-0.809741
-0.238864	-0.713453
0.207819	-0.712910
-0.225780	-0.976078
0.090170	-0.789577
-0.032741	-1.380596
-0.054705	-0.804253
0.194075	-1.102127
-0.183259	-0.727535
0.248796	-0.739842
-0.250397	-0.750442
0.175685	-0.733207
-0.183214	-1.136839
0.044544	-0.807364
0.050315	-1.370508
-0.099747	-0.784436
0.232020	-0.944629
-0.213946	-0.709832
0.234845	-0.710673
-0.248590	-0.830773
0.137715	-0.760587
-0.120111	-1.285662
-0.002381	-0.813174
0.127008	-1.273156
-0.141752	-0.757580
0.249404	-0.821088
-0.236745	-0.711756
0.211106	-0.711636
-0.229297	-0.958771
0.095294	-0.787076
-0.042350	-1.375609
-0.049254	-0.805946
0.188212	-1.121317
-0.179226	-0.730367
0.249685	-0.745700
-0.249660	-0.744068
0.179765	-0.730418
-0.189323	-1.117698
0.050007	-0.805835
0.040746	-1.376544
-0.094568	-0.787282
0.228721	-0.961662
-0.210715	-0.711113
0.237030	-0.712350
-0.249600	-0.818964
0.142428	-0.757288
-0.128461	-1.270352
0.003144	-0.813168
0.118765	-1.288030
-0.137033	-0.760871
0.248291	-0.833385
-0.234547	-0.710086
0.214327	-0.710363
-0.232666	-0.941231
0.100469	-0.784219
-0.052047	-1.369242
-0.043788	-0.807463
0.182076	-1.140353
-0.175064	-0.733546
0.250407	-0.752079
-0.248756	-0.738214
0.183791	-0.727589
-0.195157	-1.098407
0.055456	-0.804129
0.030992	-1.381386
-0.089361	-0.789985
0.225083	-0.979387
-0.207347	-0.712837
0.239066	-0.714539
-0.250414	-0.807610
0.147022	-0.754231
-0.136550	-1.254374
0.008669	-0.812982
0.110138	-1.302432
-0.132272	-0.764070
0.246977	-0.846118
-0.232203	-0.708924
0.217480	-0.709091
-0.235608	-0.924898
0.105613	-0.781221
-0.061548	-1.361721
-0.038309	-0.808804
0.175666	-1.159181
-0.170923	-0.736292
0.250959	-0.758973
-0.247688	-0.732883
0.187760	-0.724720
-0.200611	-1.079435
0.060807	-0.802394
0.021340	-1.384862
-0.084127	-0.792543
0.221096	-0.997758
-0.203916	-0.714555
0.241022	-0.716757
-0.250955	-0.797224
0.151648	-0.750759
-0.144374	-1.237798
0.014191	-0.812617
0.101391	-1.315780
-0.127395	-0.767469
0.245456	-0.859274
-0.229712	-0.708263
0.220424	-0.708741
-0.238318	-0.908863
0.110646	-0.778339
-0.070978	-1.352964
-0.032818	-0.809967
0.168864	-1.178106
-0.166583	-0.739741
0.251262	-0.766883
-0.246385	-0.728574
0.191600	-0.722228
-0.205904	-1.060002
0.066221	-0.800351
0.011525	-1.387084
-0.078867	-0.794957
0.216956	-1.015830
-0.200350	-0.716697
0.242754	-0.719983
-0.251308	-0.787318
0.156153	-0.747548
-0.152053	-1.220367
0.019790	-0.812025
0.092535	-1.328053
-0.122480	-0.770754
0.243638	-0.873324
-0.227147	-0.707625
0.223299	-0.708405
-0.240799	-0.893153
0.115647	-0.775340
-0.080192	-1.343168
-0.027318	-0.810952
0.161905	-1.196337
-0.162267	-0.742757
0.251388	-0.775299
-0.244995	-0.724292
0.195309	-0.720130
-0.210823	-1.040997
0.071614	-0.798136
0.001697	-1.387978
-0.073584	-0.797224
0.212355	-1.034904
-0.196723	-0.718824
0.244403	-0.723238
-0.251476	-0.777902
0.160610	-0.744265
-0.159460	-1.202447
0.025301	-0.811288
0.083444	-1.339418
-0.117527	-0.773923
0.241516	-0.888243
-0.224440	-0.707479
0.226103	-0.708083
-0.242968	-0.878274
0.120613	-0.772224
-0.089318	-1.332210
-0.021809	-0.811759
0.154551	-1.214518
-0.157827	-0.746073
0.251335	-0.784216
-0.243448	-0.720534
0.199030	-0.717589
-0.215479	-1.022043
0.076906	-0.795931
-0.008134	-1.387540
-0.068198	-0.799507
0.207595	-1.053607
-0.193035	-0.720935
0.245823	-0.727512
-0.251385	-0.769485
0.164945	-0.741278
-0.166473	-1.184462
0.030805	-0.810373
0.074125	-1.349795
-0.112539	-0.776977
0.239172	-0.903519
-0.221590	-0.707817
0.228765	-0.708244
-0.244917	-0.863769
0.125542	-0.768992
-0.098343	-1.320111
-0.016293	-0.812387
0.147046	-1.231905
-0.153339	-0.749317
0.251020	-0.794126
-0.241745	-0.717300
0.202547	-0.715888
-0.219773	-1.003628
0.082174	-0.793579
-0.017955	-1.385772
-0.062872	-0.801467
0.202466	-1.072766
-0.189217	-0.723443
0.247157	-0.731813
-0.251117	-0.761573
0.169304	-0.737861
-0.173330	-1.165773
0.036300	-0.809279
0.064721	-1.358958
-0.107517	-0.779913
0.236510	-0.919608
-0.218600	-0.708628
0.231282	-0.708899
-0.246567	-0.850148
0.130434	-0.765646
-0.107129	-1.307129
-0.010772	-0.812835
0.139272	-1.248777
-0.148806	-0.752490
0.250517	-0.804519
-0.239889	-0.714586
0.206072	-0.713742
-0.223813	-0.985354
0.087418	-0.791082
-0.027616	-1.382741
-0.057447	-0.803416
0.197068	-1.091900
-0.185268	-0.726330
0.248331	-0.736637
-0.250675	-0.754172
0.173537	-0.734758
-0.179912	-1.146786
0.041783	-0.808008
0.055244	-1.366890
-0.102385	-0.782971
0.233617	-0.936002
-0.215542	-0.709446
0.233654	-0.710055
-0.247923	-0.837436
0.135209	-0.762495
-0.115799	-1.293086
-0.005249	-0.813104
0.131231	-1.265066
-0.144152	-0.755917
0.249824	-0.815385
-0.237882	-0.712390
0.209392	-0.712468
-0.227504	-0.967716
0.092635	-0.788440
-0.037384	-1.378349
-0.052085	-0.805065
0.191290	-1.111365
-0.181263	-0.729177
0.249267	-0.742484
-0.250061	-0.747287
0.177645	-0.731991
-0.186217	-1.127557
0.047174	-0.806672
0.045703	-1.373576
-0.097300	-0.785659
0.230488	-0.952676
-0.212345	-0.710724
0.235950	-0.711235
-0.249077	-0.825157
0.139944	-0.759251
-0.124215	-1.278278
0.000277	-0.813194
0.123054	-1.280429
-0.139454	-0.759254
0.248854	-0.827209
-0.235724	-0.710707
0.212718	-0.710748
-0.230949	-0.950294
0.097825	-0.785654
-0.047109	-1.372646
-0.046627	-0.806676
0.185236	-1.130690
-0.177203	-0.731985
0.250037	-0.748853
-0.249205	-0.741422
0.181698	-0.729185
-0.192135	-1.108544
0.052630	-0.805061
0.036110	-1.379004
-0.092108	-0.788445
0.227023	-0.970065
-0.209082	-0.712002
0.238026	-0.713409
-0.250032	-0.813326
0.144637	-0.755915
-0.132373	-1.262781
0.005802	-0.813104
0.114621	-1.295097
-0.134715	-0.762498
0.247684	-0.839478
-0.233419	-0.709533
0.215835	-0.709927
-0.234153	-0.933119
0.102984	-0.782725
-0.056641	-1.365770
-0.041154	-0.808111
0.179023	-1.149445
-0.173089	-0.734753
0.250713	-0.755239
-0.248257	-0.735579
0.185697	-0.726339
-0.197782	-1.089417
0.058071	-0.803273
0.026337	-1.383222
-0.086888	-0.791087
0.223214	-0.988125
-0.205684	-0.713723
