0.144013	0.334537
-0.034913	0.047238
-0.114377	0.783015
0.063267	0.075534
-0.127012	0.234021
0.141097	0.311320
-0.040836	0.051680
-0.089426	0.857818
0.057532	0.068393
-0.131016	0.252475
0.137832	0.289645
-0.046715	0.056897
-0.038322	0.939253
0.051748	0.061801
-0.134765	0.272215
0.134302	0.268966
-0.052548	0.062802
0.048479	0.928942
0.045907	0.056007
-0.138264	0.292966
0.130500	0.249570
-0.058331	0.069379
0.093940	0.846521
0.040017	0.050987
-0.141465	0.314990
0.126470	0.231194
-0.064050	0.076748
0.116878	0.773538
0.034094	0.046572
-0.144344	0.338270
0.122229	0.213843
-0.069697	0.084927
0.130591	0.711419
0.028133	0.042931
-0.146876	0.362776
0.117792	0.197519
-0.075283	0.093612
0.139433	0.657183
0.022145	0.039986
-0.148956	0.389061
0.113193	0.181981
-0.080774	0.103257
0.145161	0.609244
0.016137	0.037747
-0.150501	0.417381
0.108425	0.167468
-0.086181	0.113543
0.148769	0.566219
0.010110	0.036239
-0.151500	0.447372
0.103532	0.153534
-0.091487	0.124636
0.150841	0.527126
0.004077	0.035410
-0.151811	0.479532
0.098491	0.140624
-0.096684	0.136539
0.151753	0.491217
-0.001963	0.035293
-0.151212	0.514614
0.093330	0.128519
-0.101761	0.149253
0.151723	0.458164
-0.007998	0.035884
-0.149600	0.552390
0.088056	0.117217
-0.106709	0.162776
0.150978	0.427237
-0.014025	0.037190
-0.146570	0.593981
0.082689	0.106543
-0.111520	0.177101
0.149585	0.398549
-0.020043	0.039165
-0.141628	0.640218
0.077216	0.096849
-0.116184	0.192219
0.147681	0.371578
-0.026038	0.041876
-0.134039	0.691964
0.071673	0.087639
-0.120670	0.208364
0.145309	0.346375
-0.032008	0.045287
-0.122391	0.750819
0.066040	0.079388
-0.124985	0.225290
0.142544	0.322682
-0.037943	0.049471
-0.103477	0.819638
0.060343	0.071793
-0.129072	0.243500
0.139449	0.300236
-0.043847	0.054267
-0.068659	0.900317
0.054585	0.064872
-0.132960	0.262471
0.136048	0.279058
-0.049703	0.059838
0.007844	0.955370
0.048768	0.058746
-0.136583	0.282725
0.132390	0.258889
-0.055511	0.066089
0.076211	0.886561
0.042898	0.053395
-0.139949	0.303979
0.128470	0.240008
-0.061259	0.073135
0.107267	0.807703
0.036993	0.048636
-0.143007	0.326493
0.124330	0.222151
-0.066945	0.080852
0.124672	0.740636
0.031047	0.044652
-0.145697	0.350536
0.119988	0.205322
-0.072566	0.089221
0.135590	0.682784
0.025072	0.041360
-0.147987	0.376086
0.115457	0.189516
-0.078095	0.098549
0.142677	0.631976
0.019074	0.038770
-0.149801	0.403399
0.110770	0.174496
-0.083554	0.108355
0.147240	0.586641
0.013057	0.036887
-0.151096	0.432417
0.105938	0.160274
-0.088906	0.119141
0.149992	0.545796
0.007025	0.035732
-0.151733	0.463658
0.100968	0.146859
-0.094163	0.130548
0.151461	0.508248
0.000989	0.035264
-0.151644	0.497001
0.095872	0.134257
-0.099293	0.142964
0.151834	0.474039
-0.005047	0.035512
-0.150548	0.533462
0.090645	0.122660
-0.104314	0.155982
0.151456	0.441882
-0.011082	0.036453
-0.148213	0.573344
0.085323	0.111676
-0.109202	0.169797
0.150352	0.412215
-0.017104	0.038118
-0.144307	0.617055
0.079901	0.101502
-0.113931	0.184636
0.148674	0.384530
-0.023108	0.040492
-0.138173	0.665792
0.074396	0.091973
-0.118507	0.200270
0.146509	0.358588
-0.029091	0.043569
-0.128722	0.721044
0.068798	0.083404
-0.122897	0.216936
0.143968	0.333851
-0.035047	0.047342
-0.113909	0.784703
0.063139	0.075347
-0.127110	0.234380
0.141014	0.310929
-0.040969	0.051801
-0.088731	0.859509
0.057403	0.068223
-0.131085	0.253109
0.137745	0.289261
-0.046847	0.057036
-0.036610	0.940742
0.051617	0.061648
-0.134855	0.272592
0.134211	0.268591
-0.052679	0.062958
0.049983	0.927191
0.045775	0.055871
-0.138350	0.293351
0.130405	0.249204
-0.058461	0.069552
0.094623	0.844734
0.039884	0.050869
-0.141547	0.315382
0.126372	0.230838
-0.064178	0.076938
0.117259	0.772043
0.033960	0.046471
-0.144422	0.338669
0.122127	0.213498
-0.069832	0.084985
0.130860	0.710021
0.027998	0.042847
-0.146913	0.363474
0.117688	0.197184
-0.075407	0.093833
0.139606	0.655973
0.022010	0.039921
-0.148986	0.389766
0.113086	0.181658
-0.080896	0.103493
0.145252	0.608275
0.015998	0.037733
-0.150564	0.417793
0.108314	0.167157
-0.086302	0.113794
0.148844	0.565227
0.009974	0.036209
-0.151513	0.448086
0.103419	0.153236
-0.091606	0.124902
0.150902	0.526119
0.003941	0.035398
-0.151816	0.480246
0.098376	0.140340
-0.096800	0.136819
0.151751	0.490504
-0.002099	0.035299
-0.151208	0.515324
0.093212	0.128248
-0.101874	0.149547
0.151758	0.457150
-0.008134	0.035909
-0.149530	0.553387
0.087936	0.116961
-0.106820	0.163082
0.150959	0.426525
-0.014164	0.037202
-0.146484	0.594959
0.082567	0.106302
-0.111629	0.177420
0.149558	0.397841
-0.020178	0.039225
-0.141526	0.641165
0.077091	0.096623
-0.116289	0.192550
0.147646	0.370878
-0.026173	0.041954
-0.133849	0.693129
0.071538	0.087580
-0.120772	0.208707
0.145267	0.345684
-0.032142	0.045383
-0.122024	0.752376
0.065913	0.079194
-0.125084	0.225643
0.142496	0.322001
-0.038081	0.049503
-0.102900	0.821379
0.060214	0.071615
-0.129167	0.243863
0.139394	0.299568
-0.043979	0.054397
-0.067563	0.902174
0.054448	0.064827
-0.133052	0.262844
0.135987	0.278404
-0.049835	0.059986
0.009967	0.954942
0.048636	0.058602
-0.136672	0.283106
0.132298	0.258518
-0.055642	0.066254
0.077197	0.884631
0.042766	0.053268
-0.140033	0.304368
0.128373	0.239647
-0.061387	0.073317
0.107832	0.805892
0.036859	0.048526
-0.143054	0.327176
0.124230	0.221800
-0.067073	0.081050
0.125032	0.739048
0.030913	0.044559
-0.145738	0.351229
0.119885	0.204981
-0.072691	0.089434
0.135776	0.681605
0.024938	0.041286
-0.148020	0.376788
0.115351	0.189187
-0.078229	0.098614
0.142776	0.631022
0.018938	0.038713
-0.149868	0.403809
0.110661	0.174179
-0.083676	0.108600
0.147264	0.585949
0.012921	0.036849
-0.151114	0.433130
0.105826	0.159970
-0.089025	0.119400
0.150060	0.544796
0.006889	0.035711
-0.151742	0.464372
0.100854	0.146569
-0.094281	0.130822
0.151464	0.507537
0.000853	0.035261
-0.151595	0.498013
0.095755	0.133980
-0.099408	0.143251
0.151875	0.473025
-0.005187	0.035517
-0.150485	0.534466
0.090526	0.122397
-0.104426	0.156283
0.151440	0.441169
-0.011218	0.036486
-0.148192	0.574040
0.085202	0.111427
-0.109312	0.170110
0.150328	0.411506
-0.017239	0.038169
-0.144213	0.618018
0.079778	0.101268
-0.114038	0.184961
0.148642	0.383826
-0.023244	0.040561
-0.137995	0.666990
0.074262	0.091912
-0.118611	0.200607
0.146471	0.357892
-0.029230	0.043594
-0.128446	0.722421
0.068671	0.083202
-0.122998	0.217284
0.143889	0.333454
-0.035181	0.047447
-0.113520	0.786157
0.063003	0.075295
-0.127207	0.234738
0.140931	0.310538
-0.041102	0.051924
-0.087948	0.861366
0.057273	0.068054
-0.131179	0.253477
0.137687	0.288600
-0.046979	0.057176
-0.034801	0.942234
0.051480	0.061605
-0.134945	0.272969
0.134120	0.268216
-0.052810	0.063114
0.051483	0.925387
0.045638	0.055833
-0.138436	0.293736
0.130310	0.248838
-0.058590	0.069725
0.095303	0.842935
0.039751	0.050750
-0.141629	0.315775
0.126273	0.230482
-0.064306	0.077127
0.117640	0.770544
0.033821	0.046443
-0.144466	0.339357
0.122026	0.213152
-0.069958	0.085191
0.131129	0.708620
0.027863	0.042764
-0.146986	0.363878
0.117583	0.196850
-0.075532	0.094054
0.139714	0.655038
0.021871	0.039902
-0.149015	0.390472
0.112978	0.181335
-0.081019	0.103730
