-0.302458	0.316141
-0.423880	2.624217
0.498898	2.278655
0.280490	0.276036
-0.006626	-3.400562
-0.279220	0.274287
-0.501096	2.265709
0.416668	2.651884
0.303637	0.317928
-0.255826	0.241570
-0.532119	2.055031
0.323260	0.361443
-0.235709	0.220477
-0.544609	1.927066
0.336911	0.400583
-0.221625	0.212492
-0.547626	1.864114
0.343350	0.427085
-0.215325	0.216942
-0.545197	1.858719
0.342091	0.437647
-0.217499	0.232184
-0.537684	1.911414
0.333319	0.431534
-0.227831	0.256670
-0.523399	2.023026
0.317861	0.410446
-0.244996	0.289111
-0.496175	2.204710
0.297360	0.377796
-0.266704	0.327244
-0.440764	2.487583
0.408741	2.619833
0.274254	0.339678
0.100851	-3.312820
-0.289977	0.366459
0.482982	2.280886
0.251706	0.300266
-0.311611	0.401903
0.516576	2.072786
0.232773	0.265639
-0.328913	0.427413
0.534269	1.939432
0.220030	0.238391
-0.339999	0.438291
0.543480	1.868769
0.215125	0.220037
-0.343748	0.433102
0.547622	1.854747
0.218694	0.212138
-0.339802	0.411277
0.546694	1.898294
0.230380	0.216320
-0.328360	0.376345
0.537849	2.004529
0.248811	0.232852
-0.310493	0.332872
-0.328367	2.939690
0.514373	2.185229
0.271497	0.262078
0.085678	-3.368943
-0.288159	0.289907
-0.480901	2.374324
0.458822	2.478979
0.295178	0.301279
-0.170789	-3.274946
-0.264427	0.252884
-0.523391	2.122999
0.316443	0.345544
-0.242713	0.226871
-0.541425	1.966683
0.332582	0.386639
-0.226085	0.214103
-0.547329	1.880498
0.341817	0.418843
-0.216723	0.213806
-0.546676	1.854007
0.343470	0.435650
-0.215692	0.225046
-0.541192	1.884595
0.337479	0.435583
-0.223046	0.246315
-0.529796	1.973863
0.324364	0.420412
-0.237852	0.276031
-0.508478	2.127304
0.305535	0.391221
-0.258169	0.312432
-0.466978	2.364425
0.339458	2.856266
0.283070	0.354517
-0.011501	-3.356423
-0.281222	0.351979
-0.359992	2.792109
0.462493	2.386902
0.259940	0.314795
-0.303833	0.389457
0.506558	2.140641
0.239296	0.278079
-0.323068	0.418770
0.528758	1.982486
0.223987	0.247495
-0.336628	0.436247
0.540670	1.888777
0.215998	0.225628
-0.343217	0.437331
0.546589	1.853455
0.216339	0.214205
-0.342183	0.421517
0.547680	1.875272
0.225091	0.213126
-0.333506	0.390773
0.542307	1.957205
0.241225	0.224626
-0.317883	0.349667
0.525602	2.107168
0.262640	0.249768
0.198133	-3.231797
-0.296940	0.305245
-0.451609	2.510665
0.485752	2.349652
0.286344	0.285987
-0.066494	-3.381564
-0.273325	0.265600
-0.511330	2.204223
0.365158	2.829879
0.308888	0.329164
-0.250452	0.235085
-0.536478	2.016633
0.327218	0.372317
-0.231591	0.217417
-0.546111	1.905432
0.339195	0.408498
-0.219308	0.212479
-0.547504	1.857326
0.343758	0.431228
-0.215076	0.219588
-0.543787	1.866595
0.340619	0.437459
-0.219325	0.237262
-0.535051	1.932663
0.330094	0.427457
-0.231491	0.264099
-0.518166	2.060992
0.313209	0.403127
-0.250022	0.298183
-0.486287	2.262208
0.291794	0.368819
-0.127790	-3.286097
-0.272408	0.337099
-0.417689	2.584631
0.434462	2.515266
0.268531	0.329777
0.200048	-3.183703
-0.295579	0.375627
0.493446	2.221327
0.246577	0.291601
-0.316384	0.408868
0.522079	2.033404
0.228969	0.258452
-0.332290	0.431269
0.537126	1.916594
0.218058	0.232876
-0.341641	0.438320
0.544904	1.860202
0.215219	0.216917
-0.343515	0.428793
0.547946	1.859886
0.220844	0.212255
-0.337646	0.403926
0.545419	1.918383
0.234380	0.218918
-0.324512	0.365859
0.533770	2.041582
0.254117	0.238961
-0.305314	0.321789
-0.403757	2.699392
0.504960	2.243771
0.277385	0.270567
0.024911	-3.398061
-0.282322	0.279843
-0.494942	2.300579
0.433812	2.585008
0.300749	0.312226
-0.258759	0.245448
-0.529404	2.077266
0.320964	0.356518
-0.238052	0.222292
-0.543706	1.939546
0.335545	0.395521
-0.223045	0.212956
-0.547667	1.868582
0.342945	0.424434
-0.215665	0.215883
-0.545704	1.856589
0.342704	0.437001
-0.216732	0.229687
-0.539072	1.900800
0.334852	0.433566
-0.226052	0.253041
-0.525858	2.004600
0.320226	0.413697
-0.242442	0.284370
-0.500899	2.176020
0.300241	0.382645
-0.263691	0.322465
-0.450876	2.441910
0.391332	2.685005
0.277323	0.344606
0.060320	-3.341178
-0.286945	0.361768
0.476492	2.315749
0.254485	0.305781
-0.308996	0.397397
0.513285	2.095495
0.234941	0.269812
-0.326995	0.424425
0.532587	1.952930
0.221267	0.241669
-0.338952	0.437740
0.542553	1.874977
0.215284	0.221983
-0.343703	0.434561
0.547348	1.853338
0.217746	0.212580
-0.340774	0.414593
0.547109	1.889529
0.228442	0.214689
-0.330286	0.380828
0.539525	1.987334
0.246114	0.229469
-0.313129	0.338854
0.518739	2.156316
0.268419	0.257126
0.120527	-3.337896
-0.291243	0.294976
-0.471886	2.418368
0.469352	2.430597
0.292132	0.296193
-0.131154	-3.326361
-0.267499	0.256862
-0.519587	2.149777
0.313903	0.339836
-0.245311	0.229793
-0.539814	1.983367
0.330827	0.381888
-0.227876	0.215196
-0.546943	1.888561
0.341034	0.415404
-0.217477	0.213398
-0.546966	1.854628
0.343708	0.434129
-0.215335	0.223144
-0.542141	1.877611
0.338665	0.436855
-0.221626	0.243136
-0.531725	1.958738
0.326442	0.423209
-0.235536	0.272079
-0.512079	2.103206
0.308270	0.395352
-0.255295	0.307346
-0.474365	2.326724
0.286125	0.359330
-0.049619	-3.346281
-0.278153	0.347068
-0.384980	2.707568
0.453876	2.428217
0.262881	0.320105
-0.301013	0.384894
0.502397	2.167118
0.241749	0.282477
-0.320809	0.416047
0.526563	1.999357
0.225596	0.251259
-0.335227	0.434899
0.539502	1.897677
0.216571	0.228183
-0.342794	0.437915
0.546096	1.854790
0.215823	0.214717
-0.342780	0.424078
0.547847	1.869084
0.223491	0.212713
-0.335052	0.395631
0.543646	1.942181
0.238762	0.222316
-0.320256	0.355755
0.528834	2.082659
0.259649	0.245525
0.270670	-3.086970
-0.299891	0.311037
-0.438095	2.567590
0.493036	2.311044
0.283255	0.280297
-0.034367	-3.395622
-0.276451	0.270168
-0.506111	2.236181
0.397053	2.723335
0.306142	0.322920
-0.253280	0.238368
-0.534304	2.036345
0.325171	0.366443
-0.233723	0.219099
-0.545463	1.916008
0.338040	0.404358
-0.220466	0.212726
-0.547573	1.860676
0.343616	0.428842
-0.215135	0.218310
-0.544505	1.862333
0.341446	0.437905
-0.218290	0.234600
-0.536490	1.920992
0.331860	0.429660
-0.229509	0.259825
-0.521142	2.039847
0.315716	0.407090
-0.247308	0.293639
-0.491665	2.231285
0.294746	0.374015
-0.180488	-3.215840
-0.269355	0.332198
-0.430825	2.530611
0.421931	2.567644
0.271580	0.334658
0.141252	-3.270427
-0.292599	0.371205
0.488106	2.252211
0.249273	0.296077
-0.313898	0.405005
0.519328	2.053473
0.230947	0.262018
-0.330553	0.429207
0.535696	1.928107
0.219033	0.236007
-0.340803	0.438848
0.544190	1.864289
0.215099	0.218652
-0.343690	0.431345
0.547695	1.857338
0.219649	0.211887
-0.338873	0.407403
0.546076	1.907661
0.232218	0.217124
-0.326623	0.371046
0.535961	2.021774
0.251271	0.235588
-0.308077	0.328076
-0.375787	2.795566
0.510210	2.211795
0.274256	0.265959
0.056731	-3.386792
-0.285442	0.284791
-0.487706	2.339216
0.448193	2.525495
0.297810	0.306452
-0.213574	-3.204651
-0.261763	0.248940
-0.526403	2.100735
0.318614	0.350513
-0.240489	0.224497
-0.542572	1.953465
0.334030	0.390797
-0.224588	0.213850
-0.547505	1.874606
0.342423	0.421221
-0.216163	0.214670
-0.546200	1.855076
0.343160	0.436584
-0.216122	0.227013
-0.540247	1.891733
0.336283	0.435066
-0.224410	0.249169
-0.528067	1.987595
0.322467	0.417316
-0.239965	0.279891
-0.505090	2.149472
0.303076	0.387272
-0.260742	0.317114
-0.459796	2.399718
0.368496	2.764276
0.280394	0.349518
0.021902	-3.354914
-0.283930	0.356258
-0.325746	2.896549
0.469388	2.352520
0.257346	0.310820
-0.306278	0.393344
0.509921	2.118545
0.237203	0.274294
-0.324942	0.421757
0.530672	1.967912
0.222652	0.244738
-0.337796	0.436626
0.541610	1.881789
0.215602	0.223766
-0.343498	0.436249
0.546876	1.853514
0.216932	0.213449
-0.341590	0.418186
0.547500	1.881307
0.226597	0.214085
-0.332032	0.386501
0.541149	1.970532
0.243470	0.227092
-0.315691	0.344630
0.522569	2.129487
0.265339	0.253090
0.158333	-3.292558
-0.294268	0.300804
-0.461669	2.465904
0.478666	2.385673
0.289085	0.290387
-0.095727	-3.361044
-0.270596	0.261064
-0.515465	2.177683
0.311287	0.333914
-0.248009	0.232432
-0.538152	2.000452
