-0.580768	-0.465947
-0.616517	-0.454679
-0.399082	-0.492565
-0.650415	-0.439265
-0.510818	-0.478926
-0.535325	-0.475357
-0.642431	-0.443390
-0.369034	-0.504140
-0.336934	-0.574293
-0.630657	-0.448824
-0.559590	-0.471012
-0.483463	-0.481732
-0.655429	-0.436589
-0.429980	-0.487480
-0.598682	-0.460848
0.348464	0.804344
-0.600928	-0.460144
-0.426391	-0.487739
-0.655022	-0.436787
-0.486762	-0.481669
-0.556824	-0.471485
-0.632218	-0.448170
-0.340683	-0.547628
-0.365251	-0.506463
-0.641219	-0.443937
-0.538278	-0.475051
-0.507668	-0.479172
-0.651190	-0.438896
-0.402776	-0.491835
-0.614562	-0.455306
-0.583270	-0.465438
-0.452845	-0.484847
-0.656872	-0.435773
-0.461627	-0.484057
-0.576840	-0.466955
-0.619454	-0.453529
-0.393351	-0.494023
-0.649122	-0.439971
-0.515643	-0.478334
-0.530719	-0.476015
-0.644210	-0.442500
-0.374864	-0.501105
-0.628155	-0.449895
-0.563809	-0.470168
-0.478330	-0.482322
-0.655961	-0.436288
-0.435492	-0.486762
-0.595141	-0.461869
0.344177	0.733165
-0.604325	-0.459094
-0.420818	-0.488580
-0.654296	-0.437191
-0.491819	-0.481169
-0.552500	-0.472390
-0.634541	-0.447144
-0.346526	-0.529886
-0.359398	-0.511441
-0.639253	-0.444901
-0.542792	-0.474301
-0.502762	-0.479671
-0.652290	-0.438318
-0.408457	-0.490727
-0.611463	-0.456465
-0.587072	-0.464376
-0.447460	-0.485326
-0.656716	-0.435859
-0.466901	-0.483632
-0.572840	-0.467928
-0.622290	-0.452391
-0.387593	-0.495652
-0.647712	-0.440695
-0.520417	-0.477687
-0.526059	-0.476777
-0.645874	-0.441659
-0.380674	-0.498474
-0.625547	-0.450989
-0.567962	-0.469279
-0.473152	-0.482861
-0.656375	-0.436054
-0.440965	-0.486195
-0.591516	-0.462980
0.339184	0.665110
-0.607631	-0.457932
-0.415209	-0.489372
-0.653453	-0.437660
-0.496831	-0.480614
-0.548114	-0.473103
-0.636753	-0.446088
-0.352387	-0.519842
-0.350267	-0.911258
-0.353536	-0.517953
-0.637174	-0.445847
-0.547248	-0.473500
-0.497807	-0.480286
-0.653274	-0.437770
-0.414106	-0.489782
-0.608268	-0.457626
0.338142	0.649533
-0.590795	-0.463288
-0.442033	-0.485951
-0.656443	-0.436012
-0.472132	-0.483152
-0.568768	-0.468862
-0.625024	-0.451270
-0.381810	-0.497672
-0.646186	-0.441472
-0.525140	-0.476987
-0.521347	-0.477325
-0.647422	-0.440870
-0.386462	-0.496241
-0.622834	-0.452104
-0.572047	-0.468219
-0.467930	-0.483348
-0.656672	-0.435893
-0.446399	-0.485578
-0.587808	-0.464070
-0.610844	-0.456769
-0.409567	-0.490325
-0.652492	-0.438164
-0.501794	-0.480006
-0.543670	-0.473909
-0.638854	-0.445132
-0.358249	-0.512666
-0.347674	-0.527336
-0.634983	-0.446894
-0.551645	-0.472649
-0.492805	-0.480848
-0.654140	-0.437310
-0.419721	-0.488997
-0.604980	-0.458685
0.343245	0.720433
-0.594437	-0.462178
-0.436567	-0.486527
-0.656052	-0.436231
-0.477318	-0.482621
-0.564629	-0.469889
-0.627652	-0.450169
-0.376004	-0.500309
-0.644545	-0.442301
-0.529810	-0.476391
-0.516583	-0.477979
-0.648854	-0.440133
-0.392225	-0.494403
-0.620018	-0.453236
-0.576062	-0.467250
-0.462664	-0.483782
-0.656851	-0.435789
-0.451793	-0.485108
-0.584022	-0.465136
-0.613962	-0.455607
-0.403892	-0.491440
-0.651415	-0.438758
-0.506710	-0.479515
-0.539167	-0.474665
-0.640842	-0.444157
-0.364105	-0.507692
-0.341825	-0.542889
-0.632682	-0.447910
-0.555981	-0.471752
-0.487757	-0.481357
-0.654889	-0.436889
-0.425301	-0.488163
-0.601601	-0.459835
0.347699	0.788974
-0.597994	-0.461157
-0.431063	-0.487254
-0.655543	-0.436501
-0.482460	-0.482038
-0.560422	-0.470740
-0.630175	-0.449091
-0.370178	-0.503351
-0.642789	-0.443179
-0.534427	-0.475585
-0.511767	-0.478578
-0.650170	-0.439450
-0.397961	-0.492953
-0.617100	-0.454381
-0.580004	-0.466247
-0.457355	-0.484355
-0.656912	-0.435752
-0.457145	-0.484585
-0.580158	-0.466172
-0.616983	-0.454451
-0.398186	-0.492722
-0.650220	-0.439380
-0.511577	-0.478801
-0.534608	-0.475521
-0.642717	-0.443228
-0.369948	-0.503800
-0.630272	-0.448957
-0.560255	-0.470947
-0.482662	-0.481811
-0.655520	-0.436533
-0.430845	-0.487485
-0.598133	-0.460976
0.347856	0.791925
-0.601466	-0.460013
-0.425521	-0.487932
-0.654916	-0.436850
-0.487557	-0.481583
-0.556151	-0.471682
-0.632589	-0.448039
-0.341596	-0.543775
-0.364335	-0.507243
-0.640918	-0.444050
-0.538988	-0.474880
-0.506903	-0.479291
-0.651370	-0.438790
-0.403668	-0.491672
-0.614083	-0.455536
-0.583871	-0.465210
-0.452005	-0.484877
-0.656856	-0.435783
-0.462455	-0.484012
-0.576218	-0.467177
-0.619905	-0.453389
-0.392451	-0.494173
-0.648908	-0.440056
-0.516394	-0.478200
-0.529993	-0.476172
-0.644478	-0.442395
-0.375775	-0.500538
-0.627754	-0.450030
-0.564464	-0.469960
-0.477522	-0.482393
-0.656034	-0.436244
-0.436351	-0.486758
-0.594579	-0.462103
0.343434	0.722759
-0.604849	-0.458858
-0.419942	-0.488766
-0.654172	-0.437265
-0.492607	-0.481074
-0.551817	-0.472439
-0.634895	-0.446951
-0.347443	-0.528006
-0.358480	-0.512217
-0.638935	-0.445019
-0.543493	-0.474123
-0.501989	-0.479782
-0.652452	-0.438222
-0.409344	-0.490556
-0.610969	-0.456602
-0.587661	-0.464261
-0.446613	-0.485348
-0.656681	-0.435880
-0.467723	-0.483577
-0.572207	-0.468145
-0.622725	-0.452252
-0.386689	-0.496011
-0.647481	-0.440787
-0.521160	-0.477545
-0.525325	-0.476768
-0.646124	-0.441561
-0.381582	-0.498121
-0.625129	-0.451126
-0.568607	-0.469066
-0.472337	-0.482924
-0.656430	-0.436031
-0.441819	-0.486183
-0.590940	-0.463100
0.338353	0.652622
-0.608140	-0.457698
-0.414328	-0.489551
-0.653310	-0.437719
-0.497611	-0.480511
-0.547422	-0.473287
-0.637090	-0.445965
-0.353305	-0.518401
-0.350254	-0.912095
-0.352618	-0.519170
-0.636838	-0.446032
-0.547940	-0.473315
-0.497027	-0.480389
-0.653417	-0.437685
-0.414988	-0.489604
-0.607759	-0.457762
0.338976	0.662280
-0.591371	-0.463168
-0.441180	-0.485964
-0.656389	-0.436044
-0.472947	-0.483090
-0.568125	-0.469075
-0.625442	-0.451133
-0.380902	-0.498025
-0.645937	-0.441570
-0.525875	-0.476996
-0.520604	-0.477467
-0.647654	-0.440777
-0.387366	-0.495882
-0.622400	-0.452242
-0.572681	-0.468129
-0.467108	-0.483402
-0.656708	-0.435871
-0.447246	-0.485557
-0.587221	-0.464185
-0.611339	-0.456631
-0.408680	-0.490496
-0.652331	-0.438260
-0.502567	-0.479895
-0.542968	-0.474087
-0.639173	-0.444954
-0.359167	-0.511891
-0.346757	-0.529216
-0.634630	-0.447020
-0.552328	-0.472458
-0.492018	-0.480943
-0.654265	-0.437235
-0.420598	-0.488812
-0.604457	-0.458919
0.343992	0.730737
-0.595000	-0.462054
-0.435708	-0.486531
-0.655980	-0.436261
-0.478126	-0.482550
-0.563974	-0.469962
-0.628054	-0.450033
-0.375093	-0.500656
-0.644278	-0.442404
-0.530537	-0.476233
-0.515832	-0.478113
-0.649068	-0.440008
-0.393125	-0.494254
-0.619568	-0.453375
-0.576684	-0.467154
-0.461835	-0.483828
-0.656868	-0.435778
-0.452634	-0.485078
-0.583422	-0.465244
-0.614442	-0.455468
-0.403000	-0.491604
-0.651235	-0.438831
-0.507475	-0.479395
-0.538457	-0.474836
-0.641144	-0.444043
-0.365021	-0.506913
-0.340913	-0.546303
-0.632312	-0.448040
-0.556655	-0.471694
-0.486962	-0.481443
-0.654996	-0.436825
-0.426172	-0.487971
-0.601064	-0.460070
0.348314	0.801159
-0.598544	-0.460922
-0.430197	-0.487249
-0.655452	-0.436555
-0.483261	-0.481959
-0.559758	-0.470942
-0.630560	-0.448886
-0.336708	-0.578382
-0.369264	-0.503912
-0.642504	-0.443288
-0.535145	-0.475573
-0.511009	-0.478704
-0.650366	-0.439335
-0.398856	-0.492796
-0.616634	-0.454520
-0.580614	-0.466143
-0.456520	-0.484392
-0.656911	-0.435753
-0.457979	-0.484547
-0.579546	-0.466275
-0.617447	-0.454312
-0.397290	-0.492878
-0.650022	-0.439496
-0.512334	-0.478674
-0.533889	-0.475531
-0.643001	-0.443119
-0.370862	-0.503237
-0.629885	-0.449162
-0.560918	-0.470744
-0.481860	-0.481888
-0.655608	-0.436496
-0.431710	-0.487286
-0.597582	-0.461104
0.347221	0.780112
-0.602001	-0.459778
-0.424649	-0.487918
-0.654807	-0.436915
-0.488351	-0.481496
-0.555476	-0.471739
-0.632958	-0.447841
-0.342509	-0.540579
-0.363419	-0.508022
-0.640615	-0.444220
-0.539697	-0.474709
-0.506136	-0.479409
-0.651547	-0.438717
-0.404559	-0.491507
-0.613602	-0.455675
-0.584469	-0.465100
-0.451163	-0.484906
-0.656836	-0.435794
-0.463283	-0.483965
-0.575595	-0.467272
-0.620353	-0.453165
-0.391551	-0.494537
-0.648693	-0.440182
-0.517143	-0.478065
-0.529266	-0.476328
-0.644743	-0.442243
