-0.221124	0.848707
-0.641159	0.228769
-0.298380	0.689690
-0.569060	0.283203
-0.375339	0.538756
-0.491343	0.361689
-0.450002	0.415762
-0.416031	0.467986
-0.526597	0.322689
-0.340769	0.604882
-0.603483	0.255462
-0.262604	0.763222
-0.667850	0.211201
-0.189950	0.915243
-0.706656	0.186365
-0.144900	1.022017
-0.717940	0.178812
-0.148354	1.012878
-0.703186	0.188677
-0.198454	0.896790
-0.660690	0.215904
-0.272886	0.741808
-0.593758	0.263105
-0.350807	0.585228
-0.516385	0.333553
-0.425793	0.451994
-0.440182	0.430160
-0.501438	0.349733
-0.365454	0.557357
-0.579146	0.274611
-0.288065	0.710939
-0.649363	0.223208
-0.211701	0.868624
-0.697201	0.192481
-0.154937	0.996188
-0.717141	0.179344
-0.141411	1.031428
-0.710895	0.183569
-0.178322	0.940980
-0.677539	0.205038
-0.247619	0.793860
-0.617388	0.245298
-0.325883	0.634272
-0.541658	0.308012
-0.401673	0.491731
-0.464526	0.395660
-0.476599	0.379713
-0.389796	0.512700
-0.554083	0.296240
-0.313493	0.659284
-0.628425	0.237442
-0.235464	0.819028
-0.684754	0.200371
-0.169634	0.960945
-0.713633	0.181729
-0.140016	1.035289
-0.715760	0.180301
-0.161623	0.979739
-0.691462	0.196201
-0.223178	0.844445
-0.639354	0.229993
-0.300584	0.685283
-0.566890	0.285063
-0.377448	0.534907
-0.489190	0.364396
-0.452109	0.412651
-0.413943	0.471402
-0.528786	0.320397
-0.338613	0.609217
-0.605538	0.253951
-0.260411	0.767649
-0.669323	0.210183
-0.188190	0.919150
-0.707336	0.185886
-0.144273	1.023696
-0.717883	0.178850
-0.149203	1.010709
-0.702381	0.189162
-0.200330	0.892675
-0.659099	0.216872
-0.275092	0.737419
-0.591652	0.264724
-0.352946	0.581105
-0.514204	0.335788
-0.427884	0.448881
-0.438085	0.433380
-0.503606	0.347360
-0.363331	0.561457
-0.581291	0.272874
-0.285856	0.715447
-0.651067	0.222058
-0.209725	0.872914
-0.698138	0.191876
-0.153873	0.998853
-0.717316	0.179233
-0.141798	1.030368
-0.710341	0.183975
-0.179943	0.937335
-0.676193	0.205896
-0.249785	0.789265
-0.615399	0.246856
-0.328057	0.629953
-0.539466	0.310163
-0.403763	0.488232
-0.462406	0.398649
-0.478736	0.377077
-0.387698	0.516493
-0.556269	0.294247
-0.311300	0.663757
-0.630323	0.236136
-0.233348	0.823376
-0.685951	0.199664
-0.168197	0.964321
-0.714046	0.181448
-0.139912	1.035580
-0.715448	0.180519
-0.162911	0.976653
-0.690375	0.196868
-0.225244	0.840139
-0.637532	0.231231
-0.302787	0.680863
-0.564716	0.286946
-0.379555	0.531067
-0.487039	0.366923
-0.454217	0.409771
-0.411855	0.474833
-0.530976	0.318320
-0.336453	0.613550
-0.607583	0.252458
-0.258222	0.772224
-0.670774	0.209281
-0.186452	0.922992
-0.707995	0.185469
-0.143686	1.025267
-0.717805	0.178906
-0.150090	1.008379
-0.701554	0.189717
-0.202224	0.888643
-0.657489	0.217966
-0.277299	0.732823
-0.589540	0.266362
-0.355083	0.576985
-0.512025	0.338243
-0.429975	0.445574
-0.435990	0.436619
-0.505776	0.344812
-0.361206	0.565351
-0.583430	0.271158
-0.283646	0.719937
-0.652753	0.220919
-0.207765	0.877006
-0.699052	0.191282
-0.152844	1.001495
-0.717471	0.179123
-0.142226	1.029194
-0.709767	0.184351
-0.181588	0.933622
-0.674826	0.206764
-0.251956	0.784809
-0.613398	0.248283
-0.330229	0.625630
-0.537274	0.312151
-0.405853	0.484745
-0.460289	0.401451
-0.480875	0.374258
-0.385598	0.520296
-0.558453	0.292278
-0.309105	0.668221
-0.632207	0.234845
-0.231241	0.827846
-0.687125	0.198880
-0.166788	0.967619
-0.714438	0.181179
-0.139850	1.035751
-0.715116	0.180751
-0.164232	0.973578
-0.689265	0.197624
-0.227321	0.835789
-0.635694	0.232482
-0.304987	0.676431
-0.562539	0.288851
-0.381660	0.527235
-0.484892	0.369473
-0.456328	0.406701
-0.409766	0.478279
-0.533167	0.316076
-0.334290	0.617676
-0.609617	0.250830
-0.256037	0.776593
-0.672204	0.208387
-0.184737	0.926771
-0.708632	0.185062
-0.143139	1.026765
-0.717708	0.178977
-0.151014	1.006011
-0.700704	0.190284
-0.204136	0.884556
-0.655859	0.219072
-0.279508	0.728390
-0.587420	0.268020
-0.357216	0.572868
-0.509848	0.340526
-0.432067	0.442283
-0.433895	0.439664
-0.507949	0.342487
-0.359078	0.569460
-0.585562	0.269463
-0.281437	0.724596
-0.654419	0.219913
-0.205821	0.881191
-0.699944	0.190698
-0.151851	1.003972
-0.717607	0.179037
-0.142695	1.027904
-0.709170	0.184739
-0.183259	0.929961
-0.673436	0.207741
-0.254132	0.780320
-0.611384	0.249727
-0.332398	0.621303
-0.535082	0.314350
-0.407942	0.481273
-0.458174	0.404482
-0.483018	0.371666
-0.383497	0.524110
-0.560635	0.290331
-0.306908	0.672674
-0.634075	0.233432
-0.229144	0.832114
-0.688277	0.198189
-0.165410	0.970839
-0.714809	0.180924
-0.139831	1.035801
-0.714763	0.180997
-0.165583	0.970329
-0.688133	0.198308
-0.229409	0.831396
-0.633839	0.233747
-0.307186	0.671987
-0.560359	0.290778
-0.383763	0.523413
-0.482747	0.372250
-0.458441	0.403861
-0.407677	0.481740
-0.535359	0.313857
-0.332124	0.622005
-0.611640	0.249373
-0.253857	0.781108
-0.673613	0.207503
-0.183046	0.930487
-0.709247	0.184621
-0.142634	1.028115
-0.717591	0.179053
-0.151975	1.003614
-0.699832	0.190861
-0.206066	0.880415
-0.654209	0.220071
-0.281717	0.723749
-0.585293	0.269864
-0.359347	0.568755
-0.507674	0.343029
-0.434160	0.439011
-0.431802	0.442939
-0.510124	0.339987
-0.356947	0.573573
-0.587688	0.267622
-0.279228	0.729046
-0.656066	0.218798
-0.203893	0.885181
-0.700813	0.190124
-0.150895	1.006421
-0.717721	0.178955
-0.143206	1.026537
-0.708552	0.185137
-0.184953	0.926114
-0.672025	0.208628
-0.256313	0.775800
-0.609360	0.251188
-0.334564	0.616973
-0.532890	0.316573
-0.410031	0.477601
-0.456061	0.407325
-0.485163	0.369097
-0.381394	0.527933
-0.562815	0.288408
-0.304709	0.677116
-0.635927	0.232170
-0.227058	0.836500
-0.689407	0.197425
-0.164063	0.974075
-0.715159	0.180682
-0.139856	1.035733
-0.714389	0.181227
-0.166965	0.967097
-0.686978	0.199085
-0.231507	0.827122
-0.631969	0.235026
-0.309383	0.667533
-0.558177	0.292729
-0.385864	0.519600
-0.480605	0.374845
-0.460556	0.400832
-0.405588	0.485427
-0.537551	0.311850
-0.329954	0.626331
-0.613652	0.247932
-0.251681	0.785591
-0.675000	0.206628
-0.181379	0.934257
-0.709841	0.184237
-0.142169	1.029386
-0.717453	0.179153
-0.152972	1.001052
-0.698938	0.191382
-0.208012	0.876365
-0.652541	0.221200
-0.283926	0.719276
-0.583159	0.271563
-0.361475	0.564646
-0.505502	0.345358
-0.436255	0.435968
-0.429710	0.446232
-0.512301	0.337709
-0.354813	0.577690
-0.589807	0.265968
-0.277020	0.733661
-0.657694	0.217695
-0.201983	0.889259
-0.701660	0.189561
-0.149976	1.008772
-0.717816	0.178895
-0.143758	1.025060
-0.707913	0.185546
-0.186671	0.922324
-0.670592	0.209525
-0.258499	0.771426
-0.607325	0.252820
-0.336726	0.612641
-0.530699	0.318631
-0.412119	0.474157
-0.453950	0.410188
-0.487311	0.366346
-0.379289	0.531766
-0.564991	0.286507
-0.302508	0.681546
-0.637763	0.230923
-0.224982	0.840843
-0.690514	0.196752
-0.162747	0.977138
-0.715489	0.180479
-0.139922	1.035544
-0.713995	0.181498
-0.168377	0.963786
-0.685801	0.199786
-0.233615	0.822808
-0.630084	0.236319
-0.311578	0.663067
-0.555993	0.294702
-0.387963	0.515798
-0.478465	0.377668
-0.462674	0.398034
-0.403498	0.488915
-0.539743	0.309678
-0.327782	0.630653
-0.615651	0.246509
-0.249510	0.790042
-0.676365	0.205762
-0.179736	0.937958
-0.710413	0.183865
-0.141746	1.030543
-0.717295	0.179255
-0.154005	0.998467
-0.698021	0.191978
-0.209974	0.872119
-0.650853	0.222341
-0.286135	0.714783
-0.581020	0.273283
-0.363600	0.560752
-0.503332	0.347910
-0.438351	0.432732
-0.427619	0.449330
-0.514480	0.335453
-0.352676	0.581810
-0.591919	0.264334
-0.274813	0.738068
-0.659302	0.216719
-0.200091	0.893284
-0.702484	0.189070
-0.149094	1.011025
-0.717891	0.178841
-0.144350	1.023475
-0.707251	0.186015
-0.188411	0.918597
-0.669137	0.210430
-0.260688	0.766845
-0.605279	0.254317
-0.338886	0.608513
-0.528509	0.320902
-0.414207	0.470727
-0.451842	0.413281
-0.489462	0.363822
-0.377182	0.535607
-0.567165	0.284628
-0.300305	0.685964
-0.639583	0.229688
-0.222918	0.845142
-0.691598	0.196009
-0.161462	0.980211
-0.715798	0.180263
-0.140032	1.035243
-0.713580	0.181782
-0.169818	0.960398
-0.684601	0.200582
-0.235732	0.818290
-0.628184	0.237766
-0.313770	0.658592
-0.553806	0.296699
-0.390061	0.512006
-0.476328	0.380308
-0.464794	0.395256
-0.401408	0.492417
-0.541935	0.307531
-0.325607	0.634971
-0.617639	0.245101
-0.247346	0.794460
-0.677708	0.204905
-0.178119	0.941592
-0.710964	0.183503
-0.141365	1.031585
-0.717117	0.179383
-0.155074	0.995789
-0.697081	0.192585
-0.211952	0.867968
-0.649146	0.223495
-0.288345	0.710272
-0.578875	0.275024
-0.365722	0.556654
-0.501164	0.350286
-0.440448	0.429726
-0.425529	0.452657
-0.516661	0.333026
-0.350536	0.585933
-0.594024	0.262719
-0.272607	0.742638
-0.660890	0.215639
-0.198218	0.897390
-0.703287	0.188528
-0.148250	1.013238
-0.717945	0.178803
-0.144982	1.021780
-0.706568	0.186446
-0.190174	0.914682
-0.667662	0.211345
-0.262881	0.762414
-0.603222	0.255831
-0.341042	0.604178
-0.526320	0.323198
-0.416296	0.467313
-0.449736	0.416185
-0.491615	0.361321
-0.375072	0.539457
-0.569335	0.282772
-0.298101	0.690563
-0.641386	0.228468
-0.220865	0.849397
-0.692660	0.195353
-0.160210	0.983289
-0.716086	0.180061
-0.140184	1.034815
-0.713144	0.182079
-0.171289	0.957038
-0.683378	0.201389
-0.237858	0.813897
-0.626268	0.239090
-0.315960	0.654108
-0.551618	0.298719
-0.392157	0.508438
-0.474194	0.382969
-0.466917	0.392291
-0.399317	0.496145
-0.544127	0.305408
-0.323429	0.639284
-0.619614	0.243564
-0.245187	0.799015
-0.679029	0.204058
-0.176528	0.945157
-0.711493	0.183154
-0.141026	1.032512
-0.716919	0.179509
-0.156178	0.993097
-0.696120	0.193201
-0.213945	0.863767
-0.647421	0.224661
-0.290553	0.705742
-0.576724	0.276786
-0.367842	0.552772
-0.498999	0.352685
-0.442546	0.426526
-0.423439	0.456000
-0.518843	0.330624
-0.348393	0.590059
-0.596120	0.261123
-0.270403	0.747183
-0.662457	0.214683
-0.196363	0.901303
-0.704067	0.188054
-0.147444	1.015293
-0.717980	0.178782
-0.145654	1.019977
-0.705863	0.186887
-0.191959	0.910834
-0.666165	0.212377
-0.265078	0.757956
-0.601157	0.257363
-0.343195	0.600049
-0.524132	0.325326
-0.418384	0.463914
-0.447631	0.419318
-0.493771	0.358641
-0.372961	0.543315
-0.571501	0.280938
-0.295895	0.694954
-0.643172	0.227260
-0.218826	0.853760
-0.693699	0.194707
-0.158990	0.986194
-0.716354	0.179893
-0.140379	1.034267
-0.712686	0.182389
-0.172787	0.953604
-0.682133	0.202115
-0.239992	0.809466
-0.624339	0.240429
-0.318148	0.649816
-0.549429	0.300763
-0.394252	0.504669
-0.472063	0.385859
-0.469042	0.389556
-0.397225	0.499672
-0.546319	0.303493
-0.321248	0.643793
-0.621576	0.242189
-0.243035	0.803364
-0.680328	0.203221
-0.174963	0.948653
-0.712001	0.182816
-0.140729	1.033323
-0.716700	0.179665
-0.157316	0.990236
-0.695135	0.193826
-0.215952	0.859518
-0.645678	0.225714
-0.292762	0.701196
-0.574569	0.278569
-0.369959	0.548685
-0.496837	0.355309
-0.444646	0.423346
-0.421350	0.459361
-0.521028	0.328440
-0.346247	0.594185
-0.598208	0.259546
-0.268200	0.751703
-0.664004	0.213625
-0.194529	0.905294
-0.704825	0.187534
-0.146677	1.017353
-0.717994	0.178773
-0.146366	1.018115
-0.705137	0.187391
-0.193765	0.906795
-0.664647	0.213311
-0.267276	0.753290
-0.599081	0.258914
-0.345346	0.595713
-0.521945	0.327671
-0.420473	0.460531
-0.445528	0.422260
-0.495930	0.356186
-0.370847	0.547180
-0.573663	0.279126
-0.293688	0.699523
-0.644941	0.226193
-0.216799	0.857924
-0.694715	0.194069
-0.157804	0.989100
-0.716602	0.179719
-0.140616	1.033616
-0.712208	0.182710
-0.174314	0.950098
-0.680866	0.202939
-0.242134	0.805165
-0.622396	0.241783
-0.320332	0.645316
-0.547239	0.302646
-0.396346	0.501124
-0.469934	0.388565
-0.471169	0.386635
-0.395131	0.503425
-0.548510	0.301417
-0.319065	0.648095
-0.623525	0.240831
-0.240890	0.807847
-0.681604	0.202393
-0.173425	0.952190
-0.712488	0.182490
-0.140473	1.034021
-0.716461	0.179835
-0.158488	0.987366
-0.694128	0.194535
-0.217973	0.855372
-0.643917	0.226904
-0.294969	0.696632
-0.572409	0.280373
-0.372074	0.544816
-0.494677	0.357755
-0.446748	0.420397
-0.419261	0.462737
-0.523214	0.326086
-0.344098	0.598521
-0.600287	0.257830
-0.266000	0.756198
-0.665531	0.212688
-0.192714	0.909225
-0.705561	0.187080
-0.145948	1.019256
-0.717988	0.178777
-0.147117	1.016096
-0.704388	0.187852
-0.195591	0.902960
-0.663109	0.214365
-0.269478	0.748779
-0.596997	0.260643
-0.347493	0.591585
-0.519760	0.329846
-0.422562	0.457164
-0.443428	0.425432
-0.498091	0.353553
-0.368731	0.551264
-0.575820	0.277335
-0.291480	0.704075
-0.646692	0.225010
-0.214786	0.862192
-0.695709	0.193440
-0.156651	0.991996
-0.716829	0.179558
-0.140896	1.032850
-0.711709	0.183045
-0.175868	0.946519
-0.679577	0.203774
-0.244283	0.800660
-0.620439	0.243152
-0.322514	0.641010
-0.545047	0.304736
-0.398439	0.497379
-0.467808	0.391292
-0.473300	0.383943
-0.393037	0.506976
-0.550700	0.299364
-0.316879	0.652590
-0.625461	0.239487
-0.238753	0.812292
-0.682858	0.201575
-0.171914	0.955653
-0.712954	0.182177
-0.140261	1.034616
-0.716201	0.179999
-0.159694	0.984408
-0.693099	0.195180
-0.220008	0.851027
-0.642138	0.228108
-0.297175	0.692247
-0.570244	0.282199
-0.374187	0.540955
-0.492520	0.360425
-0.448852	0.417255
-0.417172	0.466129
-0.525401	0.323949
-0.341946	0.602649
-0.602357	0.256292
-0.263803	0.760666
-0.667036	0.211653
-0.190921	0.913227
-0.706275	0.186583
-0.145259	1.021055
-0.717962	0.178797
-0.147907	1.014025
-0.703617	0.188379
-0.197437	0.898935
-0.661550	0.215319
-0.271681	0.744242
-0.594904	0.262232
-0.349637	0.587459
-0.517577	0.332239
-0.424651	0.453813
-0.441328	0.428623
-0.500255	0.351145
-0.366612	0.555143
-0.577973	0.275566
-0.289272	0.708611
-0.648424	0.223840
-0.212787	0.866411
-0.696680	0.192820
-0.155533	0.994724
-0.717036	0.179427
-0.141218	1.031969
-0.711188	0.183391
-0.177448	0.942980
-0.678265	0.204618
-0.246439	0.796290
-0.618470	0.244537
-0.324694	0.636699
-0.542856	0.306850
-0.400530	0.493859
-0.465685	0.394247
-0.475432	0.381272
-0.390941	0.510752
-0.552888	0.297335
-0.314690	0.656877
-0.627382	0.238159
-0.236623	0.816700
-0.684090	0.200855
-0.170432	0.959147
-0.713399	0.181876
-0.140091	1.035091
-0.715921	0.180196
-0.160932	0.981451
-0.692046	0.195834
-0.222055	0.846789
-0.640342	0.229325
-0.299380	0.687653
-0.568076	0.284047
