-0.265351	0.692965
0.439144	2.016348
0.086067	0.471237
-0.429957	1.236982
0.401441	1.080659
-0.136882	0.511172
-0.369418	2.437645
0.217582	0.610315
-0.342045	0.872131
0.457661	1.544171
-0.003255	0.445341
-0.458268	1.574041
0.336810	0.857048
-0.223800	0.620485
0.383980	2.370390
0.130446	0.504511
-0.405378	1.100521
0.426877	1.214338
-0.092597	0.475542
-0.433879	2.061948
0.259389	0.680914
-0.305112	0.776739
0.457686	1.753909
0.041362	0.451235
-0.448336	1.393207
0.371019	0.962215
-0.180853	0.559843
0.144042	3.036291
0.174355	0.550940
-0.375805	0.979842
0.446185	1.367239
-0.048063	0.453503
-0.456174	1.790350
0.299277	0.763266
-0.265484	0.693426
0.439335	2.014925
0.085916	0.471064
-0.430036	1.237542
0.401239	1.080955
-0.137082	0.511072
-0.369153	2.438954
0.217440	0.609915
-0.342160	0.872658
0.457611	1.543610
-0.003452	0.445339
-0.458315	1.574601
0.336693	0.856525
-0.223940	0.620894
0.384470	2.368219
0.130246	0.504606
-0.405470	1.101075
0.426796	1.213780
-0.092748	0.475728
-0.433886	2.062484
0.259255	0.680460
-0.305237	0.777239
0.457654	1.753354
0.041210	0.451151
-0.448399	1.393768
0.370914	0.961672
-0.181055	0.559713
0.147439	3.031557
0.174154	0.551065
-0.375909	0.980386
0.446119	1.366678
-0.048215	0.453601
-0.456024	1.791798
0.299151	0.762771
-0.265687	0.693236
0.439526	2.013502
0.085765	0.470892
-0.430114	1.238101
0.401146	1.080402
-0.137231	0.511342
-0.368644	2.441081
0.217299	0.609515
-0.342275	0.873186
0.457561	1.543050
-0.003604	0.445346
-0.458363	1.575161
0.336576	0.856001
-0.224143	0.620734
0.384722	2.366882
0.130097	0.504349
-0.405561	1.101629
0.426594	1.214094
-0.092947	0.475660
-0.433687	2.063899
0.259120	0.680006
-0.305361	0.777740
0.457622	1.752800
0.041013	0.451182
-0.448463	1.394329
0.370808	0.961130
-0.181200	0.560058
0.150830	3.026722
0.174009	0.550732
-0.376012	0.980930
0.446053	1.366117
-0.048413	0.453565
-0.456053	1.792351
0.299024	0.762276
-0.265820	0.693698
0.439515	2.012962
0.085567	0.470955
-0.430192	1.238661
0.401052	1.079849
-0.137380	0.511611
-0.368379	2.442389
0.217097	0.609670
-0.342390	0.873713
0.457510	1.542490
-0.003757	0.445354
-0.458410	1.575721
0.336460	0.855477
-0.224283	0.621144
0.384975	2.365545
0.129948	0.504094
-0.405653	1.102183
0.426514	1.213535
-0.093098	0.475847
-0.433487	2.065314
0.258918	0.680191
-0.305486	0.778241
0.457765	1.751349
0.040861	0.451099
-0.448527	1.394890
0.370702	0.960589
-0.181345	0.560403
0.154215	3.021790
0.173863	0.550400
-0.376116	0.981475
0.445986	1.365556
-0.048565	0.453664
-0.455902	1.793799
0.298898	0.761781
-0.265953	0.694160
0.439705	2.011539
0.085416	0.470784
-0.430270	1.239220
0.400958	1.079296
-0.137579	0.511512
-0.367869	2.444513
0.216956	0.609271
-0.342592	0.873464
0.457614	1.541033
-0.003954	0.445351
-0.458300	1.577177
0.336343	0.854954
-0.224423	0.621554
0.385463	2.363371
0.129799	0.503838
-0.405744	1.102737
0.426433	1.212976
-0.093249	0.476034
-0.433288	2.066728
0.258783	0.679738
-0.305611	0.778742
0.457732	1.750794
0.040708	0.451017
-0.448590	1.395451
0.370501	0.960860
-0.181546	0.560273
0.157293	3.017198
0.173717	0.550067
-0.376220	0.982019
0.445920	1.364995
-0.048717	0.453763
-0.455931	1.794352
0.298771	0.761287
-0.266086	0.694622
0.439895	2.010115
0.085265	0.470613
-0.430348	1.239779
0.400865	1.078743
-0.137728	0.511782
-0.367603	2.445820
0.216815	0.608872
-0.342707	0.873992
0.457564	1.540473
-0.004106	0.445360
-0.458347	1.577737
0.336141	0.855198
-0.224625	0.621394
0.385715	2.362033
0.129599	0.503933
-0.405836	1.103292
0.426353	1.212418
-0.093447	0.475965
-0.433294	2.067264
0.258648	0.679284
-0.305814	0.778521
0.457700	1.750239
0.040511	0.451047
-0.448654	1.396013
0.370395	0.960318
-0.181691	0.560619
0.160365	3.012525
0.173516	0.550192
-0.376421	0.981743
0.445854	1.364434
-0.048914	0.453727
-0.455960	1.794905
0.298569	0.761501
-0.266289	0.694432
0.439884	2.009575
0.085066	0.470676
-0.430426	1.240339
0.400771	1.078190
-0.137877	0.512053
-0.367093	2.447942
0.216674	0.608473
-0.342821	0.874519
0.457513	1.539913
-0.004259	0.445369
-0.458394	1.578297
0.336024	0.854675
-0.224765	0.621804
0.385966	2.360694
0.129450	0.503678
-0.405927	1.103846
0.426272	1.211859
-0.093598	0.476153
-0.433094	2.068678
0.258514	0.678831
-0.305938	0.779022
0.457842	1.748788
0.040359	0.450965
-0.448717	1.396574
0.370289	0.959776
-0.181837	0.560965
0.163433	3.007772
0.173370	0.549860
-0.376525	0.982288
0.445787	1.363873
-0.049066	0.453826
-0.455809	1.796353
0.298442	0.761007
-0.266422	0.694894
0.440074	2.008151
0.084915	0.470505
-0.430504	1.240898
0.400677	1.077638
-0.138077	0.511953
-0.366581	2.450063
0.216472	0.608628
-0.342936	0.875047
0.457463	1.539352
-0.004455	0.445366
-0.458442	1.578857
0.335907	0.854152
-0.224905	0.622215
0.386217	2.359355
0.129301	0.503423
-0.406128	1.103547
0.426191	1.211300
-0.093749	0.476341
-0.432894	2.070092
0.258311	0.679016
-0.306063	0.779524
0.457810	1.748234
0.040207	0.450884
-0.448781	1.397135
0.370183	0.959235
-0.181982	0.561311
0.166196	3.003400
0.173224	0.549529
-0.376628	0.982832
0.445857	1.362423
-0.049218	0.453926
-0.455837	1.796906
0.298316	0.760513
-0.266556	0.695357
0.440062	2.007611
0.084764	0.470335
-0.430582	1.241458
0.400583	1.077085
-0.138225	0.512224
-0.366315	2.451366
0.216331	0.608230
-0.343051	0.875575
0.457412	1.538792
-0.004608	0.445375
-0.458489	1.579416
0.335790	0.853629
-0.225045	0.622625
0.386704	2.357177
0.129101	0.503517
-0.406220	1.104101
0.426111	1.210742
-0.093947	0.476272
-0.432900	2.070627
0.258176	0.678563
-0.306188	0.780025
0.457777	1.747679
0.040010	0.450914
-0.448844	1.397696
0.370077	0.958693
-0.182183	0.561181
0.169254	2.998497
0.173023	0.549653
-0.376732	0.983377
0.445791	1.361862
-0.049416	0.453890
-0.455866	1.797459
0.298189	0.760019
-0.266689	0.695820
0.440252	2.006187
0.084613	0.470165
-0.430660	1.242017
0.400489	1.076532
-0.138374	0.512495
-0.365802	2.453485
0.216189	0.607832
-0.343165	0.876103
0.457361	1.538232
-0.004760	0.445385
-0.458536	1.579976
0.335673	0.853106
-0.225247	0.622465
0.386955	2.355837
0.128952	0.503263
-0.406311	1.104656
0.426030	1.210183
-0.094098	0.476460
-0.432699	2.072041
0.258041	0.678111
-0.306390	0.779804
0.457919	1.746228
0.039857	0.450833
-0.448907	1.398258
0.369971	0.958151
-0.182328	0.561527
0.172007	2.993991
0.172877	0.549322
-0.376835	0.983922
0.445724	1.361301
-0.049568	0.453990
-0.455715	1.798906
0.297986	0.760233
-0.266891	0.695629
0.440441	2.004763
0.084415	0.470228
-0.430738	1.242577
0.400396	1.075980
-0.138523	0.512767
-0.365535	2.454787
0.215987	0.607986
-0.343368	0.875853
0.457464	1.536775
-0.004957	0.445381
-0.458425	1.581433
0.335471	0.853349
-0.225387	0.622876
0.387205	2.354496
0.128803	0.503009
-0.406402	1.105210
0.425949	1.209625
-0.094249	0.476649
-0.432498	2.073454
0.257839	0.678295
-0.306515	0.780306
0.457887	1.745673
0.039705	0.450752
-0.448971	1.398819
0.369865	0.957610
-0.182473	0.561875
0.174458	2.989901
0.172731	0.548992
-0.376939	0.984466
0.445657	1.360740
-0.049720	0.454091
-0.455743	1.799459
0.297860	0.759739
-0.267024	0.696092
0.440429	2.004222
0.084264	0.470058
-0.430816	1.243136
0.400194	1.076274
-0.138722	0.512667
-0.365022	2.456903
0.215846	0.607588
-0.343482	0.876381
0.457413	1.536214
-0.005110	0.445392
-0.458472	1.581992
0.335354	0.852826
-0.225527	0.623287
0.387691	2.352316
0.128603	0.503103
-0.406493	1.105765
0.425868	1.209066
-0.094447	0.476580
-0.432297	2.074867
0.257704	0.677843
-0.306639	0.780808
0.457854	1.745118
0.039508	0.450782
-0.448894	1.400271
0.369663	0.957881
-0.182674	0.561744
0.177203	2.985276
0.172530	0.549116
-0.377042	0.985011
0.445590	1.360179
-0.049917	0.454054
-0.455591	1.800907
0.297733	0.759246
-0.267157	0.696555
0.440618	2.002797
0.084112	0.469890
-0.430893	1.243696
0.400100	1.075722
-0.138871	0.512939
-0.364508	2.459018
0.215705	0.607191
-0.343597	0.876909
0.457362	1.535654
-0.005262	0.445403
-0.458519	1.582552
0.335237	0.852304
-0.225667	0.623699
0.387940	2.350973
0.128454	0.502850
-0.406584	1.106319
0.425787	1.208507
-0.094598	0.476769
-0.432303	2.075402
0.257569	0.677391
-0.306764	0.781309
0.457995	1.743666
0.039356	0.450702
-0.448957	1.400832
0.369557	0.957339
-0.182819	0.562091
0.179645	2.981080
0.172384	0.548785
-0.377244	0.984735
0.445524	1.359618
-0.050069	0.454156
-0.455619	1.801459
0.297606	0.758752
-0.267290	0.697019
0.440806	2.001373
0.083914	0.469952
-0.430971	1.244255
0.400006	1.075169
-0.139020	0.513212
-0.364240	2.460318
0.215563	0.606794
-0.343711	0.877438
0.457311	1.535094
-0.005415	0.445414
-0.458565	1.583112
0.335120	0.851781
-0.225869	0.623538
0.388190	2.349631
0.128305	0.502597
-0.406675	1.106874
0.425706	1.207949
-0.094749	0.476959
-0.432101	2.076815
0.257434	0.676939
-0.306966	0.781088
0.457962	1.743111
0.039204	0.450623
-0.449020	1.401393
0.369451	0.956798
-0.182964	0.562439
0.182084	2.976836
0.172238	0.548455
-0.377347	0.985279
0.445457	1.359057
-0.050221	0.454258
-0.455647	1.802012
0.297404	0.758966
-0.267493	0.696828
0.440794	2.000832
0.083763	0.469783
-0.431049	1.244815
0.399912	1.074616
-0.139220	0.513111
-0.363725	2.462430
0.215361	0.606948
-0.343826	0.877966
0.457260	1.534533
-0.005612	0.445410
-0.458612	1.583671
0.335003	0.851258
-0.226009	0.623950
0.388439	2.348287
0.128155	0.502344
-0.406766	1.107428
0.425625	1.207390
-0.094900	0.477150
-0.431900	2.078227
0.257232	0.677123
-0.307091	0.781590
0.457929	1.742556
0.039051	0.450544
-0.449083	1.401955
0.369345	0.956256
-0.183166	0.562308
0.184520	2.972542
0.172092	0.548126
-0.377450	0.985824
0.445390	1.358496
-0.050373	0.454360
-0.455495	1.803459
0.297277	0.758473
-0.267626	0.697291
0.440982	1.999407
0.083612	0.469616
-0.431126	1.245374
0.399818	1.074064
-0.139368	0.513384
-0.363457	2.463728
0.215220	0.606551
-0.344028	0.877716
0.457209	1.533973
-0.005764	0.445422
-0.458500	1.585128
0.334801	0.851502
-0.226149	0.624363
0.388923	2.346104
0.127956	0.502438
-0.406857	1.107983
0.425544	1.206832
-0.095098	0.477080
-0.431905	2.078762
0.257097	0.676671
-0.307215	0.782092
0.458070	1.741105
0.038854	0.450573
-0.449146	1.402516
0.369239	0.955715
-0.183311	0.562656
0.186655	2.968709
0.171891	0.548249
-0.377553	0.986369
0.445323	1.357935
-0.050571	0.454323
-0.455523	1.804012
0.297150	0.757979
-0.267759	0.697755
0.440970	1.998866
0.083414	0.469677
-0.431204	1.245934
0.399723	1.073511
-0.139517	0.513658
-0.362941	2.465838
0.215079	0.606155
-0.344142	0.878244
0.457311	1.532516
-0.005916	0.445434
-0.458547	1.585688
0.334684	0.850979
-0.226351	0.624201
0.389172	2.344760
0.127807	0.502186
-0.406948	1.108537
0.425462	1.206273
-0.095249	0.477271
-0.431703	2.080174
0.256962	0.676220
-0.307340	0.782595
0.458037	1.740550
0.038702	0.450494
-0.449209	1.403077
0.369133	0.955174
-0.183456	0.563004
0.189083	2.964324
0.171745	0.547920
-0.377656	0.986914
0.445256	1.357374
-0.050723	0.454426
-0.455370	1.805459
0.297023	0.757486
-0.267962	0.697564
0.441158	1.997440
0.083262	0.469510
-0.431281	1.246493
0.399629	1.072959
-0.139717	0.513557
-0.362425	2.467946
0.214877	0.606308
-0.344257	0.878773
0.457260	1.531956
-0.006113	0.445430
-0.458594	1.586247
0.334566	0.850457
-0.226491	0.624614
0.389420	2.343415
0.127657	0.501934
-0.407038	1.109092
0.425381	1.205715
-0.095400	0.477462
-0.431501	2.081585
0.256827	0.675769
-0.307464	0.783097
0.458004	1.739994
0.038550	0.450416
-0.449272	1.403638
0.368931	0.955444
-0.183601	0.563353
0.191211	2.960411
0.171599	0.547592
-0.377759	0.987459
0.445189	1.356813
-0.050875	0.454529
-0.455398	1.806011
0.296821	0.757700
-0.268095	0.698028
0.441346	1.996015
0.083111	0.469343
-0.431359	1.247053
0.399535	1.072407
-0.139865	0.513831
-0.362155	2.469242
0.214735	0.605912
-0.344371	0.879302
0.457209	1.531395
-0.006266	0.445443
-0.458640	1.586807
0.334449	0.849935
-0.226631	0.625027
0.389669	2.342069
0.127458	0.502027
-0.407129	1.109647
0.425300	1.205156
-0.095598	0.477392
-0.431298	2.082997
0.256624	0.675952
-0.307667	0.782876
0.458144	1.738543
0.038353	0.450445
-0.449335	1.404200
0.368824	0.954903
-0.183802	0.563222
0.193633	2.955938
0.171398	0.547715
-0.377862	0.988005
0.445122	1.356252
-0.051072	0.454491
-0.455426	1.806564
0.296694	0.757207
-0.268228	0.698492
0.441333	1.995473
0.082913	0.469404
-0.431561	1.246735
0.399440	1.071854
-0.140014	0.514105
-0.361638	2.471347
0.214594	0.605516
-0.344485	0.879830
0.457158	1.530835
-0.006418	0.445456
-0.458687	1.587366
0.334332	0.849412
-0.226771	0.625440
0.390151	2.339883
0.127308	0.501776
-0.407331	1.109347
0.425219	1.204598
-0.095749	0.477584
-0.431303	2.083531
0.256489	0.675501
-0.307791	0.783378
0.458111	1.737988
0.038200	0.450367
-0.449397	1.404761
0.368718	0.954362
-0.183947	0.563571
0.195755	2.951947
0.171251	0.547387
-0.378064	0.987727
0.445055	1.355691
-0.051224	0.454595
-0.455273	1.808011
0.296567	0.756714
-0.268360	0.698957
0.441520	1.994047
0.082762	0.469238
-0.431638	1.247295
0.399346	1.071302
-0.140214	0.514004
-0.361121	2.473452
0.214452	0.605121
-0.344687	0.879579
0.457106	1.530275
-0.006615	0.445452
-0.458574	1.588823
0.334130	0.849655
-0.226973	0.625279
0.390398	2.338536
0.127159	0.501525
-0.407421	1.109901
0.425137	1.204040
-0.095900	0.477776
-0.431100	2.084942
0.256354	0.675051
-0.307915	0.783881
0.458078	1.737432
0.038048	0.450290
-0.449460	1.405322
0.368612	0.953821
-0.184092	0.563921
0.197579	2.948452
0.171105	0.547059
-0.378167	0.988272
0.444988	1.355130
-0.051376	0.454700
-0.455300	1.808563
0.296440	0.756222
-0.268563	0.698765
0.441508	1.993506
0.082611	0.469072
-0.431715	1.247855
0.399144	1.071596
-0.140362	0.514279
-0.360850	2.474745
0.214250	0.605274
-0.344801	0.880108
0.457055	1.529714
-0.006768	0.445465
-0.458620	1.589382
0.334012	0.849133
-0.227113	0.625692
0.390646	2.337189
0.126960	0.501618
-0.407512	1.110456
0.425056	1.203481
-0.096098	0.477705
-0.430897	2.086353
0.256219	0.674600
-0.308039	0.784384
0.458218	1.735980
0.037851	0.450319
-0.449523	1.405883
0.368505	0.953280
-0.184293	0.563789
0.199695	2.944394
0.170904	0.547181
-0.378270	0.988818
0.444920	1.354569
-0.051573	0.454662
-0.455147	1.810010
0.296237	0.756435
-0.268696	0.699230
0.441695	1.992080
0.082459	0.468907
-0.431793	1.248414
0.399050	1.071044
-0.140511	0.514554
-0.360331	2.476847
0.214109	0.604879
-0.344916	0.880637
0.457003	1.529154
-0.006920	0.445480
-0.458667	1.589942
0.333895	0.848611
-0.227252	0.626106
0.390893	2.335842
0.126810	0.501368
-0.407603	1.111011
0.424974	1.202923
-0.096249	0.477898
-0.430693	2.087764
0.256016	0.674783
-0.308242	0.784162
0.458184	1.735425
0.037699	0.450242
-0.449585	1.406444
0.368399	0.952739
-0.184438	0.564139
0.201808	2.940299
0.170758	0.546854
-0.378373	0.989363
0.444853	1.354008
-0.051725	0.454766
-0.455174	1.810562
0.296110	0.755943
-0.268829	0.699695
0.441881	1.990653
0.082261	0.468967
-0.431870	1.248974
0.398955	1.070491
-0.140659	0.514830
-0.360060	2.478138
0.213967	0.604484
-0.345030	0.881166
0.457104	1.527697
-0.007117	0.445475
-0.458713	1.590501
0.333777	0.848089
-0.227455	0.625944
0.391373	2.333652
0.126661	0.501118
-0.407693	1.111565
0.424893	1.202364
-0.096400	0.478091
-0.430698	2.088298
0.255881	0.674333
-0.308366	0.784665
0.458150	1.734870
0.037547	0.450166
-0.449648	1.407006
0.368197	0.953008
-0.184583	0.564489
0.203625	2.936716
0.170612	0.546527
-0.378476	0.989908
0.444786	1.353447
-0.051877	0.454872
-0.455202	1.811114
0.295983	0.755450
-0.268961	0.700160
0.441869	1.990112
0.082110	0.468802
-0.431947	1.249533
0.398861	1.069939
-0.140859	0.514728
-0.359541	2.480237
0.213765	0.604636
-0.345144	0.881695
0.457053	1.527137
-0.007269	0.445489
-0.458759	1.591061
0.333660	0.847568
-0.227594	0.626358
0.391620	2.332303
0.126462	0.501210
-0.407784	1.112120
0.424811	1.201806
-0.096598	0.478020
-0.430494	2.089708
0.255746	0.673883
-0.308490	0.785168
0.458290	1.733418
0.037349	0.450194
-0.449569	1.408458
0.368090	0.952468
-0.184784	0.564357
0.205732	2.932556
0.170466	0.546200
-0.378578	0.990454
0.444718	1.352886
-0.052075	0.454833
-0.455048	1.812561
0.295856	0.754959
-0.269164	0.699968
0.442055	1.988685
0.081959	0.468638
-0.432024	1.250093
0.398766	1.069387
-0.141007	0.515004
-0.359021	2.482335
0.213624	0.604242
-0.345346	0.881444
0.457001	1.526576
-0.007422	0.445505
-0.458646	1.592518
0.333458	0.847810
-0.227734	0.626773
0.391866	2.330954
0.126312	0.500961
-0.407874	1.112675
0.424729	1.201248
-0.096749	0.478214
-0.430290	2.091118
0.255543	0.674066
-0.308614	0.785671
0.458256	1.732862
0.037197	0.450119
-0.449632	1.409020
0.367984	0.951927
-0.184929	0.564708
0.207544	2.928916
0.170265	0.546322
-0.378681	0.990999
0.444651	1.352325
-0.052227	0.454939
-0.455075	1.813113
0.295653	0.755171
-0.269297	0.700433
0.442042	1.988143
0.081761	0.468698
-0.432101	1.250652
0.398671	1.068835
-0.141156	0.515281
-0.358500	2.484431
0.213482	0.603848
-0.345460	0.881973
0.456949	1.526016
-0.007619	0.445499
-0.458692	1.593077
0.333340	0.847288
-0.227873	0.627187
0.392112	2.329605
0.126163	0.500712
-0.407964	1.113230
0.424648	1.200689
-0.096900	0.478408
-0.430086	2.092528
0.255408	0.673616
-0.308817	0.785449
0.458222	1.732307
0.037045	0.450044
-0.449694	1.409581
0.367877	0.951386
-0.185074	0.565059
0.209353	2.925250
0.170119	0.545996
-0.378883	0.990721
0.444583	1.351764
-0.052379	0.455045
-0.455102	1.813665
0.295526	0.754679
-0.269429	0.700899
0.442228	1.986716
0.081609	0.468534
-0.432178	1.251212
0.398577	1.068283
-0.141356	0.515178
-0.358228	2.485719
0.213341	0.603454
-0.345574	0.882503
0.456898	1.525455
-0.007771	0.445515
-0.458738	1.593636
0.333222	0.846767
-0.228076	0.627025
0.392591	2.327412
0.126013	0.500464
-0.408055	1.113785
0.424566	1.200131
-0.097051	0.478603
-0.430091	2.093061
0.255273	0.673167
-0.308941	0.785952
0.458361	1.730855
0.036893	0.449969
-0.449756	1.410142
0.367770	0.950845
-0.185219	0.565410
0.211159	2.921559
0.169972	0.545670
-0.378985	0.991267
0.444516	1.351203
-0.052531	0.455152
-0.454948	1.815112
0.295399	0.754188
-0.269562	0.701365
0.442413	1.985289
0.081458	0.468371
-0.432255	1.251772
0.398482	1.067730
-0.141504	0.515455
-0.357706	2.487812
0.213139	0.603606
-0.345688	0.883032
0.456846	1.524895
-0.007924	0.445531
-0.458783	1.594196
0.333105	0.846246
-0.228215	0.627440
0.392837	2.326061
0.125814	0.500555
-0.408145	1.114340
0.424484	1.199573
-0.097249	0.478531
-0.429886	2.094471
0.255138	0.672718
-0.309065	0.786456
0.458327	1.730299
0.036696	0.449996
-0.449818	1.410703
0.367663	0.950305
-0.185420	0.565278
0.212963	2.917841
0.169772	0.545792
-0.379088	0.991812
0.444448	1.350642
-0.052728	0.455113
-0.454975	1.815664
0.295272	0.753696
-0.269764	0.701172
0.442400	1.984747
0.081260	0.468431
-0.432332	1.252331
0.398387	1.067178
-0.141653	0.515733
-0.357184	2.489904
0.212997	0.603213
-0.345801	0.883562
0.456946	1.523438
-0.008076	0.445548
-0.458829	1.594755
0.332902	0.846487
-0.228355	0.627855
0.393082	2.324710
0.125665	0.500307
-0.408235	1.114895
0.424282	1.199885
-0.097400	0.478726
-0.429681	2.095880
0.254935	0.672900
-0.309189	0.786960
0.458293	1.729744
0.036543	0.449922
-0.449881	1.411265
0.367557	0.949764
-0.185565	0.565629
0.214765	2.914099
0.169625	0.545466
-0.379191	0.992358
0.444515	1.349193
-0.052880	0.455221
-0.454820	1.817110
0.295144	0.753205
-0.269897	0.701638
0.442585	1.983320
0.081109	0.468268
-0.432409	1.252891
0.398186	1.067472
-0.141853	0.515630
-0.356911	2.491190
0.212855	0.602820
-0.345915	0.884091
0.456894	1.522877
-0.008273	0.445542
-0.458715	1.596212
0.332785	0.845966
-0.228557	0.627692
0.393327	2.323358
0.125515	0.500060
-0.408437	1.114594
0.424200	1.199327
-0.097551	0.478922
-0.429476	2.097289
0.254800	0.672451
-0.309312	0.787464
0.458432	1.728292
0.036391	0.449849
-0.449943	1.411826
0.367355	0.950033
-0.185709	0.565982
0.216564	2.910331
0.169479	0.545141
-0.379293	0.992904
0.444448	1.348632
-0.053032	0.455328
-0.454847	1.817662
0.294942	0.753417
-0.270030	0.702104
0.442572	1.982778
0.080957	0.468105
-0.432485	1.253451
0.398091	1.066920
-0.142001	0.515908
-0.356388	2.493279
0.212653	0.602971
-0.346117	0.883839
0.456842	1.522317
-0.008425	0.445559
-0.458761	1.596771
0.332667	0.845445
-0.228697	0.628108
0.393572	2.322006
0.125316	0.500151
-0.408527	1.115149
0.424118	1.198769
-0.097749	0.478850
-0.429480	2.097822
0.254664	0.672002
-0.309515	0.787241
0.458398	1.727736
0.036194	0.449876
-0.450005	1.412387
0.367248	0.949493
-0.185911	0.565849
0.218361	2.906538
0.169333	0.544816
-0.379395	0.993450
0.444380	1.348071
-0.053230	0.455289
-0.454692	1.819108
0.294815	0.752926
-0.270162	0.702571
0.442757	1.981350
0.080759	0.468165
-0.432562	1.254010
0.397996	1.066368
-0.142150	0.516186
-0.355864	2.495367
0.212512	0.602579
-0.346231	0.884369
0.456790	1.521756
-0.008578	0.445577
-0.458807	1.597331
0.332549	0.844924
-0.228836	0.628524
0.394048	2.319809
0.125166	0.499904
-0.408617	1.115704
0.424036	1.198210
-0.097900	0.479046
-0.429274	2.099230
0.254529	0.671554
-0.309639	0.787745
0.458363	1.727180
0.036042	0.449803
-0.450067	1.412948
0.367141	0.948952
-0.186055	0.566201
0.219864	2.903301
0.169132	0.544938
-0.379498	0.993995
0.444312	1.347510
-0.053382	0.455397
-0.454718	1.819660
0.294687	0.752435
-0.270365	0.702378
0.442941	1.979922
0.080608	0.468003
-0.432639	1.254570
0.397901	1.065816
-0.142298	0.516465
-0.355340	2.497453
0.212370	0.602186
-0.346345	0.884899
0.456738	1.521196
-0.008775	0.445571
-0.458852	1.597890
0.332431	0.844403
-0.228975	0.628940
0.394292	2.318456
0.125017	0.499657
-0.408707	1.116259
0.423954	1.197652
-0.098051	0.479242
-0.429068	2.100639
0.254326	0.671736
-0.309763	0.788249
0.458502	1.725728
0.035890	0.449730
-0.450129	1.413509
0.367034	0.948412
-0.186200	0.566554
0.221656	2.899462
0.168985	0.544614
-0.379700	0.993717
0.444244	1.346949
-0.053534	0.455506
-0.454745	1.820211
0.294560	0.751944
-0.270497	0.702845
0.442928	1.979380
0.080457	0.467841
-0.432715	1.255130
0.397806	1.065264
-0.142498	0.516362
-0.355065	2.498734
0.212228	0.601794
-0.346458	0.885429
0.456685	1.520635
-0.008927	0.445589
-0.458738	1.599347
0.332229	0.844644
-0.229178	0.628777
0.394536	2.317102
0.124817	0.499748
-0.408797	1.116814
0.423872	1.197094
-0.098249	0.479170
-0.428862	2.102047
0.254191	0.671288
-0.309886	0.788754
0.458467	1.725172
0.035692	0.449757
-0.450190	1.414071
0.366927	0.947872
-0.186345	0.566907
0.223156	2.896187
0.168839	0.544290
-0.379802	0.994262
0.444176	1.346388
-0.053731	0.455466
-0.454589	1.821657
0.294357	0.752156
-0.270629	0.703312
0.443112	1.977951
0.080258	0.467900
-0.432792	1.255690
0.397711	1.064712
-0.142646	0.516641
-0.354540	2.500818
0.212026	0.601945
-0.346572	0.885959
0.456633	1.520075
-0.009080	0.445608
-0.458783	1.599906
0.332111	0.844123
-0.229317	0.629193
0.394780	2.315748
0.124668	0.499502
-0.408887	1.117369
0.423790	1.196536
-0.098400	0.479367
-0.428866	2.102579
0.254055	0.670840
-0.310089	0.788530
0.458432	1.724617
0.035540	0.449685
-0.450252	1.414632
0.366820	0.947332
-0.186546	0.566774
0.224943	2.892303
0.168638	0.544411
-0.379904	0.994808
0.444108	1.345827
-0.053883	0.455575
-0.454616	1.822209
0.294230	0.751665
-0.270762	0.703779
0.443098	1.977409
0.080107	0.467739
-0.432868	1.256249
0.397615	1.064160
-0.142795	0.516921
-0.354015	2.502900
0.211884	0.601553
-0.346774	0.885706
0.456733	1.518618
-0.009277	0.445601
-0.458828	1.600465
0.331993	0.843603
-0.229456	0.629610
0.395024	2.314394
0.124518	0.499256
-0.408977	1.117924
0.423708	1.195978
-0.098550	0.479564
-0.428660	2.103987
0.253920	0.670392
-0.310213	0.789035
0.458398	1.724061
0.035388	0.449613
-0.450314	1.415193
0.366618	0.947600
-0.186691	0.567128
0.226439	2.888991
0.168492	0.544087
-0.380006	0.995354
0.444040	1.345266
-0.054035	0.455685
-0.454460	1.823655
0.294102	0.751175
-0.270965	0.703585
0.443282	1.975980
0.079956	0.467578
-0.432945	1.256809
0.397520	1.063608
-0.142995	0.516817
-0.353489	2.504980
0.211743	0.601162
-0.346888	0.886236
0.456680	1.518058
-0.009429	0.445620
-0.458874	1.601024
0.331875	0.843082
-0.229659	0.629446
0.395498	2.312193
0.124319	0.499347
-0.409067	1.118479
0.423626	1.195419
-0.098749	0.479492
-0.428453	2.105394
0.253717	0.670574
-0.310336	0.789539
0.458536	1.722608
0.035191	0.449639
-0.450234	1.416646
0.366511	0.947060
-0.186835	0.567482
0.227933	2.885660
0.168345	0.543764
-0.380109	0.995900
0.443972	1.344706
-0.054232	0.455645
-0.454486	1.824206
0.293975	0.750685
-0.271097	0.704053
0.443466	1.974552
0.079805	0.467418
-0.433021	1.257369
0.397425	1.063056
-0.143143	0.517097
-0.353213	2.506258
0.211541	0.601313
-0.347001	0.886766
0.456628	1.517497
-0.009581	0.445640
-0.458919	1.601584
0.331757	0.842562
-0.229798	0.629864
0.395741	2.310838
0.124170	0.499101
-0.409156	1.119034
0.423543	1.194861
-0.098900	0.479690
-0.428246	2.106801
0.253582	0.670126
-0.310460	0.790044
0.458501	1.722053
0.035038	0.449568
-0.450296	1.417207
0.366404	0.946520
-0.187037	0.567348
0.229713	2.881712
0.168145	0.543885
-0.380211	0.996446
0.443903	1.344145
-0.054384	0.455755
-0.454512	1.824758
0.293772	0.750896
-0.271229	0.704520
0.443452	1.974009
0.079606	0.467477
-0.433098	1.257929
0.397223	1.063349
-0.143291	0.517378
-0.352686	2.508335
0.211399	0.600922
-0.347115	0.887297
0.456575	1.516936
-0.009778	0.445633
-0.458804	1.603040
0.331555	0.842802
-0.229937	0.630281
0.395984	2.309482
0.124020	0.498856
-0.409246	1.119589
0.423461	1.194303
-0.099050	0.479888
-0.428039	2.108208
0.253446	0.669679
-0.310583	0.790549
0.458466	1.721497
0.034886	0.449498
-0.450357	1.417769
0.366296	0.945980
-0.187181	0.567702
0.231203	2.878344
0.167998	0.543562
-0.380313	0.996993
0.443835	1.343584
-0.054536	0.455866
-0.454356	1.826203
0.293644	0.750406
-0.271361	0.704988
0.443635	1.972580
0.079455	0.467317
-0.433174	1.258488
0.397128	1.062797
-0.143491	0.517274
-0.352158	2.510411
0.211257	0.600531
-0.347228	0.887827
0.456522	1.516376
-0.009931	0.445653
-0.458849	1.603599
0.331437	0.842282
-0.230077	0.630699
0.396226	2.308125
0.123871	0.498612
-0.409336	1.120144
0.423379	1.193745
-0.099201	0.480087
-0.428042	2.108740
0.253244	0.669860
-0.310786	0.790325
0.458603	1.720044
0.034689	0.449524
-0.450419	1.418330
0.366189	0.945440
-0.187326	0.568057
0.232691	2.874960
0.167852	0.543239
-0.380514	0.996713
0.443767	1.343023
-0.054734	0.455825
-0.454382	1.826755
0.293517	0.749916
-0.271564	0.704794
0.443621	1.972037
0.079304	0.467158
-0.433250	1.259048
0.397033	1.062245
-0.143640	0.517555
-0.351630	2.512485
0.211115	0.600140
-0.347430	0.887574
0.456470	1.515815
-0.010083	0.445674
-0.458894	1.604159
0.331319	0.841762
-0.230279	0.630535
0.396468	2.306768
0.123671	0.498702
-0.409425	1.120700
0.423296	1.193187
-0.099400	0.480014
-0.427835	2.110146
0.253108	0.669413
-0.310909	0.790830
0.458568	1.719488
0.034537	0.449453
-0.450480	1.418891
0.366082	0.944900
-0.187527	0.567923
0.234177	2.871559
0.167705	0.542917
-0.380617	0.997259
0.443698	1.342462
-0.054886	0.455937
-0.454225	1.828200
0.293389	0.749426
-0.271696	0.705262
0.443804	1.970608
0.079106	0.467216
-0.433326	1.259608
0.396937	1.061694
-0.143788	0.517836
-0.351101	2.514557
0.210913	0.600291
-0.347543	0.888104
0.456568	1.514359
-0.010280	0.445666
-0.458939	1.604718
0.331201	0.841242
-0.230418	0.630953
0.396710	2.305411
0.123522	0.498458
-0.409627	1.120398
0.423214	1.192629
-0.099550	0.480213
-0.427627	2.111552
0.252972	0.668967
-0.311033	0.791336
0.458533	1.718932
0.034385	0.449384
-0.450542	1.419452
0.365880	0.945168
-0.187672	0.568278
0.235661	2.868142
0.167504	0.543038
-0.380718	0.997806
0.443630	1.341901
-0.055038	0.456048
-0.454251	1.828751
0.293186	0.749637
-0.271828	0.705731
0.443986	1.969178
0.078954	0.467057
-0.433402	1.260168
0.396842	1.061142
-0.143988	0.517732
-0.350824	2.515830
0.210771	0.599901
-0.347657	0.888635
0.456516	1.513798
-0.010433	0.445688
-0.458984	1.605277
0.331082	0.840722
-0.230557	0.631371
0.397182	2.303206
0.123372	0.498215
-0.409717	1.120953
0.423131	1.192071
-0.099701	0.480412
-0.427419	2.112958
0.252837	0.668520
-0.311156	0.791841
0.458670	1.717479
0.034232	0.449314
-0.450603	1.420014
0.365773	0.944628
-0.187816	0.568633
0.236857	2.865324
0.167358	0.542716
-0.380820	0.998352
0.443561	1.341340
-0.055189	0.456160
-0.454277	1.829303
0.293059	0.749148
-0.271960	0.706199
0.443972	1.968635
0.078803	0.466899
-0.433478	1.260728
0.396746	1.060590
-0.144136	0.518013
-0.350294	2.517900
0.210629	0.599511
-0.347770	0.889165
0.456463	1.513237
-0.010585	0.445709
-0.458868	1.606733
0.330880	0.840962
-0.230697	0.631789
0.397424	2.301847
0.123173	0.498304
-0.409806	1.121508
0.423049	1.191513
-0.099899	0.480339
-0.427422	2.113490
0.252634	0.668701
-0.311359	0.791617
0.458635	1.716924
0.034035	0.449340
-0.450664	1.420575
0.365665	0.944088
-0.187961	0.568989
0.238337	2.861876
0.167211	0.542395
-0.380922	0.998898
0.443493	1.340779
-0.055387	0.456119
-0.454120	1.830748
0.292931	0.748658
-0.272163	0.706005
0.444154	1.967206
0.078605	0.466957
-0.433555	1.261288
0.396651	1.060039
-0.144284	0.518295
-0.349764	2.519968
0.210427	0.599661
-0.347883	0.889696
0.456410	1.512677
-0.010737	0.445732
-0.458912	1.607293
0.330762	0.840442
-0.230899	0.631625
0.397665	2.300489
0.123023	0.498061
-0.409896	1.122064
0.422966	1.190955
-0.100050	0.480539
-0.427214	2.114895
0.252498	0.668255
-0.311482	0.792122
0.458599	1.716368
0.033883	0.449271
-0.450726	1.421136
0.365558	0.943549
-0.188162	0.568855
0.239816	2.858412
0.167011	0.542515
-0.381024	0.999445
0.443424	1.340218
-0.055539	0.456232
-0.454145	1.831299
0.292803	0.748169
-0.272295	0.706474
0.444140	1.966662
0.078454	0.466799
-0.433630	1.261847
0.396555	1.059487
-0.144433	0.518578
-0.349233	2.522034
0.210285	0.599272
-0.347996	0.890227
0.456357	1.512116
-0.010934	0.445724
-0.458957	1.607852
0.330643	0.839922
-0.231038	0.632044
0.397906	2.299129
0.122874	0.497819
-0.409985	1.122619
0.422883	1.190397
-0.100201	0.480740
-0.427005	2.116300
0.252363	0.667809
-0.311605	0.792628
0.458736	1.714915
0.033731	0.449203
-0.450787	1.421697
0.365450	0.943009
-0.188307	0.569211
0.241007	2.855557
0.166864	0.542194
-0.381126	0.999991
0.443356	1.339657
-0.055691	0.456345
-0.453988	1.832744
0.292600	0.748379
-0.272427	0.706943
0.444322	1.965232
0.078302	0.466642
-0.433706	1.262407
0.396459	1.058936
-0.144633	0.518473
-0.348702	2.524099
0.210143	0.598882
-0.348198	0.889973
0.456304	1.511555
-0.011087	0.445746
-0.459002	1.608411
0.330525	0.839403
-0.231177	0.632463
0.398146	2.297770
0.122674	0.497908
-0.410074	1.123174
0.422800	1.189839
-0.100399	0.480666
-0.426796	2.117705
0.252227	0.667363
-0.311729	0.793134
0.458700	1.714359
0.033534	0.449228
-0.450848	1.422259
0.365343	0.942470
-0.188451	0.569567
0.242482	2.852063
0.166718	0.541874
-0.381328	0.999711
0.443287	1.339096
-0.055888	0.456304
-0.454013	1.833295
0.292473	0.747890
-0.272630	0.706748
0.444307	1.964689
0.078104	0.466700
-0.433782	1.262967
0.396258	1.059228
-0.144781	0.518756
-0.348170	2.526162
0.210001	0.598493
-0.348312	0.890504
0.456251	1.510995
-0.011239	0.445770
-0.458885	1.609867
0.330407	0.838883
-0.231379	0.632298
0.398387	2.296410
0.122525	0.497666
-0.410164	1.123730
0.422718	1.189281
-0.100550	0.480867
-0.426587	2.119110
0.252024	0.667543
-0.311931	0.792909
0.458665	1.713802
0.033381	0.449160
-0.450909	1.422820
0.365141	0.942737
-0.188653	0.569432
0.243955	2.848554
0.166517	0.541993
-0.381429	1.000257
0.443218	1.338535
-0.056040	0.456417
-0.453855	1.834740
0.292345	0.747402
-0.272762	0.707217
0.444488	1.963259
0.077953	0.466543
-0.433858	1.263527
0.396162	1.058676
-0.144929	0.519040
-0.347891	2.527429
0.209799	0.598643
-0.348425	0.891035
0.456348	1.509538
-0.011436	0.445761
-0.458930	1.610426
0.330204	0.839123
-0.231519	0.632718
0.398627	2.295049
0.122375	0.497424
-0.410253	1.124285
0.422635	1.188723
-0.100701	0.481069
-0.426590	2.119641
0.251888	0.667098
-0.312055	0.793415
0.458800	1.712349
0.033229	0.449093
-0.450828	1.424273
0.365033	0.942197
-0.188797	0.569789
0.245142	2.845661
0.166370	0.541673
-0.381531	1.000804
0.443150	1.337975
-0.056192	0.456531
-0.453880	1.835291
0.292217	0.746913
-0.272894	0.707686
0.444670	1.961828
0.077801	0.466386
-0.433934	1.264087
0.396066	1.058125
-0.145129	0.518935
-0.347358	2.529489
0.209657	0.598255
-0.348538	0.891566
0.456295	1.508978
-0.011589	0.445785
-0.458974	1.610985
0.330086	0.838603
-0.231658	0.633137
0.399096	2.292839
0.122176	0.497513
-0.410342	1.124840
0.422552	1.188165
-0.100899	0.480995
-0.426380	2.121045
0.251753	0.666653
-0.312178	0.793921
0.458765	1.711793
0.033032	0.449118
-0.450889	1.424835
0.364925	0.941658
-0.188942	0.570147
0.246611	2.842124
0.166224	0.541353
-0.381633	1.001351
0.443081	1.337414
-0.056390	0.456490
-0.453906	1.835842
0.292014	0.747123
-0.273026	0.708156
0.444655	1.961285
0.077650	0.466230
-0.434010	1.264647
0.395971	1.057573
-0.145277	0.519219
-0.346825	2.531547
0.209515	0.597866
-0.348651	0.892098
0.456242	1.508417
-0.011741	0.445809
-0.459018	1.611544
0.329967	0.838084
-0.231797	0.633557
0.399336	2.291477
0.122026	0.497272
-0.410431	1.125396
0.422469	1.187607
-0.101050	0.481197
-0.426171	2.122449
0.251550	0.666833
-0.312301	0.794428
0.458729	1.711237
0.032880	0.449051
-0.450949	1.425396
0.364818	0.941119
-0.189086	0.570504
0.247795	2.839207
0.166077	0.541034
-0.381734	1.001897
0.443012	1.336853
-0.056542	0.456604
-0.453747	1.837286
0.291886	0.746634
-0.273228	0.707961
0.444836	1.959854
0.077452	0.466288
-0.434085	1.265207
0.395875	1.057022
-0.145426	0.519503
-0.346291	2.533604
0.209313	0.598016
-0.348853	0.891843
0.456188	1.507856
-0.011938	0.445800
-0.459063	1.612103
0.329849	0.837565
-0.231999	0.633392
0.399575	2.290116
0.121877	0.497031
-0.410520	1.125951
0.422267	1.187918
-0.101200	0.481399
-0.425961	2.123853
0.251414	0.666388
-0.312424	0.794934
0.458693	1.710681
0.032727	0.448985
-0.451010	1.425957
0.364710	0.940579
-0.189287	0.570369
0.248977	2.836280
0.165876	0.541154
-0.381836	1.002444
0.442943	1.336292
-0.056693	0.456719
-0.453772	1.837837
0.291758	0.746146
-0.273360	0.708430
0.444821	1.959310
0.077301	0.466132
-0.434161	1.265767
0.395779	1.056471
-0.145626	0.519397
-0.345757	2.535658
0.209171	0.597628
-0.348966	0.892375
0.456135	1.507296
-0.012090	0.445825
-0.458946	1.613560
0.329730	0.837046
-0.232138	0.633812
0.399814	2.288753
0.121727	0.496790
-0.410609	1.126507
0.422184	1.187360
-0.101399	0.481325
-0.425750	2.125256
0.251278	0.665943
-0.312626	0.794709
0.458828	1.709228
0.032530	0.449009
-0.451071	1.426518
0.364602	0.940040
-0.189432	0.570727
0.250441	2.832702
0.165730	0.540835
-0.381937	1.002991
0.442874	1.335731
-0.056891	0.456677
-0.453614	1.839281
0.291630	0.745658
-0.273492	0.708900
0.445001	1.957879
0.077149	0.465977
-0.434236	1.266327
0.395683	1.055919
-0.145774	0.519682
-0.345222	2.537711
0.209029	0.597240
-0.349078	0.892906
0.456081	1.506735
-0.012243	0.445850
-0.458990	1.614119
0.329528	0.837285
-0.232277	0.634233
0.400053	2.287390
0.121528	0.496879
-0.410698	1.127062
0.422101	1.186802
-0.101550	0.481527
-0.425753	2.125787
0.251142	0.665499
-0.312750	0.795215
0.458793	1.708671
0.032378	0.448943
-0.451132	1.427079
0.364400	0.940307
-0.189576	0.571085
0.251621	2.829752
0.165583	0.540516
-0.382038	1.003537
0.442805	1.335170
-0.057043	0.456793
-0.453639	1.839832
0.291427	0.745867
-0.273624	0.709371
