0.378702	1.273840
0.190787	-0.171160
-0.165324	-0.228613
-0.387343	1.081028
0.306503	0.216193
-0.024784	-0.402532
-0.338769	0.388366
0.383415	0.813925
0.121079	-0.310706
-0.231343	-0.060603
-0.310313	1.750073
0.247521	-0.010810
-0.102063	-0.338112
-0.377351	0.716960
0.350656	0.465310
0.045098	-0.393284
-0.291937	0.153433
0.382778	1.209025
0.182868	-0.190133
-0.173406	-0.211306
-0.385809	1.138150
0.299914	0.186565
-0.034120	-0.398910
-0.344334	0.423147
0.380899	0.768708
0.112400	-0.324015
-0.238793	-0.037717
-0.267692	1.914662
0.254951	1.955696
0.240154	-0.034321
-0.110822	-0.326041
-0.380365	0.760745
0.345352	0.429376
0.035812	-0.398193
-0.298673	0.181697
0.385571	1.148024
0.174866	-0.208568
0.083087	-2.279699
-0.181422	-0.192950
-0.383221	1.198502
0.293211	0.157483
-0.043454	-0.394043
-0.349625	0.459794
0.378010	0.724164
0.103657	-0.336208
-0.246171	-0.014289
0.304645	1.775072
0.232714	-0.057289
-0.119518	-0.312849
-0.382933	0.805982
0.339859	0.393769
0.026483	-0.402003
-0.305282	0.211231
0.387184	1.090980
0.166798	-0.225954
-0.189353	-0.174054
-0.379368	1.262694
0.286388	0.129677
-0.052695	-0.388214
-0.354714	0.496733
0.374690	0.681116
0.094820	-0.347607
-0.253475	0.009685
0.330963	1.649211
0.225201	-0.079715
-0.128085	-0.299300
-0.385032	0.852619
0.334145	0.359296
0.017120	-0.404683
-0.311748	0.242035
0.388026	1.035756
0.158618	-0.243273
-0.197203	-0.154631
-0.374009	1.331281
0.279469	0.102428
-0.061875	-0.381354
-0.359541	0.534684
0.370967	0.639617
0.085892	-0.358156
-0.260704	0.034207
0.348332	1.546464
0.217623	-0.100998
-0.136585	-0.284679
-0.386634	0.900601
0.328229	0.325991
0.007736	-0.406214
-0.318083	0.273357
0.388141	0.982420
0.150370	-0.259535
-0.204974	-0.134692
-0.366729	1.405453
0.272460	0.075744
-0.071022	-0.373282
-0.364092	0.573601
0.366925	0.598948
0.076876	-0.367802
-0.267856	0.059279
0.360627	1.457675
0.209974	-0.121771
-0.144987	-0.269401
-0.387714	0.949877
0.322155	0.293129
-0.001658	-0.406583
-0.324279	0.305168
0.387477	0.931796
0.142028	-0.275201
-0.212670	-0.114242
-0.356743	1.487631
0.265363	0.049629
-0.080091	-0.364219
-0.368352	0.613432
0.362579	0.559162
0.067778	-0.376489
-0.274921	0.085601
0.369704	1.377833
0.202237	-0.142607
-0.153294	-0.253504
-0.388047	1.001909
0.315906	0.261492
-0.011051	-0.405789
-0.330296	0.338193
0.386180	0.883193
0.133591	-0.290233
-0.220302	-0.092673
-0.342803	1.581213
0.258181	0.024763
-0.089040	-0.354498
-0.372239	0.654899
0.357944	0.520309
0.058642	-0.383979
-0.281897	0.112491
0.376170	1.306181
0.194436	-0.162341
-0.161532	-0.236544
-0.387786	1.055119
0.309521	0.230354
-0.020428	-0.403836
-0.336116	0.372409
0.384457	0.835138
0.125055	-0.304592
-0.227852	-0.071190
-0.323054	1.690067
0.250922	0.000447
-0.097937	-0.343639
-0.375798	0.697177
0.353035	0.482439
0.049400	-0.390625
-0.288780	0.139944
0.381037	1.238771
0.186555	-0.181554
-0.169655	-0.219488
-0.386683	1.110948
0.302987	0.200478
-0.029781	-0.400740
-0.341763	0.407020
0.382162	0.789213
0.116453	-0.317872
-0.235337	-0.048558
-0.291220	1.829713
0.188056	2.126875
0.243590	-0.023321
-0.106774	-0.331618
-0.379015	0.740214
0.347869	0.445600
0.040139	-0.396037
-0.295549	0.168674
0.384320	1.176562
0.178591	-0.200235
-0.010940	-2.315016
-0.177712	-0.201383
-0.384559	1.170055
0.296337	0.171138
-0.039135	-0.396399
-0.347187	0.442750
0.379407	0.744707
0.107722	-0.330767
-0.242749	-0.025385
-0.216162	2.063078
0.286519	1.847890
0.236184	-0.046544
-0.115482	-0.319128
-0.381800	0.784729
0.342461	0.409836
0.030829	-0.400364
-0.302209	0.197960
0.386611	1.116765
0.170563	-0.217867
-0.185663	-0.183267
-0.381332	1.232325
0.289577	0.142352
-0.048402	-0.391065
-0.352418	0.478791
0.376290	0.700902
0.098928	-0.342532
-0.250087	-0.001668
0.320307	1.703692
0.228705	-0.069225
-0.124125	-0.305532
-0.384126	0.830668
0.336828	0.375187
0.021480	-0.403574
-0.308753	0.227784
0.387760	1.060979
0.162426	-0.235452
-0.193552	-0.164100
-0.376786	1.298353
0.282701	0.114845
-0.057611	-0.384681
-0.357348	0.516634
0.372755	0.658622
0.090041	-0.353472
-0.257352	0.022596
0.341080	1.591968
0.221162	-0.090754
-0.132640	-0.291618
-0.385969	0.877978
0.331022	0.340930
0.012104	-0.405643
-0.315149	0.258870
0.388166	1.007054
0.154221	-0.251983
-0.201360	-0.144412
-0.370400	1.370105
0.275733	0.087900
-0.066793	-0.377077
-0.362006	0.555467
0.368830	0.617920
0.081065	-0.363534
-0.264541	0.047410
0.355470	1.497262
0.213536	-0.112370
-0.141088	-0.276643
-0.387302	0.926606
0.325019	0.307860
0.002713	-0.406556
-0.321410	0.290459
0.387871	0.955054
0.145923	-0.267932
-0.209104	-0.123622
-0.361700	1.448662
0.268675	0.061523
-0.075862	-0.368698
-0.366374	0.595238
0.364655	0.577304
0.072004	-0.372663
-0.271644	0.073470
0.365853	1.413838
0.205847	-0.132866
-0.149439	-0.261033
-0.388004	0.977259
0.318835	0.276002
-0.006681	-0.406304
-0.327528	0.322519
0.386828	0.905805
0.137530	-0.283267
-0.216760	-0.102894
-0.349828	1.536262
0.261530	0.036398
-0.084887	-0.359143
-0.370440	0.635897
0.360127	0.538369
0.062902	-0.380605
-0.278661	0.100099
0.373356	1.339064
0.198083	-0.152850
-0.157721	-0.244352
-0.388032	1.029877
0.312511	0.244629
-0.016067	-0.404891
-0.333426	0.356537
0.385348	0.857081
0.129041	-0.297948
-0.224352	-0.081040
-0.333269	1.636646
0.254307	0.011824
-0.093825	-0.348678
-0.374187	0.677391
0.355321	0.500394
0.053690	-0.387738
-0.285588	0.127293
0.378918	1.269838
0.190241	-0.172318
-0.165886	-0.227553
-0.387236	1.085143
0.306034	0.214509
-0.025433	-0.402326
-0.339193	0.390207
0.383281	0.810460
0.120453	-0.311931
-0.231864	-0.059280
-0.308247	1.759330
0.247009	-0.012201
-0.102672	-0.337358
-0.377604	0.719669
0.350299	0.462658
0.044455	-0.393643
-0.292419	0.155045
0.382956	1.204982
0.182318	-0.191260
-0.116710	-2.244347
-0.173962	-0.210214
-0.385669	1.142233
0.299438	0.184915
-0.034806	-0.398518
-0.344706	0.425775
0.380743	0.765234
0.111799	-0.324823
-0.239310	-0.036361
-0.263074	1.929870
0.260221	1.939136
0.239638	-0.035680
-0.111425	-0.325237
-0.380524	0.764220
0.344982	0.426745
0.035166	-0.398481
-0.299131	0.184072
0.385715	1.143944
0.174310	-0.209662
0.101836	-2.261507
-0.181973	-0.191826
-0.382926	1.203286
0.292729	0.155867
-0.044097	-0.393688
-0.350029	0.461676
0.377758	0.721455
0.103049	-0.336967
-0.246683	-0.012900
0.306911	1.765251
0.232193	-0.058615
-0.120114	-0.311998
-0.383070	0.809449
0.339474	0.391163
0.025834	-0.402216
-0.305730	0.213647
0.387295	1.086868
0.166214	-0.227508
-0.189899	-0.172899
-0.379030	1.267430
0.285914	0.127382
-0.053334	-0.387790
-0.355057	0.499402
0.374421	0.678406
0.094171	-0.348609
-0.253983	0.011107
0.332540	1.640868
0.224676	-0.081009
-0.128704	-0.298012
-0.385144	0.856073
0.333748	0.356718
0.016470	-0.404821
-0.312211	0.243748
0.388105	1.031615
0.158051	-0.244302
-0.197744	-0.153446
-0.373625	1.335963
0.278987	0.100177
-0.062547	-0.380663
-0.359869	0.537369
0.370681	0.636910
0.085271	-0.358807
-0.261208	0.035662
0.349472	1.539234
0.217094	-0.102261
-0.137168	-0.283745
-0.386722	0.904040
0.327819	0.323444
0.007084	-0.406275
-0.318538	0.275102
0.388090	0.979009
0.149797	-0.260529
-0.205510	-0.133476
-0.366014	1.411491
0.271963	0.074233
-0.071651	-0.372726
-0.364405	0.576297
0.366622	0.596247
0.076250	-0.368392
-0.268350	0.061459
0.361382	1.451695
0.209428	-0.123592
-0.145564	-0.268428
-0.387683	0.954058
0.321734	0.290616
-0.002310	-0.406567
