0.317791	0.581730
-0.008258	-0.247408
-0.325712	0.650826
0.326149	0.654497
0.009139	-0.247245
-0.317252	0.579082
0.332628	0.731180
0.025252	-0.240330
-0.308421	0.521960
0.336260	0.802344
0.037862	-0.229174
-0.301018	0.483886
0.337298	0.855509
0.045429	-0.217505
-0.296277	0.468985
0.336321	0.882905
0.047206	-0.208157
-0.295013	0.476495
0.333978	0.880017
0.043049	-0.202644
-0.297196	0.506823
0.330400	0.848016
0.033424	-0.200653
-0.302277	0.557360
0.325419	0.792404
0.019415	-0.200748
-0.309211	0.623324
0.319011	0.721832
0.002787	-0.201118
-0.316668	0.697681
0.311714	0.646092
-0.014230	-0.200860
-0.323440	0.771096
0.304428	0.576817
-0.029303	-0.200493
-0.328837	0.833123
0.298610	0.520626
-0.040502	-0.201581
-0.332886	0.873227
0.295386	0.483523
-0.046513	-0.205826
-0.335603	0.886062
0.295549	0.467834
-0.046679	-0.213974
-0.337118	0.867908
0.299209	0.475459
-0.040938	-0.225171
-0.336848	0.822086
0.305881	0.506092
-0.029845	-0.236883
-0.334020	0.756460
0.314376	0.558218
-0.014653	-0.245607
-0.328444	0.680148
0.323172	0.625802
0.002601	-0.248157
-0.320578	0.604818
0.330492	0.702341
0.019502	-0.243568
-0.311660	0.541611
0.335266	0.776652
0.033648	-0.233591
-0.303564	0.495498
0.337216	0.837851
0.043246	-0.221667
-0.297673	0.472056
0.336891	0.875896
0.047239	-0.211272
-0.295063	0.471066
0.334986	0.884829
0.045298	-0.204243
-0.296005	0.492652
0.331919	0.863095
0.037631	-0.201110
-0.300088	0.536072
0.327488	0.815493
0.025118	-0.200567
-0.306503	0.596568
0.321611	0.749229
0.009225	-0.201032
-0.313893	0.669095
0.314527	0.674433
-0.007915	-0.201043
-0.321021	0.744243
0.307119	0.601240
-0.023980	-0.200577
-0.326971	0.811822
0.300600	0.539217
-0.036840	-0.200851
-0.331473	0.861464
0.296235	0.495059
-0.044912	-0.203776
-0.334693	0.884962
0.295070	0.471067
-0.047325	-0.210420
-0.336761	0.877926
0.297405	0.470273
-0.043782	-0.220679
-0.337193	0.842342
0.303060	0.492099
-0.034598	-0.232587
-0.335392	0.783165
0.311053	0.536332
-0.020751	-0.242894
-0.330862	0.709401
0.319918	0.599106
-0.003995	-0.248036
-0.323742	0.632403
0.327949	0.673580
0.013326	-0.246099
-0.315049	0.563325
0.333753	0.750079
0.028755	-0.237834
-0.306436	0.510267
0.336737	0.817473
0.040228	-0.226250
-0.299556	0.478144
0.337213	0.864919
0.046425	-0.214862
-0.295630	0.468768
0.335870	0.884950
0.046736	-0.206350
-0.295236	0.482001
0.333220	0.874662
0.041154	-0.201877
-0.298211	0.517537
0.329326	0.836094
0.030326	-0.200553
-0.303899	0.571946
0.323926	0.776385
0.015489	-0.200856
-0.311077	0.640891
0.317291	0.703008
-0.001454	-0.201121
-0.318400	0.716592
0.309843	0.628360
-0.018204	-0.200734
-0.324874	0.788136
0.302838	0.561165
-0.032487	-0.200527
-0.329928	0.845550
0.297551	0.509390
-0.042507	-0.202232
-0.333660	0.879191
0.295108	0.477422
-0.047125	-0.207356
-0.336161	0.883957
0.296092	0.468126
-0.045805	-0.216512
-0.337230	0.859107
0.300577	0.481321
-0.038681	-0.228063
-0.336406	0.807458
0.307841	0.517319
-0.026421	-0.239445
-0.332936	0.737874
0.316579	0.573692
-0.010502	-0.246893
-0.326677	0.661128
0.325168	0.644188
0.006905	-0.247660
-0.318402	0.587954
0.331878	0.721778
0.023323	-0.241488
-0.309573	0.527846
0.336002	0.793311
0.036488	-0.230680
-0.301843	0.487788
0.337350	0.849406
0.044776	-0.218842
-0.296711	0.469606
0.336533	0.881033
0.047320	-0.209131
-0.294966	0.474347
0.334308	0.882476
0.043914	-0.203176
-0.296745	0.501423
0.330935	0.853755
0.034960	-0.200761
-0.301515	0.549325
0.326172	0.800578
0.021429	-0.200718
-0.308271	0.613763
0.319966	0.731101
0.005039	-0.201094
-0.315676	0.688143
0.312662	0.656168
-0.012069	-0.200926
-0.322626	0.761916
0.305378	0.584651
-0.027522	-0.200479
-0.328242	0.825823
0.299246	0.526956
-0.039316	-0.201265
-0.332417	0.869584
0.295652	0.486825
-0.046063	-0.204968
-0.335335	0.885949
0.295290	0.469097
-0.047000	-0.212684
-0.336986	0.872128
0.298530	0.473318
-0.042023	-0.223542
-0.336994	0.829572
0.304864	0.500939
-0.031574	-0.235391
-0.334575	0.765610
0.313225	0.550216
-0.016801	-0.244777
-0.329327	0.690262
0.322068	0.616323
0.000306	-0.248233
-0.321701	0.614163
0.329648	0.692393
0.017388	-0.244571
-0.312854	0.548514
0.334754	0.767935
0.032021	-0.235105
-0.304540	0.500075
0.337106	0.830986
0.042292	-0.223222
-0.298294	0.473525
0.337049	0.872392
0.047058	-0.212424
-0.295209	0.469790
0.335362	0.884972
0.045884	-0.204954
-0.295679	0.488687
0.332321	0.868104
0.038937	-0.201318
-0.299409	0.529185
0.328108	0.823315
0.026966	-0.200618
-0.305533	0.588368
0.322448	0.758702
0.011425	-0.200977
-0.312883	0.659608
0.315462	0.684671
-0.005701	-0.201067
-0.320086	0.735163
0.308050	0.610526
-0.022036	-0.200584
-0.326242	0.804093
0.301328	0.546757
-0.035413	-0.200658
-0.330959	0.856349
0.296633	0.499828
-0.044179	-0.203107
-0.334382	0.883218
0.295005	0.473207
-0.047352	-0.209299
-0.336573	0.880530
0.296908	0.468963
-0.044571	-0.219235
-0.337259	0.848405
0.302138	0.488269
-0.036088	-0.231062
-0.335771	0.792002
0.309932	0.529270
-0.022781	-0.241745
-0.331653	0.719076
0.318776	0.589994
-0.006276	-0.247746
-0.324815	0.641979
0.327018	0.663330
0.011119	-0.246755
-0.316204	0.571765
0.333142	0.740447
0.026930	-0.239169
-0.307494	0.516103
0.336541	0.809251
0.039008	-0.227819
-0.300304	0.481106
0.337310	0.859823
0.045953	-0.216168
-0.295970	0.468372
0.336112	0.884153
0.047035	-0.207251
-0.295096	0.478851
0.333578	0.878151
0.042207	-0.202218
-0.297634	0.511929
0.329894	0.842702
0.031991	-0.200651
-0.303038	0.563931
0.324712	0.785142
0.017591	-0.200800
-0.310066	0.631699
0.318197	0.713160
0.000787	-0.201126
-0.317498	0.706462
0.310854	0.637509
-0.016115	-0.200793
-0.324093	0.779463
0.303693	0.569083
-0.030824	-0.200515
-0.329366	0.839070
0.298118	0.514865
-0.041482	-0.201867
-0.333219	0.876555
0.295235	0.480420
-0.046837	-0.206568
-0.335835	0.885620
0.295785	0.467681
-0.046330	-0.215035
-0.337139	0.864358
0.299816	0.478215
-0.039928	-0.226478
-0.336610	0.815807
0.306776	0.511365
-0.028267	-0.238117
-0.333556	0.747585
0.315423	0.565181
-0.012719	-0.246262
-0.327614	0.671394
0.324100	0.634603
0.004628	-0.247979
-0.319546	0.597016
0.331167	0.711448
0.021310	-0.242652
-0.310689	0.534806
0.335632	0.784585
0.035000	-0.232310
-0.302754	0.491482
0.337291	0.843489
0.043996	-0.220399
-0.297194	0.470763
0.336726	0.878592
0.047325	-0.210220
-0.295017	0.472053
0.334711	0.883680
0.044697	-0.203679
-0.296285	0.497196
0.331455	0.859011
0.036412	-0.200939
-0.300726	0.542358
0.326827	0.809104
0.023410	-0.200642
-0.307278	0.605100
0.320833	0.740920
0.007258	-0.201077
-0.314744	0.677902
0.313674	0.665636
-0.009877	-0.200989
-0.321719	0.753198
0.306286	0.593460
-0.025673	-0.200504
-0.327546	0.818811
0.299916	0.533721
-0.038037	-0.201037
-0.331932	0.865421
0.295916	0.491327
-0.045487	-0.204367
-0.335052	0.885267
0.295176	0.469532
-0.047232	-0.211354
-0.336833	0.875792
0.297896	0.471699
-0.043006	-0.221967
-0.337111	0.836577
0.303879	0.496233
-0.033201	-0.233977
-0.335019	0.775138
0.312081	0.542520
-0.018929	-0.243796
-0.330179	0.700251
0.320948	0.606944
-0.001966	-0.248187
-0.322809	0.623617
0.328772	0.682312
0.015252	-0.245422
-0.314002	0.556431
0.334284	0.758166
0.030314	-0.236598
-0.305497	0.505799
