0.224451	1.078316
-0.058413	0.231938
-0.080049	1.802465
0.098824	0.293660
-0.217868	0.865160
0.212541	0.797425
-0.112256	0.323282
0.124678	1.719202
0.043822	0.217761
-0.222574	1.161263
0.181437	0.569411
-0.159891	0.470524
0.209815	1.341597
-0.013628	0.201820
-0.182686	1.518931
0.138380	0.393688
-0.197932	0.671026
0.224149	1.013423
-0.070298	0.246532
-0.035428	1.846199
0.087417	0.272641
-0.221197	0.923642
0.207230	0.744039
-0.123065	0.350098
0.152813	1.639632
0.031644	0.209262
-0.219007	1.232541
0.173076	0.527409
-0.168939	0.509144
0.216768	1.266171
-0.025907	0.206317
-0.163493	1.601627
0.128020	0.363356
-0.204342	0.720890
0.222439	0.951490
-0.081992	0.263920
0.013211	1.855140
0.075808	0.254095
-0.223348	0.985000
0.201063	0.693648
-0.133561	0.379448
0.174579	1.556977
0.019391	0.203508
-0.213238	1.306580
0.164204	0.487972
-0.177543	0.549946
0.221307	1.193589
-0.038123	0.213581
-0.138431	1.683231
0.117370	0.335191
-0.210064	0.772839
0.219613	0.891805
-0.093494	0.283832
0.060215	1.826386
0.063996	0.238311
-0.224332	1.048449
0.194239	0.645411
-0.143676	0.411644
0.191154	1.474625
0.007070	0.200561
-0.204820	1.383391
0.154906	0.450761
-0.185616	0.593268
0.223741	1.124172
-0.050247	0.223561
-0.106311	1.758818
0.106419	0.309620
-0.214974	0.827203
0.215747	0.834619
-0.104751	0.306439
0.101079	1.768758
0.052033	0.225145
-0.223849	1.114663
0.186801	0.599463
-0.153464	0.445876
0.203502	1.394330
-0.005248	0.200367
-0.193107	1.462989
0.145206	0.415877
-0.193118	0.639018
0.224456	1.057521
-0.062229	0.236364
-0.066422	1.819640
0.095193	0.286694
-0.219013	0.883799
0.210919	0.780143
-0.115736	0.331704
0.134355	1.694554
0.039924	0.214796
-0.221666	1.183713
0.178790	0.555921
-0.162813	0.482832
0.212369	1.317009
-0.017553	0.202983
-0.177222	1.545046
0.135094	0.383771
-0.200078	0.686597
0.223686	0.993581
-0.074063	0.251797
-0.020116	1.853235
0.083719	0.266451
-0.222029	0.942925
0.205347	0.727563
-0.126459	0.359239
0.160357	1.613429
0.027719	0.207154
-0.217525	1.255535
0.170296	0.514447
-0.171737	0.522031
0.218426	1.242772
-0.029815	0.208390
-0.156198	1.627976
0.124639	0.354116
-0.206248	0.737321
0.221639	0.932194
-0.085698	0.270002
0.028738	1.849788
0.072050	0.248718
-0.223845	1.004843
0.198940	0.678020
-0.136822	0.389634
0.180428	1.530397
0.015447	0.202273
-0.210873	1.330816
0.161299	0.475583
-0.180210	0.563364
0.222260	1.171188
-0.042004	0.216548
-0.129015	1.708333
0.113901	0.326672
-0.211712	0.790082
0.218497	0.873141
-0.097134	0.290695
0.074099	1.810463
0.060187	0.233769
-0.224365	1.069259
0.191956	0.630199
-0.146876	0.422120
0.195431	1.448929
0.003138	0.200188
-0.201496	1.408479
0.151837	0.439386
-0.188084	0.607636
0.224156	1.102482
-0.054093	0.227402
-0.094339	1.780498
0.102838	0.302138
-0.216346	0.845202
0.214256	0.817164
-0.108318	0.314055
0.112586	1.746237
0.048159	0.221603
-0.223380	1.136313
0.184307	0.585181
-0.156512	0.457364
0.206609	1.369489
-0.009199	0.200887
-0.188449	1.489238
0.141988	0.405518
-0.195437	0.653834
0.224374	1.036695
-0.066030	0.241064
-0.052271	1.833888
0.091539	0.279971
-0.220089	0.902491
0.209236	0.762955
-0.119224	0.340042
0.143486	1.668871
0.036037	0.211997
-0.220536	1.206536
0.176154	0.542149
-0.165744	0.494909
0.214663	1.292628
-0.021494	0.204384
-0.171119	1.571572
0.131777	0.374065
-0.202102	0.702778
0.223145	0.973740
-0.077811	0.257327
-0.004563	1.856394
0.080001	0.260517
-0.222691	0.962742
0.203337	0.711685
-0.129823	0.368602
0.167385	1.586853
0.023807	0.205253
-0.215677	1.279310
0.167475	0.501665
-0.174493	0.535095
0.219969	1.219198
-0.033736	0.210661
-0.148218	1.654206
0.121229	0.345102
-0.208097	0.753859
0.220765	0.912929
-0.089385	0.276338
0.043817	1.840708
0.068275	0.243607
-0.224161	1.025190
0.196765	0.662519
-0.140090	0.399674
0.185795	1.503882
0.011500	0.201315
-0.208247	1.355243
0.158308	0.463798
-0.182776	0.577396
0.223110	1.148678
-0.045896	0.219674
-0.118707	1.732834
0.110405	0.318393
-0.213300	0.807413
0.217227	0.855040
-0.100723	0.298076
0.087267	1.791973
0.056340	0.229661
-0.224202	1.090533
0.189561	0.615602
-0.149999	0.433182
0.199410	1.423174
-0.000815	0.200113
-0.197746	1.434054
0.148733	0.428210
-0.190506	0.622153
0.224369	1.081234
-0.057924	0.231524
-0.081636	1.800216
0.099263	0.294620
-0.217652	0.863269
0.212783	0.799286
-0.111829	0.322204
0.123359	1.722305
0.044294	0.218199
-0.222702	1.158380
0.181766	0.571059
-0.159524	0.469044
0.209446	1.344772
-0.013128	0.201723
-0.183479	1.515305
0.138777	0.394994
-0.197641	0.669261
0.224105	1.016355
-0.069814	0.246036
-0.037253	1.845091
0.087865	0.273497
-0.221003	0.921734
0.207417	0.746360
-0.122650	0.348925
0.151910	1.642700
0.032120	0.209580
-0.219177	1.229710
0.173420	0.528993
-0.168587	0.507593
0.216577	1.268969
-0.025409	0.206132
-0.164359	1.598345
0.128466	0.364233
-0.204142	0.718592
0.222526	0.953911
-0.081540	0.263117
0.011188	1.855541
0.076264	0.254842
-0.223276	0.982577
0.201343	0.695436
-0.133157	0.378185
0.173905	1.560054
0.019869	0.203704
-0.213582	1.303349
0.164564	0.489488
-0.177207	0.548328
0.221158	1.196449
-0.037628	0.213309
-0.139538	1.680093
0.117791	0.336318
-0.209890	0.770497
0.219729	0.894212
-0.093050	0.282923
0.058415	1.828183
0.064459	0.238946
-0.224290	1.046029
0.194538	0.647151
-0.143286	0.410295
0.190545	1.477964
0.007570	0.200613
-0.205217	1.380280
0.155280	0.452203
-0.185296	0.591590
0.223745	1.126572
-0.049755	0.223204
-0.107845	1.755871
0.106851	0.310649
-0.214826	0.824825
0.215891	0.837002
-0.104317	0.305427
0.099707	1.771297
0.052502	0.225664
-0.223950	1.111757
0.187118	0.601150
-0.153087	0.444448
0.203096	1.397416
-0.004768	0.200316
-0.193558	1.460039
0.145594	0.417240
-0.192880	0.636814
0.224492	1.059940
-0.061765	0.235750
-0.068211	1.817603
0.095634	0.287621
-0.218892	0.881396
0.211167	0.781994
-0.115313	0.330594
0.133233	1.697581
0.040397	0.215196
-0.221808	1.180844
0.179123	0.557549
-0.162450	0.481328
0.212016	1.320221
-0.017074	0.202808
-0.177884	1.541916
0.135495	0.385050
-0.199794	0.684818
0.223753	0.996005
-0.073581	0.251275
-0.021950	1.852592
0.084169	0.267273
-0.221936	0.940505
0.205542	0.729869
-0.126047	0.358036
0.159477	1.616637
0.028217	0.207354
-0.217708	1.252724
0.170645	0.516010
-0.171390	0.520458
0.218248	1.245592
-0.029338	0.208092
-0.157088	1.624827
0.125088	0.354972
-0.206056	0.735008
0.221736	0.934612
-0.085249	0.269165
0.026723	1.850697
0.072508	0.249429
-0.223782	1.002419
0.199226	0.679794
-0.136423	0.388342
0.179775	1.533567
0.015926	0.202430
-0.211233	1.327619
0.161664	0.477076
-0.179879	0.561727
0.222124	1.174063
-0.041531	0.216130
-0.130148	1.705394
0.114326	0.327768
-0.211546	0.787727
0.218622	0.875542
-0.096665	0.290019
0.072500	1.812505
0.060652	0.234367
-0.224333	1.066842
0.192261	0.631923
-0.146489	0.420746
0.194987	1.451904
0.003618	0.200221
-0.201910	1.405414
0.152216	0.440803
-0.187770	0.605941
0.224171	1.104890
-0.053625	0.226866
-0.095899	1.777866
0.103303	0.302854
-0.216206	0.842815
0.214490	0.819036
-0.107857	0.313306
0.111238	1.749053
