0.025427	0.228093
-0.641899	-0.404887
0.290477	0.738556
-0.591439	-0.416215
-0.070714	0.084566
-0.270385	-0.233844
-0.428785	-0.385982
0.097408	0.342673
-0.664596	-0.394121
0.227964	0.567364
-0.543136	-0.415149
-0.139223	-0.017664
-0.205843	-0.125992
-0.487851	-0.405000
0.161776	0.448868
-0.671903	-0.389640
0.165828	0.455888
-0.491415	-0.406168
-0.201781	-0.118755
-0.143430	-0.024297
-0.539867	-0.414668
0.223840	0.558935
-0.665515	-0.393611
0.101825	0.350221
-0.432945	-0.387843
-0.265971	-0.226522
-0.075454	0.077101
-0.588410	-0.416191
0.286630	0.723174
-0.643891	-0.404160
0.030355	0.236008
-0.365142	-0.347993
-0.336161	-0.320802
-0.000311	0.188627
-0.630518	-0.408813
0.308337	0.833031
-0.606610	-0.414378
-0.045701	0.121120
-0.293670	-0.268502
-0.406598	-0.375246
0.073977	0.304725
-0.658767	-0.397295
0.249419	0.614140
-0.559851	-0.416553
-0.116989	0.016364
-0.227059	-0.162219
-0.468901	-0.400067
0.140629	0.413925
-0.670991	-0.390225
0.186708	0.491537
-0.509413	-0.409936
-0.180857	-0.083797
-0.164811	-0.058020
-0.522762	-0.412169
0.202694	0.519218
-0.669246	-0.391347
0.124123	0.386948
-0.453761	-0.395529
-0.243628	-0.189828
-0.099386	0.042239
-0.572390	-0.416753
0.265798	0.655747
-0.653057	-0.400218
0.055420	0.275264
-0.388955	-0.364973
-0.311907	-0.292687
-0.026162	0.149664
-0.617486	-0.412200
0.316870	0.931644
-0.620701	-0.411505
-0.020064	0.159023
-0.317613	-0.300116
-0.383388	-0.361269
0.049566	0.265809
-0.651063	-0.401033
0.270819	0.670498
-0.576224	-0.416779
-0.093818	0.050648
-0.248840	-0.198934
-0.448944	-0.393707
0.118929	0.377950
-0.668515	-0.391792
0.207667	0.528642
-0.526840	-0.413073
-0.159804	-0.049623
-0.185802	-0.092377
-0.505217	-0.408932
0.181774	0.482739
-0.671346	-0.390010
0.145667	0.422434
-0.473466	-0.401587
-0.222002	-0.153121
-0.122324	0.007770
-0.555927	-0.416086
0.244334	0.601992
-0.660311	-0.396551
0.079607	0.314166
-0.411942	-0.378211
-0.288098	-0.260281
-0.051683	0.112204
-0.603107	-0.414720
0.304535	0.807689
-0.633367	-0.408012
0.005800	0.198170
-0.341919	-0.326983
-0.359430	-0.342883
0.024328	0.226222
-0.641447	-0.405022
0.291321	0.742148
-0.592109	-0.416071
-0.069655	0.085914
-0.271370	-0.235494
-0.427854	-0.385485
0.096421	0.341117
-0.664382	-0.394230
0.228882	0.569193
-0.543861	-0.415216
-0.138284	-0.016218
-0.206747	-0.127667
-0.487054	-0.404972
0.160874	0.447414
-0.671895	-0.389645
0.166727	0.457598
-0.492203	-0.406385
-0.200880	-0.117366
-0.144362	-0.025745
-0.539139	-0.414419
0.222925	0.557060
-0.665711	-0.393511
0.102802	0.351775
-0.433864	-0.388112
-0.264994	-0.225124
-0.076503	0.075742
-0.587734	-0.416320
0.285764	0.719954
-0.644325	-0.404026
0.031448	0.237570
-0.366178	-0.348620
-0.335114	-0.319536
-0.001424	0.186741
-0.629990	-0.408947
0.308989	0.837889
-0.607240	-0.414300
-0.044609	0.122743
-0.294687	-0.270008
-0.405619	-0.374718
0.072947	0.303165
-0.658475	-0.397443
0.250344	0.616212
-0.560562	-0.416547
-0.116013	0.017787
-0.227982	-0.163813
-0.468065	-0.399821
0.139709	0.412417
-0.670917	-0.390275
0.187606	0.492888
-0.510173	-0.410116
-0.179957	-0.082365
-0.165719	-0.059468
-0.522018	-0.412024
0.201791	0.517690
-0.669369	-0.391285
0.125063	0.388481
-0.454631	-0.395785
-0.242685	-0.188308
-0.100393	0.040528
-0.571690	-0.416668
0.264881	0.653236
-0.653408	-0.400041
0.056480	0.277126
-0.389962	-0.365774
-0.310872	-0.291286
-0.027269	0.148066
-0.616893	-0.412309
0.316654	0.926274
-0.621278	-0.411385
-0.018954	0.160925
-0.318654	-0.301210
-0.382371	-0.360449
0.048497	0.263944
-0.650689	-0.401219
0.271727	0.673315
-0.576919	-0.416840
-0.092800	0.052036
-0.249792	-0.200421
-0.448061	-0.393447
0.117979	0.376409
-0.668372	-0.391864
0.208574	0.530133
-0.527579	-0.413027
-0.158890	-0.048173
-0.186701	-0.093800
-0.504451	-0.408740
0.180877	0.481095
-0.671401	-0.389972
0.146580	0.423929
-0.474290	-0.401827
-0.221086	-0.151799
-0.123289	0.006339
-0.555212	-0.416071
0.243409	0.600079
-0.660580	-0.396413
0.080624	0.315725
-0.412908	-0.378729
-0.287089	-0.258735
-0.052766	0.110570
-0.602464	-0.414901
0.303808	0.803330
-0.633875	-0.407788
0.006910	0.199740
-0.342966	-0.327955
-0.358389	-0.341981
0.023229	0.224659
-0.640991	-0.405236
0.292159	0.745527
-0.592777	-0.416053
-0.068595	0.087574
-0.272357	-0.236854
-0.426922	-0.384987
0.095432	0.339561
-0.664166	-0.394379
0.229801	0.571256
-0.544585	-0.415279
-0.137344	-0.014772
-0.207652	-0.129038
-0.486257	-0.404746
0.159972	0.445958
-0.671884	-0.389652
0.167627	0.459031
-0.492990	-0.406408
-0.199978	-0.115673
-0.145292	-0.027195
-0.538410	-0.414333
0.222010	0.555423
-0.665903	-0.393378
0.103778	0.353620
-0.434781	-0.388602
-0.264019	-0.223436
-0.077551	0.074069
-0.587055	-0.416314
0.284894	0.716707
-0.644754	-0.403819
0.032539	0.239438
-0.367214	-0.349492
-0.334067	-0.318527
-0.002536	0.185166
-0.629459	-0.409080
0.309627	0.842882
-0.607869	-0.414104
-0.043516	0.124364
-0.295706	-0.271506
-0.404639	-0.374188
0.071916	0.301305
-0.658179	-0.397593
0.251269	0.618500
-0.561273	-0.416537
-0.115035	0.019209
-0.228907	-0.165402
-0.467227	-0.399574
0.138788	0.410907
-0.670841	-0.390328
0.188504	0.494498
-0.510932	-0.410294
-0.179057	-0.080931
-0.166626	-0.060915
-0.521273	-0.411877
0.200888	0.516156
-0.669489	-0.391202
0.126002	0.390014
-0.455498	-0.396041
-0.241742	-0.186784
-0.101397	0.039128
-0.570989	-0.416725
0.263963	0.650711
-0.653756	-0.399866
0.057537	0.278686
-0.390968	-0.366333
-0.309837	-0.290149
-0.028375	0.146466
-0.616298	-0.412418
0.316388	0.920437
-0.621851	-0.411265
-0.017843	0.162515
-0.319694	-0.302565
-0.381352	-0.359870
0.047425	0.262384
-0.650311	-0.401406
0.272634	0.675907
-0.577612	-0.416756
-0.091779	0.053735
-0.250746	-0.202192
-0.447176	-0.392971
0.117028	0.374867
-0.668226	-0.391965
0.209480	0.531871
-0.528317	-0.413153
-0.157976	-0.046722
-0.187600	-0.095221
-0.503683	-0.408733
0.179980	0.479713
-0.671453	-0.389936
0.147493	0.425423
-0.475112	-0.402067
-0.220170	-0.150176
-0.124252	0.004907
-0.554496	-0.416053
0.242485	0.597923
-0.660846	-0.396230
0.081640	0.317582
-0.413871	-0.379245
-0.286081	-0.257461
-0.053849	0.108936
-0.601819	-0.414961
0.303072	0.798897
-0.634380	-0.407651
0.008020	0.201619
-0.344013	-0.328922
-0.357347	-0.341075
0.022129	0.222787
-0.640532	-0.405371
0.292992	0.749222
-0.593444	-0.416032
-0.067534	0.089233
-0.273345	-0.238491
-0.425987	-0.384713
0.094441	0.338005
-0.663946	-0.394491
0.230720	0.573068
-0.545309	-0.415339
-0.136402	-0.013328
-0.208557	-0.130707
-0.485457	-0.404519
0.159069	0.444498
-0.671871	-0.389659
0.168526	0.460462
-0.493776	-0.406623
-0.199077	-0.114279
-0.146221	-0.028644
-0.537681	-0.414244
0.221096	0.553533
-0.666092	-0.393282
0.104751	0.355172
-0.435695	-0.388870
-0.263045	-0.221742
-0.078596	0.072707
-0.586376	-0.416304
0.284021	0.713621
-0.645181	-0.403687
0.033629	0.240999
-0.368248	-0.350361
-0.333020	-0.317513
-0.003649	0.183589
-0.628925	-0.409212
0.310250	0.847868
-0.608495	-0.414022
-0.042422	0.125983
-0.296726	-0.272999
-0.403657	-0.373657
0.070882	0.299745
-0.657880	-0.397745
0.252193	0.620775
-0.561983	-0.416524
-0.114056	0.020630
-0.229832	-0.166988
-0.466387	-0.399326
0.137867	0.409112
-0.670761	-0.390367
0.189402	0.496103
-0.511689	-0.410470
-0.178156	-0.079496
-0.167533	-0.062362
-0.520527	-0.411728
0.199986	0.514358
-0.669606	-0.391121
0.126939	0.391545
-0.456363	-0.396507
-0.240802	-0.185256
-0.102400	0.037726
-0.570288	-0.416633
0.263044	0.648169
-0.654100	-0.399693
0.058593	0.280549
-0.391973	-0.366889
-0.308804	-0.288736
-0.029481	0.144864
-0.615700	-0.412524
0.316077	0.914386
-0.622422	-0.411143
-0.016732	0.164103
-0.320736	-0.303914
-0.380333	-0.359044
0.046353	0.260825
-0.649930	-0.401529
0.273540	0.678687
-0.578305	-0.416810
-0.090757	0.055120
-0.251701	-0.203669
-0.446289	-0.392710
0.116076	0.373324
-0.668077	-0.392040
0.210387	0.533603
-0.529055	-0.413276
-0.157061	-0.045271
-0.188499	-0.096945
-0.502914	-0.408537
0.179083	0.478060
-0.671502	-0.389902
0.148404	0.426914
-0.475933	-0.402306
-0.219255	-0.148550
-0.125214	0.003474
-0.553779	-0.415876
0.241561	0.595756
-0.661109	-0.396096
0.082654	0.319141
-0.414833	-0.379759
-0.285075	-0.255902
-0.054930	0.107299
-0.601173	-0.415018
0.302326	0.794696
-0.634881	-0.407514
0.009130	0.203188
-0.345059	-0.329884
-0.356305	-0.340165
0.021028	0.221223
-0.640070	-0.405587
0.293820	0.752878
-0.594110	-0.415881
-0.066470	0.090576
-0.274334	-0.239840
-0.425049	-0.384213
0.093449	0.336448
-0.663723	-0.394605
0.231639	0.574872
-0.546032	-0.415396
-0.135459	-0.011573
-0.209463	-0.132074
-0.484656	-0.404291
0.158166	0.443036
-0.671855	-0.389669
0.169424	0.462161
-0.494560	-0.406837
-0.198177	-0.112883
-0.147149	-0.030094
-0.536951	-0.414153
0.220183	0.551882
-0.666278	-0.393153
0.105723	0.356723
-0.436608	-0.389357
-0.262072	-0.220327
-0.079640	0.071030
-0.585696	-0.416424
0.283144	0.710318
-0.645604	-0.403482
0.034718	0.242866
-0.369281	-0.351225
-0.331974	-0.316231
-0.004761	0.181701
-0.628387	-0.409438
0.310858	0.853075
-0.609120	-0.413937
-0.041326	0.127601
-0.297747	-0.274210
-0.402673	-0.373123
0.069847	0.298185
-0.657577	-0.397898
0.253118	0.623038
-0.562693	-0.416659
-0.113074	0.022049
-0.230758	-0.168569
-0.465546	-0.399078
0.136944	0.407598
-0.670679	-0.390424
0.190301	0.497703
-0.512446	-0.410461
-0.177255	-0.078059
-0.168439	-0.063808
-0.519780	-0.411755
0.199084	0.512813
-0.669720	-0.391063
0.127875	0.393075
-0.457226	-0.396761
-0.239862	-0.183430
-0.103401	0.036322
-0.569585	-0.416683
0.262124	0.645829
-0.654440	-0.399521
0.059648	0.282108
-0.392975	-0.367682
-0.307771	-0.287316
-0.030586	0.143262
-0.615100	-0.412737
0.315726	0.908295
-0.622990	-0.410920
-0.015620	0.165691
-0.321778	-0.304991
-0.379311	-0.358459
0.045278	0.258960
-0.649545	-0.401718
0.274443	0.681651
-0.578997	-0.416859
-0.089733	0.056502
-0.252658	-0.205140
-0.445400	-0.392449
0.115121	0.371780
-0.667925	-0.392144
0.211295	0.535328
-0.529792	-0.413397
-0.156145	-0.043820
-0.189398	-0.098362
-0.502144	-0.408340
0.178186	0.476671
-0.671549	-0.389879
0.149315	0.428402
-0.476752	-0.402544
-0.218341	-0.146919
-0.126174	0.002039
-0.553062	-0.415851
0.240637	0.593812
-0.661369	-0.395963
0.083667	0.320700
-0.415793	-0.380043
-0.284070	-0.254337
-0.056010	0.105661
-0.600524	-0.415072
0.301572	0.790584
-0.635379	-0.407290
0.010239	0.204757
-0.346106	-0.331099
-0.355262	-0.339251
0.019926	0.219351
-0.639604	-0.405723
0.294643	0.756495
-0.594774	-0.415853
-0.065405	0.092231
-0.275326	-0.241465
-0.424110	-0.383937
0.092455	0.334596
-0.663496	-0.394720
0.232560	0.576908
-0.546755	-0.415451
-0.134515	-0.010130
-0.210369	-0.133737
-0.483853	-0.404062
0.157262	0.441295
-0.671836	-0.389682
0.170323	0.463584
-0.495342	-0.407049
-0.197277	-0.111183
-0.148075	-0.031545
-0.536220	-0.414058
0.219270	0.549976
-0.666460	-0.393060
0.106693	0.358274
-0.437518	-0.389624
-0.261101	-0.218621
-0.080682	0.069664
-0.585014	-0.416408
0.282264	0.707373
-0.646023	-0.403279
0.035806	0.244427
-0.370314	-0.351839
-0.330927	-0.315206
-0.005874	0.180123
-0.627847	-0.409569
0.311449	0.858242
-0.609742	-0.413850
-0.040230	0.129218
-0.298769	-0.275690
-0.401687	-0.372588
0.068810	0.296325
-0.657271	-0.398053
0.254042	0.625288
-0.563402	-0.416640
-0.112091	0.023467
-0.231686	-0.170146
-0.464702	-0.398829
0.136020	0.406083
-0.670593	-0.390482
0.191199	0.499298
-0.513201	-0.410634
-0.176354	-0.076316
-0.169345	-0.065254
-0.519033	-0.411601
0.198183	0.511262
-0.669831	-0.390986
0.128810	0.394603
-0.458087	-0.397015
-0.238924	-0.181891
-0.104400	0.034605
-0.568882	-0.416730
0.261204	0.643257
-0.654777	-0.399351
0.060700	0.283668
-0.393977	-0.368234
-0.306740	-0.286162
-0.031690	0.141658
-0.614497	-0.412840
0.315341	0.902172
-0.623555	-0.410796
-0.014508	0.167277
-0.322820	-0.306328
-0.378289	-0.357627
0.044202	0.257400
-0.649157	-0.401910
0.275345	0.684391
-0.579688	-0.416767
-0.088707	0.058196
-0.253616	-0.206896
-0.444509	-0.392187
0.114166	0.370236
-0.667770	-0.392223
0.212203	0.537046
-0.530528	-0.413514
-0.155228	-0.042369
-0.190297	-0.099779
-0.501372	-0.408141
0.177289	0.475010
-0.671593	-0.389848
0.150225	0.429889
-0.477569	-0.402580
-0.217428	-0.145285
-0.127132	0.000604
-0.552344	-0.415824
0.239714	0.591859
-0.661624	-0.395832
0.084677	0.322259
-0.416750	-0.380555
-0.283066	-0.253045
-0.057088	0.104021
-0.599874	-0.415123
0.300810	0.786411
-0.635874	-0.407153
0.011347	0.206634
-0.347152	-0.332052
-0.354218	-0.338332
0.018823	0.217786
-0.639135	-0.405941
0.295459	0.760242
-0.595436	-0.415823
-0.064339	0.093885
-0.276318	-0.243084
-0.423169	-0.383435
0.091459	0.333038
-0.663266	-0.394878
0.233480	0.578695
-0.547477	-0.415502
-0.133568	-0.008687
-0.211277	-0.135097
-0.483049	-0.403832
0.156357	0.439828
-0.671814	-0.389697
0.171221	0.465005
-0.496124	-0.407259
-0.196376	-0.109782
-0.149001	-0.032995
-0.535489	-0.413961
0.218357	0.548310
-0.666640	-0.392936
0.107662	0.359824
-0.438426	-0.390109
-0.260132	-0.217196
-0.081722	0.067984
-0.584331	-0.416522
0.281381	0.704211
-0.646439	-0.403148
0.036892	0.245988
-0.371345	-0.352697
-0.329882	-0.313913
-0.006987	0.178544
-0.627304	-0.409699
0.312023	0.863580
-0.610362	-0.413760
-0.039133	0.130833
-0.299793	-0.277164
-0.400700	-0.372052
0.067771	0.294765
-0.656962	-0.398210
0.254967	0.627526
-0.564111	-0.416617
-0.111106	0.024884
-0.232614	-0.171718
-0.463856	-0.398580
0.135095	0.404565
-0.670505	-0.390542
0.192098	0.500888
-0.513956	-0.410804
-0.175452	-0.074878
-0.170250	-0.066698
-0.518284	-0.411445
0.197282	0.509706
-0.669940	-0.390911
0.129743	0.396130
-0.458946	-0.397268
-0.237987	-0.180348
-0.105397	0.033198
-0.568178	-0.416627
0.260283	0.640888
-0.655110	-0.399183
0.061751	0.285530
-0.394976	-0.368784
-0.305709	-0.284730
-0.032793	0.139740
-0.613892	-0.412942
0.314923	0.896175
-0.624118	-0.410670
-0.013396	0.169174
-0.323864	-0.307394
-0.377265	-0.356792
0.043125	0.255534
-0.648765	-0.402103
0.276245	0.687313
-0.580378	-0.416809
-0.087679	0.059576
-0.254576	-0.208357
-0.443615	-0.391707
0.113208	0.368690
-0.667612	-0.392331
0.213112	0.538757
-0.531264	-0.413630
-0.154310	-0.040918
-0.191196	-0.101193
-0.500599	-0.407940
0.176391	0.473613
-0.671634	-0.389820
0.151134	0.431373
-0.478385	-0.402816
-0.216516	-0.143946
-0.128089	-0.000833
-0.551626	-0.415793
0.238791	0.589897
-0.661877	-0.395703
0.085685	0.324115
-0.417706	-0.381066
-0.282064	-0.251468
-0.058165	0.102693
-0.599223	-0.415294
0.300039	0.782335
-0.636366	-0.406930
0.012455	0.208202
-0.348199	-0.333000
-0.353174	-0.337409
0.017719	0.215913
-0.638662	-0.406077
0.296270	0.763946
-0.596097	-0.415665
-0.063270	0.095536
-0.277312	-0.244416
-0.422226	-0.382931
0.090461	0.331481
-0.663033	-0.394997
0.234401	0.580712
-0.548198	-0.415550
-0.132621	-0.007245
-0.212184	-0.136754
-0.482243	-0.403601
0.155452	0.438357
-0.671790	-0.389713
0.172119	0.466693
-0.496904	-0.407468
-0.195477	-0.108077
-0.149925	-0.034446
-0.534757	-0.414030
0.217445	0.546638
-0.666816	-0.392846
0.108629	0.361374
-0.439332	-0.390375
-0.259164	-0.215478
-0.082760	0.066614
-0.583648	-0.416499
0.280496	0.701218
-0.646851	-0.402947
0.037978	0.247854
-0.372376	-0.353551
-0.328836	-0.312878
-0.008100	0.176653
-0.626758	-0.409829
0.312578	0.868949
-0.610980	-0.413557
-0.038035	0.132446
-0.300817	-0.278357
-0.399710	-0.371277
0.066730	0.293205
-0.656649	-0.398368
0.255890	0.629751
-0.564818	-0.416741
-0.110120	0.026611
-0.233544	-0.173287
-0.463009	-0.398330
0.134169	0.403047
-0.670414	-0.390588
0.192997	0.502473
-0.514709	-0.410972
-0.174550	-0.073438
-0.171154	-0.068449
-0.517535	-0.411287
0.196381	0.508145
-0.670045	-0.390839
0.130675	0.397656
-0.459803	-0.397521
-0.237052	-0.178801
-0.106393	0.031790
-0.567474	-0.416667
0.259361	0.638505
-0.655440	-0.399016
0.062800	0.287090
-0.395974	-0.369332
-0.304680	-0.283292
-0.033896	0.138133
-0.613285	-0.413042
0.314477	0.890180
-0.624678	-0.410544
-0.012284	0.170758
-0.324907	-0.308720
-0.376240	-0.356198
0.042046	0.253974
-0.648370	-0.402229
0.277142	0.690214
-0.581066	-0.416711
-0.086649	0.061266
-0.255537	-0.210101
-0.442719	-0.391444
0.112249	0.367144
-0.667451	-0.392442
0.214021	0.540462
-0.531999	-0.413742
-0.153391	-0.039466
-0.192095	-0.102908
-0.499826	-0.407737
0.175494	0.471943
-0.671672	-0.389794
0.152042	0.433133
-0.479198	-0.403052
-0.215605	-0.142305
-0.129044	-0.002270
-0.550907	-0.415759
0.237868	0.587688
-0.662126	-0.395531
0.086692	0.325673
-0.418659	-0.381575
-0.281063	-0.249884
-0.059240	0.101050
-0.598569	-0.415341
0.299261	0.778364
-0.636855	-0.406793
0.013562	0.210078
-0.349244	-0.333944
-0.352130	-0.336482
0.016614	0.214347
-0.638186	-0.406214
0.297075	0.767775
-0.596757	-0.415629
-0.062201	0.096872
-0.278308	-0.246023
-0.421280	-0.382426
0.089461	0.329923
-0.662797	-0.395117
0.235322	0.582720
-0.548919	-0.415755
-0.131672	-0.005804
-0.213093	-0.138407
-0.481436	-0.403567
0.154546	0.436885
-0.671762	-0.389732
0.173017	0.468106
-0.497683	-0.407485
-0.194577	-0.106672
-0.150848	-0.035897
-0.534025	-0.413927
0.216534	0.544959
-0.666989	-0.392727
0.109594	0.362922
-0.440236	-0.390640
-0.258197	-0.214042
-0.083797	0.064930
-0.582963	-0.416472
0.279607	0.698202
-0.647260	-0.402818
0.039061	0.249415
-0.373405	-0.354402
-0.327791	-0.311574
-0.009213	0.175073
